   7.6519902219360230E-012
   105.47714264488314     
   193.98034947635057     
   268.22960591333128     
   330.64969875687342     
   383.32742112883011     
   427.99893566453449     
   466.08188022337816     
   498.72132472855105     
   526.84251345288681     
   551.19167515820925     
   572.37664462785108     
   590.89060107334456     
   607.14149179699336     
   621.46451406116228     
   634.13941533071522     
   645.39719529742842     
   655.43309214732574     
   664.41235093941771     
   672.47670806912640     
   679.73866161274304     
   686.30267169662409     
   692.25481147118080     
   697.66455097955486     
   702.59780337636539     
   707.10799098448626     
   711.24122829074986     
   715.03757442780159     
   718.53087114265691     
   721.75142419593101     
   724.72481021578176     
   727.47297596659473     
   730.01893223055140     
   732.37464362876926     
   734.56108038791467     
   736.58482850970972     
   738.46081928541696     
   740.20184867877822     
   741.81308884233249     
   743.30500216173436     
   744.68264421296385     
   745.95519798202599     
   747.12529547597842     
   748.20327054577388     
   749.18929610425960     
   750.09248941077647     
   750.91156088888806     
   751.65432805290334     
   752.32469002504581     
   752.92486460744703     
   753.45634132690168     
   753.92342724102900     
   754.32946728886793     
   754.67682449001700     
   754.96893214715737     
   755.20591328612136     
   755.39053258899946     
   755.52819989402258     
   755.61538881023512     
   755.66018148080434     
   755.65731422420845     
   755.61479669270329     
   755.53271789274936     
   755.41188166154836     
   755.25477527209205     
   755.06104906167184     
   754.83564161972913     
   754.57719888552936     
   754.28630938293020     
   753.96651824936350     
   753.62047464822297     
   753.24475836796478     
   752.84558341287141     
   752.42006081174702     
   751.96975715677706     
   751.50260484378759     
   751.01091115240911     
   750.49738557633748     
   749.96804759065003     
   749.41805551084451     
   748.85086308647578     
   748.26797036313440     
   747.66979926218880     
   747.05444903918840     
   746.42696946666490     
   745.78559024406036     
   745.13310079850783     
   744.46631653336419     
   743.78939831404659     
   743.10154414618819     
   742.40572170688517     
   741.69963303223608     
   740.98580282082219     
   740.26374906646481     
   739.53380157939398     
   738.79673363879954     
   738.05232695227244     
   737.30297290013732     
   736.54912144013008     
   735.79011490376627     
