250.5	7.773e-19
251.5	7.379e-19
252.5	6.985e-19
253.5	6.591e-19
254.5	6.197e-19
255.5	5.871e-19
256.5	5.613e-19
257.5	5.355e-19
258.5	5.097e-19
259.5	4.839e-19
260.5	4.628e-19
261.5	4.464e-19
262.5	4.3e-19
263.5	4.136e-19
264.5	3.972e-19
265.5	3.839e-19
266.5	3.737e-19
267.5	3.635e-19
268.5	3.533e-19
269.5	3.431e-19
270.5	3.347e-19
271.5	3.281e-19
272.5	3.215e-19
273.5	3.149e-19
274.5	3.083e-19
275.5	3.024e-19
276.5	2.972e-19
277.5	2.92e-19
278.5	2.868e-19
279.5	2.816e-19
280.5	2.767e-19
281.5	2.721e-19
282.5	2.675e-19
283.5	2.629e-19
284.5	2.583e-19
285.5	2.536e-19
286.5	2.488e-19
287.5	2.44e-19
288.5	2.392e-19
289.5	2.344e-19
290.5	2.296e-19
291.5	2.248e-19
292.5	2.2e-19
293.5	2.152e-19
294.5	2.104e-19
295.5	2.058e-19
296.5	2.014e-19
297.5	1.97e-19
298.5	1.926e-19
299.5	1.882e-19
300.5	1.839e-19
301.5	1.797e-19
302.5	1.755e-19
303.5	1.713e-19
304.5	1.671e-19
305.5	1.63e-19
306.5	1.59e-19
307.5	1.55e-19
308.5	1.51e-19
309.5	1.47e-19
310.5	1.432e-19
311.5	1.396e-19
312.5	1.36e-19
313.5	1.324e-19
314.5	1.288e-19
315.5	1.256e-19
316.5	1.228e-19
317.5	1.2e-19
318.5	1.172e-19
319.5	1.144e-19
320.5	1.119e-19
321.5	1.097e-19
322.5	1.075e-19
323.5	1.053e-19
324.5	1.031e-19
325.5	1.0112e-19
326.5	9.936e-20
327.5	9.76e-20
328.5	9.584e-20
329.5	9.408e-20
330.5	9.25e-20
331.5	9.11e-20
332.5	8.97e-20
333.5	8.83e-20
334.5	8.69e-20
335.5	8.564e-20
336.5	8.452e-20
337.5	8.34e-20
338.5	8.228e-20
339.5	8.116e-20
340.5	8.011e-20
341.5	7.913e-20
342.5	7.815e-20
343.5	7.717e-20
344.5	7.619e-20
345.5	7.514e-20
346.5	7.402e-20
347.5	7.29e-20
348.5	7.178e-20
349.5	7.066e-20
350.5	6.961e-20
351.5	6.863e-20
352.5	6.765e-20
353.5	6.667e-20
354.5	6.569e-20
355.5	6.467e-20
356.5	6.361e-20
357.5	6.255e-20
358.5	6.149e-20
359.5	6.043e-20
360.5	5.934e-20
361.5	5.822e-20
362.5	5.71e-20
363.5	5.598e-20
364.5	5.486e-20
365.5	5.376e-20
366.5	5.268e-20
367.5	5.16e-20
368.5	5.052e-20
369.5	4.944e-20
370.5	4.836e-20
371.5	4.728e-20
372.5	4.62e-20
373.5	4.512e-20
374.5	4.404e-20
375.5	4.3e-20
376.5	4.2e-20
377.5	4.1e-20
378.5	4e-20
379.5	3.9e-20
380.5	3.802e-20
381.5	3.706e-20
382.5	3.61e-20
383.5	3.514e-20
384.5	3.418e-20
385.5	3.33e-20
386.5	3.25e-20
387.5	3.17e-20
388.5	3.09e-20
389.5	3.01e-20
390.5	2.932e-20
391.5	2.856e-20
392.5	2.78e-20
393.5	2.704e-20
394.5	2.628e-20
395.5	2.559e-20
396.5	2.497e-20
397.5	2.435e-20
398.5	2.373e-20
399.5	2.311e-20
400.5	2.253e-20
401.5	2.199e-20
402.5	2.145e-20
403.5	2.091e-20
404.5	2.037e-20
405.5	1.99e-20
406.5	1.95e-20
407.5	1.91e-20
408.5	1.87e-20
409.5	1.83e-20
410.5	1.794e-20
411.5	1.762e-20
412.5	1.73e-20
413.5	1.698e-20
414.5	1.666e-20
415.5	1.635e-20
416.5	1.605e-20
417.5	1.575e-20
418.5	1.545e-20
419.5	1.515e-20
420.5	1.488e-20
421.5	1.464e-20
422.5	1.44e-20
423.5	1.416e-20
424.5	1.392e-20
425.5	1.371e-20
426.5	1.353e-20
427.5	1.335e-20
428.5	1.317e-20
429.5	1.299e-20
430.5	1.281e-20
431.5	1.263e-20
432.5	1.245e-20
433.5	1.227e-20
434.5	1.209e-20
435.5	1.191e-20
436.5	1.173e-20
437.5	1.155e-20
438.5	1.137e-20
439.5	1.119e-20
440.5	1.102e-20
441.5	1.086e-20
442.5	1.07e-20
443.5	1.054e-20
444.5	1.038e-20
445.5	1.0198e-20
446.5	9.994e-21
447.5	9.79e-21
448.5	9.586e-21
449.5	9.382e-21
450.5	9.183e-21
451.5	8.989e-21
452.5	8.795e-21
453.5	8.601e-21
454.5	8.407e-21
455.5	8.221e-21
456.5	8.043e-21
457.5	7.865e-21
458.5	7.687e-21
459.5	7.509e-21
460.5	7.33e-21
461.5	7.15e-21
462.5	6.97e-21
463.5	6.79e-21
464.5	6.61e-21
465.5	6.434e-21
466.5	6.262e-21
467.5	6.09e-21
468.5	5.918e-21
469.5	5.746e-21
470.5	5.555e-21
471.5	5.345e-21
472.5	5.135e-21
473.5	4.925e-21
474.5	4.715e-21
475.5	4.541e-21
476.5	4.403e-21
477.5	4.265e-21
478.5	4.127e-21
479.5	3.989e-21
480.5	3.925e-21
481.5	3.935e-21
482.5	3.945e-21
483.5	3.955e-21
484.5	3.965e-21
485.5	3.822e-21
486.5	3.526e-21
487.5	3.23e-21
488.5	2.934e-21
489.5	2.638e-21
490.5	2.448e-21
491.5	2.364e-21
492.5	2.28e-21
493.5	2.196e-21
494.5	2.112e-21
495.5	2.013e-21
496.5	1.899e-21
497.5	1.785e-21
498.5	1.671e-21
499.5	1.557e-21
500.5	0
501.5	0
502.5	0
503.5	0
504.5	0
505.5	0
506.5	0
507.5	0
508.5	0
509.5	0
510.5	0
511.5	0
512.5	0
513.5	0
514.5	0
515.5	0
516.5	0
517.5	0
518.5	0
519.5	0
520.5	0
521.5	0
522.5	0
523.5	0
524.5	0
525.5	0
526.5	0
527.5	0
528.5	0
529.5	0
530.5	0
531.5	0
532.5	0
533.5	0
534.5	0
535.5	0
536.5	0
537.5	0
538.5	0
539.5	0
540.5	0
541.5	0
542.5	0
543.5	0
544.5	0
545.5	0
546.5	0
547.5	0
548.5	0
549.5	0
550.5	0
551.5	0
552.5	0
553.5	0
554.5	0
555.5	0
556.5	0
557.5	0
558.5	0
559.5	0
560.5	0
561.5	0
562.5	0
563.5	0
564.5	0
565.5	0
566.5	0
567.5	0
568.5	0
569.5	0
570.5	0
571.5	0
572.5	0
573.5	0
574.5	0
575.5	0
576.5	0
577.5	0
578.5	0
579.5	0
580.5	0
581.5	0
582.5	0
583.5	0
584.5	0
585.5	0
586.5	0
587.5	0
588.5	0
589.5	0
590.5	0
591.5	0
592.5	0
593.5	0
594.5	0
595.5	0
596.5	0
597.5	0
598.5	0
599.5	0
600.5	0
601.5	0
602.5	0
603.5	0
604.5	0
605.5	0
606.5	0
607.5	0
608.5	0
609.5	0
610.5	0
611.5	0
612.5	0
613.5	0
614.5	0
615.5	0
616.5	0
617.5	0
618.5	0
619.5	0
620.5	0
621.5	0
622.5	0
623.5	0
624.5	0
625.5	0
626.5	0
627.5	0
628.5	0
629.5	0
630.5	0
631.5	0
632.5	0
633.5	0
634.5	0
635.5	0
636.5	0
637.5	0
638.5	0
639.5	0
640.5	0
641.5	0
642.5	0
643.5	0
644.5	0
645.5	0
646.5	0
647.5	0
648.5	0
649.5	0
650.5	0
651.5	0
652.5	0
653.5	0
654.5	0
655.5	0
656.5	0
657.5	0
658.5	0
659.5	0
660.5	0
661.5	0
662.5	0
663.5	0
664.5	0
665.5	0
666.5	0
667.5	0
668.5	0
669.5	0
670.5	0
671.5	0
672.5	0
673.5	0
674.5	0
675.5	0
676.5	0
677.5	0
678.5	0
679.5	0
680.5	0
681.5	0
682.5	0
683.5	0
684.5	0
685.5	0
686.5	0
687.5	0
688.5	0
689.5	0
690.5	0
691.5	0
692.5	0
693.5	0
694.5	0
695.5	0
696.5	0
697.5	0
698.5	0
699.5	0
701	0
711	0
721	0
731	0
741	0
751	0
761	0
771	0
781	0
791	0
801	0
821	0
841	0
861	0
881	0
901	0
921	0
941	0
961	0
981	0
1002.5	0
1052.5	0
1102.5	0
1152.5	0
1202.5	0
1252.5	0
1302.5	0
1352.5	0
1402.5	0
1452.5	0
1502.5	0
1552.5	0
1602.5	0
1652.5	0
1702.5	0
1752.5	0
1802.5	0
1852.5	0
1902.5	0
1952.5	0
2002.5	0
2107.5	0
2212.5	0
2302.5	0
2402.5	0
2517.5	0
2617.5	0
2702.5	0
2832.5	0
3025	0
3235	0
3425	0
3665	0
3855	0
4085	0
4575	0
5085	0
5925	0
7785	0
10075	0
