
 2.50500000e+02 	 2.41000000e-21
 2.51500000e+02 	 2.32500000e-21
 2.52500000e+02 	 2.32500000e-21
 2.53500000e+02 	 2.41000000e-21
 2.54500000e+02 	 2.49500000e-21
 2.55500000e+02 	 2.66500000e-21
 2.56500000e+02 	 2.75000000e-21
 2.57500000e+02 	 2.84000000e-21
 2.58500000e+02 	 3.01500000e-21
 2.59500000e+02 	 3.18500000e-21
 2.60500000e+02 	 3.44000000e-21
 2.61500000e+02 	 3.70000000e-21
 2.62500000e+02 	 3.87500000e-21
 2.63500000e+02 	 4.13000000e-21
 2.64500000e+02 	 4.47500000e-21
 2.65500000e+02 	 4.82000000e-21
 2.66500000e+02 	 5.16500000e-21
 2.67500000e+02 	 5.51000000e-21
 2.68500000e+02 	 5.94000000e-21
 2.69500000e+02 	 6.37000000e-21
 2.70500000e+02 	 6.80000000e-21
 2.71500000e+02 	 7.31500000e-21
 2.72500000e+02 	 7.83000000e-21
 2.73500000e+02 	 8.43500000e-21
 2.74500000e+02 	 9.03500000e-21
 2.75500000e+02 	 9.63500000e-21
 2.76500000e+02 	 1.03900000e-20
 2.77500000e+02 	 1.11500000e-20
 2.78500000e+02 	 1.19500000e-20
 2.79500000e+02 	 1.28500000e-20
 2.80500000e+02 	 1.37000000e-20
 2.81500000e+02 	 1.45500000e-20
 2.82500000e+02 	 1.55000000e-20
 2.83500000e+02 	 1.65000000e-20
 2.84500000e+02 	 1.75500000e-20
 2.85500000e+02 	 1.86000000e-20
 2.86500000e+02 	 1.97000000e-20
 2.87500000e+02 	 2.09000000e-20
 2.88500000e+02 	 2.22000000e-20
 2.89500000e+02 	 2.36000000e-20
 2.90500000e+02 	 2.49000000e-20
 2.91500000e+02 	 2.61000000e-20
 2.92500000e+02 	 2.74000000e-20
 2.93500000e+02 	 2.87000000e-20
 2.94500000e+02 	 3.00500000e-20
 2.95500000e+02 	 3.16000000e-20
 2.96500000e+02 	 3.31500000e-20
 2.97500000e+02 	 3.47500000e-20
 2.98500000e+02 	 3.63000000e-20
 2.99500000e+02 	 3.78500000e-20
 3.00500000e+02 	 3.95500000e-20
 3.01500000e+02 	 4.12000000e-20
 3.02500000e+02 	 4.27500000e-20
 3.03500000e+02 	 4.43000000e-20
 3.04500000e+02 	 4.58500000e-20
 3.05500000e+02 	 4.74000000e-20
 3.06500000e+02 	 4.89000000e-20
 3.07500000e+02 	 5.04500000e-20
 3.08500000e+02 	 5.21500000e-20
 3.09500000e+02 	 5.37000000e-20
 3.10500000e+02 	 5.51000000e-20
 3.11500000e+02 	 5.65500000e-20
 3.12500000e+02 	 5.80000000e-20
 3.13500000e+02 	 5.94500000e-20
 3.14500000e+02 	 6.08000000e-20
 3.15500000e+02 	 6.21000000e-20
 3.16500000e+02 	 6.35000000e-20
 3.17500000e+02 	 6.48000000e-20
 3.18500000e+02 	 6.58500000e-20
 3.19500000e+02 	 6.66500000e-20
 3.20500000e+02 	 6.73000000e-20
 3.21500000e+02 	 6.79500000e-20
 3.22500000e+02 	 6.84000000e-20
 3.23500000e+02 	 6.86500000e-20
 3.24500000e+02 	 6.91500000e-20
 3.25500000e+02 	 6.98500000e-20
 3.26500000e+02 	 7.05500000e-20
 3.27500000e+02 	 7.12500000e-20
 3.28500000e+02 	 7.19500000e-20
 3.29500000e+02 	 7.25500000e-20
 3.30500000e+02 	 7.29000000e-20
 3.31500000e+02 	 7.28000000e-20
 3.32500000e+02 	 7.22000000e-20
 3.33500000e+02 	 7.11000000e-20
 3.34500000e+02 	 6.99000000e-20
 3.35500000e+02 	 6.89500000e-20
 3.36500000e+02 	 6.77500000e-20
 3.37500000e+02 	 6.63000000e-20
 3.38500000e+02 	 6.51500000e-20
 3.39500000e+02 	 6.45500000e-20
 3.40500000e+02 	 6.43000000e-20
 3.41500000e+02 	 6.38500000e-20
 3.42500000e+02 	 6.35000000e-20
 3.43500000e+02 	 6.32500000e-20
 3.44500000e+02 	 6.26500000e-20
 3.45500000e+02 	 6.18500000e-20
 3.46500000e+02 	 6.11000000e-20
 3.47500000e+02 	 5.92500000e-20
 3.48500000e+02 	 5.62000000e-20
 3.49500000e+02 	 5.33500000e-20
 3.50500000e+02 	 5.07000000e-20
 3.51500000e+02 	 4.83000000e-20
 3.52500000e+02 	 4.62500000e-20
 3.53500000e+02 	 4.42500000e-20
 3.54500000e+02 	 4.23500000e-20
 3.55500000e+02 	 4.09000000e-20
 3.56500000e+02 	 3.98500000e-20
 3.57500000e+02 	 3.91500000e-20
 3.58500000e+02 	 3.89000000e-20
 3.59500000e+02 	 3.78500000e-20
 3.60500000e+02 	 3.64000000e-20
 3.61500000e+02 	 3.54500000e-20
 3.62500000e+02 	 3.42500000e-20
 3.63500000e+02 	 3.32500000e-20
 3.64500000e+02 	 3.16000000e-20
 3.65500000e+02 	 2.90000000e-20
 3.66500000e+02 	 2.63500000e-20
 3.67500000e+02 	 2.35000000e-20
 3.68500000e+02 	 2.10500000e-20
 3.69500000e+02 	 1.94500000e-20
 3.70500000e+02 	 1.81000000e-20
 3.71500000e+02 	 1.66000000e-20
 3.72500000e+02 	 1.53000000e-20
 3.73500000e+02 	 1.43500000e-20
 3.74500000e+02 	 1.35000000e-20
 3.75500000e+02 	 1.28500000e-20
 3.76500000e+02 	 1.25000000e-20
 3.77500000e+02 	 1.22000000e-20
 3.78500000e+02 	 1.20000000e-20
 3.79500000e+02 	 1.12500000e-20
 3.80500000e+02 	 1.01550000e-20
 3.81500000e+02 	 9.46500000e-21
 3.82500000e+02 	 8.95000000e-21
 3.83500000e+02 	 9.03500000e-21
 3.84500000e+02 	 8.43000000e-21
 3.85500000e+02 	 6.97000000e-21
 3.86500000e+02 	 5.85500000e-21
 3.87500000e+02 	 4.90500000e-21
 3.88500000e+02 	 4.21500000e-21
 3.89500000e+02 	 3.70000000e-21
 3.90500000e+02 	 3.27000000e-21
 3.91500000e+02 	 3.01500000e-21
 3.92500000e+02 	 2.84000000e-21
 3.93500000e+02 	 2.58000000e-21
 3.94500000e+02 	 2.24000000e-21
 3.95500000e+02 	 0.00000000e+00
 3.96500000e+02 	 0.00000000e+00
 3.97500000e+02 	 0.00000000e+00
 3.98500000e+02 	 0.00000000e+00
 3.99500000e+02 	 0.00000000e+00
 4.00500000e+02 	 0.00000000e+00
 4.01500000e+02 	 0.00000000e+00
 4.02500000e+02 	 0.00000000e+00
 4.03500000e+02 	 0.00000000e+00
 4.04500000e+02 	 0.00000000e+00
 4.05500000e+02 	 0.00000000e+00
 4.06500000e+02 	 0.00000000e+00
 4.07500000e+02 	 0.00000000e+00
 4.08500000e+02 	 0.00000000e+00
 4.09500000e+02 	 0.00000000e+00
 4.10500000e+02 	 0.00000000e+00
 4.11500000e+02 	 0.00000000e+00
 4.12500000e+02 	 0.00000000e+00
 4.13500000e+02 	 0.00000000e+00
 4.14500000e+02 	 0.00000000e+00
 4.15500000e+02 	 0.00000000e+00
 4.16500000e+02 	 0.00000000e+00
 4.17500000e+02 	 0.00000000e+00
 4.18500000e+02 	 0.00000000e+00
 4.19500000e+02 	 0.00000000e+00
 4.20500000e+02 	 0.00000000e+00
 4.21500000e+02 	 0.00000000e+00
 4.22500000e+02 	 0.00000000e+00
 4.23500000e+02 	 0.00000000e+00
 4.24500000e+02 	 0.00000000e+00
 4.25500000e+02 	 0.00000000e+00
 4.26500000e+02 	 0.00000000e+00
 4.27500000e+02 	 0.00000000e+00
 4.28500000e+02 	 0.00000000e+00
 4.29500000e+02 	 0.00000000e+00
 4.30500000e+02 	 0.00000000e+00
 4.31500000e+02 	 0.00000000e+00
 4.32500000e+02 	 0.00000000e+00
 4.33500000e+02 	 0.00000000e+00
 4.34500000e+02 	 0.00000000e+00
 4.35500000e+02 	 0.00000000e+00
 4.36500000e+02 	 0.00000000e+00
 4.37500000e+02 	 0.00000000e+00
 4.38500000e+02 	 0.00000000e+00
 4.39500000e+02 	 0.00000000e+00
 4.40500000e+02 	 0.00000000e+00
 4.41500000e+02 	 0.00000000e+00
 4.42500000e+02 	 0.00000000e+00
 4.43500000e+02 	 0.00000000e+00
 4.44500000e+02 	 0.00000000e+00
 4.45500000e+02 	 0.00000000e+00
 4.46500000e+02 	 0.00000000e+00
 4.47500000e+02 	 0.00000000e+00
 4.48500000e+02 	 0.00000000e+00
 4.49500000e+02 	 0.00000000e+00
 4.50500000e+02 	 0.00000000e+00
 4.51500000e+02 	 0.00000000e+00
 4.52500000e+02 	 0.00000000e+00
 4.53500000e+02 	 0.00000000e+00
 4.54500000e+02 	 0.00000000e+00
 4.55500000e+02 	 0.00000000e+00
 4.56500000e+02 	 0.00000000e+00
 4.57500000e+02 	 0.00000000e+00
 4.58500000e+02 	 0.00000000e+00
 4.59500000e+02 	 0.00000000e+00
 4.60500000e+02 	 0.00000000e+00
 4.61500000e+02 	 0.00000000e+00
 4.62500000e+02 	 0.00000000e+00
 4.63500000e+02 	 0.00000000e+00
 4.64500000e+02 	 0.00000000e+00
 4.65500000e+02 	 0.00000000e+00
 4.66500000e+02 	 0.00000000e+00
 4.67500000e+02 	 0.00000000e+00
 4.68500000e+02 	 0.00000000e+00
 4.69500000e+02 	 0.00000000e+00
 4.70500000e+02 	 0.00000000e+00
 4.71500000e+02 	 0.00000000e+00
 4.72500000e+02 	 0.00000000e+00
 4.73500000e+02 	 0.00000000e+00
 4.74500000e+02 	 0.00000000e+00
 4.75500000e+02 	 0.00000000e+00
 4.76500000e+02 	 0.00000000e+00
 4.77500000e+02 	 0.00000000e+00
 4.78500000e+02 	 0.00000000e+00
 4.79500000e+02 	 0.00000000e+00
 4.80500000e+02 	 0.00000000e+00
 4.81500000e+02 	 0.00000000e+00
 4.82500000e+02 	 0.00000000e+00
 4.83500000e+02 	 0.00000000e+00
 4.84500000e+02 	 0.00000000e+00
 4.85500000e+02 	 0.00000000e+00
 4.86500000e+02 	 0.00000000e+00
 4.87500000e+02 	 0.00000000e+00
 4.88500000e+02 	 0.00000000e+00
 4.89500000e+02 	 0.00000000e+00
 4.90500000e+02 	 0.00000000e+00
 4.91500000e+02 	 0.00000000e+00
 4.92500000e+02 	 0.00000000e+00
 4.93500000e+02 	 0.00000000e+00
 4.94500000e+02 	 0.00000000e+00
 4.95500000e+02 	 0.00000000e+00
 4.96500000e+02 	 0.00000000e+00
 4.97500000e+02 	 0.00000000e+00
 4.98500000e+02 	 0.00000000e+00
 4.99500000e+02 	 0.00000000e+00
 5.00500000e+02 	 0.00000000e+00
 5.01500000e+02 	 0.00000000e+00
 5.02500000e+02 	 0.00000000e+00
 5.03500000e+02 	 0.00000000e+00
 5.04500000e+02 	 0.00000000e+00
 5.05500000e+02 	 0.00000000e+00
 5.06500000e+02 	 0.00000000e+00
 5.07500000e+02 	 0.00000000e+00
 5.08500000e+02 	 0.00000000e+00
 5.09500000e+02 	 0.00000000e+00
 5.10500000e+02 	 0.00000000e+00
 5.11500000e+02 	 0.00000000e+00
 5.12500000e+02 	 0.00000000e+00
 5.13500000e+02 	 0.00000000e+00
 5.14500000e+02 	 0.00000000e+00
 5.15500000e+02 	 0.00000000e+00
 5.16500000e+02 	 0.00000000e+00
 5.17500000e+02 	 0.00000000e+00
 5.18500000e+02 	 0.00000000e+00
 5.19500000e+02 	 0.00000000e+00
 5.20500000e+02 	 0.00000000e+00
 5.21500000e+02 	 0.00000000e+00
 5.22500000e+02 	 0.00000000e+00
 5.23500000e+02 	 0.00000000e+00
 5.24500000e+02 	 0.00000000e+00
 5.25500000e+02 	 0.00000000e+00
 5.26500000e+02 	 0.00000000e+00
 5.27500000e+02 	 0.00000000e+00
 5.28500000e+02 	 0.00000000e+00
 5.29500000e+02 	 0.00000000e+00
 5.30500000e+02 	 0.00000000e+00
 5.31500000e+02 	 0.00000000e+00
 5.32500000e+02 	 0.00000000e+00
 5.33500000e+02 	 0.00000000e+00
 5.34500000e+02 	 0.00000000e+00
 5.35500000e+02 	 0.00000000e+00
 5.36500000e+02 	 0.00000000e+00
 5.37500000e+02 	 0.00000000e+00
 5.38500000e+02 	 0.00000000e+00
 5.39500000e+02 	 0.00000000e+00
 5.40500000e+02 	 0.00000000e+00
 5.41500000e+02 	 0.00000000e+00
 5.42500000e+02 	 0.00000000e+00
 5.43500000e+02 	 0.00000000e+00
 5.44500000e+02 	 0.00000000e+00
 5.45500000e+02 	 0.00000000e+00
 5.46500000e+02 	 0.00000000e+00
 5.47500000e+02 	 0.00000000e+00
 5.48500000e+02 	 0.00000000e+00
 5.49500000e+02 	 0.00000000e+00
 5.50500000e+02 	 0.00000000e+00
 5.51500000e+02 	 0.00000000e+00
 5.52500000e+02 	 0.00000000e+00
 5.53500000e+02 	 0.00000000e+00
 5.54500000e+02 	 0.00000000e+00
 5.55500000e+02 	 0.00000000e+00
 5.56500000e+02 	 0.00000000e+00
 5.57500000e+02 	 0.00000000e+00
 5.58500000e+02 	 0.00000000e+00
 5.59500000e+02 	 0.00000000e+00
 5.60500000e+02 	 0.00000000e+00
 5.61500000e+02 	 0.00000000e+00
 5.62500000e+02 	 0.00000000e+00
 5.63500000e+02 	 0.00000000e+00
 5.64500000e+02 	 0.00000000e+00
 5.65500000e+02 	 0.00000000e+00
 5.66500000e+02 	 0.00000000e+00
 5.67500000e+02 	 0.00000000e+00
 5.68500000e+02 	 0.00000000e+00
 5.69500000e+02 	 0.00000000e+00
 5.70500000e+02 	 0.00000000e+00
 5.71500000e+02 	 0.00000000e+00
 5.72500000e+02 	 0.00000000e+00
 5.73500000e+02 	 0.00000000e+00
 5.74500000e+02 	 0.00000000e+00
 5.75500000e+02 	 0.00000000e+00
 5.76500000e+02 	 0.00000000e+00
 5.77500000e+02 	 0.00000000e+00
 5.78500000e+02 	 0.00000000e+00
 5.79500000e+02 	 0.00000000e+00
 5.80500000e+02 	 0.00000000e+00
 5.81500000e+02 	 0.00000000e+00
 5.82500000e+02 	 0.00000000e+00
 5.83500000e+02 	 0.00000000e+00
 5.84500000e+02 	 0.00000000e+00
 5.85500000e+02 	 0.00000000e+00
 5.86500000e+02 	 0.00000000e+00
 5.87500000e+02 	 0.00000000e+00
 5.88500000e+02 	 0.00000000e+00
 5.89500000e+02 	 0.00000000e+00
 5.90500000e+02 	 0.00000000e+00
 5.91500000e+02 	 0.00000000e+00
 5.92500000e+02 	 0.00000000e+00
 5.93500000e+02 	 0.00000000e+00
 5.94500000e+02 	 0.00000000e+00
 5.95500000e+02 	 0.00000000e+00
 5.96500000e+02 	 0.00000000e+00
 5.97500000e+02 	 0.00000000e+00
 5.98500000e+02 	 0.00000000e+00
 5.99500000e+02 	 0.00000000e+00
 6.00500000e+02 	 0.00000000e+00
 6.01500000e+02 	 0.00000000e+00
 6.02500000e+02 	 0.00000000e+00
 6.03500000e+02 	 0.00000000e+00
 6.04500000e+02 	 0.00000000e+00
 6.05500000e+02 	 0.00000000e+00
 6.06500000e+02 	 0.00000000e+00
 6.07500000e+02 	 0.00000000e+00
 6.08500000e+02 	 0.00000000e+00
 6.09500000e+02 	 0.00000000e+00
 6.10500000e+02 	 0.00000000e+00
 6.11500000e+02 	 0.00000000e+00
 6.12500000e+02 	 0.00000000e+00
 6.13500000e+02 	 0.00000000e+00
 6.14500000e+02 	 0.00000000e+00
 6.15500000e+02 	 0.00000000e+00
 6.16500000e+02 	 0.00000000e+00
 6.17500000e+02 	 0.00000000e+00
 6.18500000e+02 	 0.00000000e+00
 6.19500000e+02 	 0.00000000e+00
 6.20500000e+02 	 0.00000000e+00
 6.21500000e+02 	 0.00000000e+00
 6.22500000e+02 	 0.00000000e+00
 6.23500000e+02 	 0.00000000e+00
 6.24500000e+02 	 0.00000000e+00
 6.25500000e+02 	 0.00000000e+00
 6.26500000e+02 	 0.00000000e+00
 6.27500000e+02 	 0.00000000e+00
 6.28500000e+02 	 0.00000000e+00
 6.29500000e+02 	 0.00000000e+00
 6.30500000e+02 	 0.00000000e+00
 6.31500000e+02 	 0.00000000e+00
 6.32500000e+02 	 0.00000000e+00
 6.33500000e+02 	 0.00000000e+00
 6.34500000e+02 	 0.00000000e+00
 6.35500000e+02 	 0.00000000e+00
 6.36500000e+02 	 0.00000000e+00
 6.37500000e+02 	 0.00000000e+00
 6.38500000e+02 	 0.00000000e+00
 6.39500000e+02 	 0.00000000e+00
 6.40500000e+02 	 0.00000000e+00
 6.41500000e+02 	 0.00000000e+00
 6.42500000e+02 	 0.00000000e+00
 6.43500000e+02 	 0.00000000e+00
 6.44500000e+02 	 0.00000000e+00
 6.45500000e+02 	 0.00000000e+00
 6.46500000e+02 	 0.00000000e+00
 6.47500000e+02 	 0.00000000e+00
 6.48500000e+02 	 0.00000000e+00
 6.49500000e+02 	 0.00000000e+00
 6.50500000e+02 	 0.00000000e+00
 6.51500000e+02 	 0.00000000e+00
 6.52500000e+02 	 0.00000000e+00
 6.53500000e+02 	 0.00000000e+00
 6.54500000e+02 	 0.00000000e+00
 6.55500000e+02 	 0.00000000e+00
 6.56500000e+02 	 0.00000000e+00
 6.57500000e+02 	 0.00000000e+00
 6.58500000e+02 	 0.00000000e+00
 6.59500000e+02 	 0.00000000e+00
 6.60500000e+02 	 0.00000000e+00
 6.61500000e+02 	 0.00000000e+00
 6.62500000e+02 	 0.00000000e+00
 6.63500000e+02 	 0.00000000e+00
 6.64500000e+02 	 0.00000000e+00
 6.65500000e+02 	 0.00000000e+00
 6.66500000e+02 	 0.00000000e+00
 6.67500000e+02 	 0.00000000e+00
 6.68500000e+02 	 0.00000000e+00
 6.69500000e+02 	 0.00000000e+00
 6.70500000e+02 	 0.00000000e+00
 6.71500000e+02 	 0.00000000e+00
 6.72500000e+02 	 0.00000000e+00
 6.73500000e+02 	 0.00000000e+00
 6.74500000e+02 	 0.00000000e+00
 6.75500000e+02 	 0.00000000e+00
 6.76500000e+02 	 0.00000000e+00
 6.77500000e+02 	 0.00000000e+00
 6.78500000e+02 	 0.00000000e+00
 6.79500000e+02 	 0.00000000e+00
 6.80500000e+02 	 0.00000000e+00
 6.81500000e+02 	 0.00000000e+00
 6.82500000e+02 	 0.00000000e+00
 6.83500000e+02 	 0.00000000e+00
 6.84500000e+02 	 0.00000000e+00
 6.85500000e+02 	 0.00000000e+00
 6.86500000e+02 	 0.00000000e+00
 6.87500000e+02 	 0.00000000e+00
 6.88500000e+02 	 0.00000000e+00
 6.89500000e+02 	 0.00000000e+00
 6.90500000e+02 	 0.00000000e+00
 6.91500000e+02 	 0.00000000e+00
 6.92500000e+02 	 0.00000000e+00
 6.93500000e+02 	 0.00000000e+00
 6.94500000e+02 	 0.00000000e+00
 6.95500000e+02 	 0.00000000e+00
 6.96500000e+02 	 0.00000000e+00
 6.97500000e+02 	 0.00000000e+00
 6.98500000e+02 	 0.00000000e+00
 6.99500000e+02 	 0.00000000e+00
 7.01000000e+02 	 0.00000000e+00
 7.11000000e+02 	 0.00000000e+00
 7.21000000e+02 	 0.00000000e+00
 7.31000000e+02 	 0.00000000e+00
 7.41000000e+02 	 0.00000000e+00
 7.51000000e+02 	 0.00000000e+00
 7.61000000e+02 	 0.00000000e+00
 7.71000000e+02 	 0.00000000e+00
 7.81000000e+02 	 0.00000000e+00
 7.91000000e+02 	 0.00000000e+00
 8.01000000e+02 	 0.00000000e+00
 8.21000000e+02 	 0.00000000e+00
 8.41000000e+02 	 0.00000000e+00
 8.61000000e+02 	 0.00000000e+00
 8.81000000e+02 	 0.00000000e+00
 9.01000000e+02 	 0.00000000e+00
 9.21000000e+02 	 0.00000000e+00
 9.41000000e+02 	 0.00000000e+00
 9.61000000e+02 	 0.00000000e+00
 9.81000000e+02 	 0.00000000e+00
 1.00250000e+03 	 0.00000000e+00
 1.05250000e+03 	 0.00000000e+00
 1.10250000e+03 	 0.00000000e+00
 1.15250000e+03 	 0.00000000e+00
 1.20250000e+03 	 0.00000000e+00
 1.25250000e+03 	 0.00000000e+00
 1.30250000e+03 	 0.00000000e+00
 1.35250000e+03 	 0.00000000e+00
 1.40250000e+03 	 0.00000000e+00
 1.45250000e+03 	 0.00000000e+00
 1.50250000e+03 	 0.00000000e+00
 1.55250000e+03 	 0.00000000e+00
 1.60250000e+03 	 0.00000000e+00
 1.65250000e+03 	 0.00000000e+00
 1.70250000e+03 	 0.00000000e+00
 1.75250000e+03 	 0.00000000e+00
 1.80250000e+03 	 0.00000000e+00
 1.85250000e+03 	 0.00000000e+00
 1.90250000e+03 	 0.00000000e+00
 1.95250000e+03 	 0.00000000e+00
 2.00250000e+03 	 0.00000000e+00
 2.10750000e+03 	 0.00000000e+00
 2.21250000e+03 	 0.00000000e+00
 2.30250000e+03 	 0.00000000e+00
 2.40250000e+03 	 0.00000000e+00
 2.51750000e+03 	 0.00000000e+00
 2.61750000e+03 	 0.00000000e+00
 2.70250000e+03 	 0.00000000e+00
 2.83250000e+03 	 0.00000000e+00
 3.02500000e+03 	 0.00000000e+00
 3.23500000e+03 	 0.00000000e+00
 3.42500000e+03 	 0.00000000e+00
 3.66500000e+03 	 0.00000000e+00
 3.85500000e+03 	 0.00000000e+00
 4.08500000e+03 	 0.00000000e+00
 4.57500000e+03 	 0.00000000e+00
 5.08500000e+03 	 0.00000000e+00
 5.92500000e+03 	 0.00000000e+00
 7.78500000e+03 	 0.00000000e+00
 1.00750000e+04 	 0.00000000e+00