250.5	1.0865e-17
251.5	1.1026e-17
252.5	1.1187e-17
253.5	1.1319e-17
254.5	1.1381e-17
255.5	1.1444e-17
256.5	1.1491e-17
257.5	1.14e-17
258.5	1.1309e-17
259.5	1.1218e-17
260.5	1.1063e-17
261.5	1.0891e-17
262.5	1.072e-17
263.5	1.0519e-17
264.5	1.0247e-17
265.5	9.9757e-18
266.5	9.7043e-18
267.5	9.3589e-18
268.5	8.995e-18
269.5	8.6311e-18
270.5	8.2632e-18
271.5	7.8795e-18
272.5	7.4957e-18
273.5	7.1119e-18
274.5	6.7226e-18
275.5	6.3279e-18
276.5	5.9332e-18
277.5	5.5384e-18
278.5	5.1687e-18
279.5	4.8097e-18
280.5	4.4508e-18
281.5	4.0918e-18
282.5	3.77e-18
283.5	3.4575e-18
284.5	3.145e-18
285.5	2.8325e-18
286.5	2.5833e-18
287.5	2.35e-18
288.5	2.1167e-18
289.5	1.8833e-18
290.5	1.69e-18
291.5	1.5233e-18
292.5	1.3567e-18
293.5	1.19e-18
294.5	1.0476e-18
295.5	9.4173e-19
296.5	8.3582e-19
297.5	7.2991e-19
298.5	6.24e-19
299.5	5.6156e-19
300.5	4.9911e-19
301.5	4.3667e-19
302.5	3.7422e-19
303.5	3.2619e-19
304.5	2.9257e-19
305.5	2.5896e-19
306.5	2.2534e-19
307.5	1.9172e-19
308.5	1.705e-19
309.5	1.5237e-19
310.5	1.3425e-19
311.5	1.1612e-19
312.5	9.8e-20
313.5	8.84e-20
314.5	7.88e-20
315.5	6.92e-20
316.5	5.96e-20
317.5	5e-20
318.5	4.498e-20
319.5	3.996e-20
320.5	3.494e-20
321.5	2.992e-20
322.5	2.49e-20
323.5	2.232e-20
324.5	1.974e-20
325.5	1.716e-20
326.5	1.458e-20
327.5	1.2e-20
328.5	1.0834e-20
329.5	9.668e-21
330.5	8.502e-21
331.5	7.336e-21
332.5	6.17e-21
333.5	5.484e-21
334.5	4.798e-21
335.5	4.112e-21
336.5	3.426e-21
337.5	2.74e-21
338.5	2.426e-21
339.5	2.112e-21
340.5	1.798e-21
341.5	1.484e-21
342.5	1.17e-21
343.5	1.054e-21
344.5	9.38e-22
345.5	8.22e-22
346.5	7.06e-22
347.5	5.9e-22
348.5	5.26e-22
349.5	4.62e-22
350.5	3.98e-22
351.5	3.34e-22
352.5	2.7e-22
353.5	2.38e-22
354.5	2.06e-22
355.5	1.74e-22
356.5	1.42e-22
357.5	1.1e-22
358.5	9.8e-23
359.5	8.6e-23
360.5	7.4e-23
361.5	6.2e-23
362.5	5e-23
363.5	4.3333e-23
364.5	3.6667e-23
365.5	3e-23
366.5	2.3333e-23
367.5	1.6667e-23
368.5	1e-23
369.5	3.3333e-24
370.5	0
371.5	0
372.5	0
373.5	0
374.5	0
375.5	0
376.5	0
377.5	0
378.5	0
379.5	0
380.5	0
381.5	0
382.5	0
383.5	0
384.5	0
385.5	0
386.5	0
387.5	0
388.5	0
389.5	0
390.5	3e-25
391.5	9e-25
392.5	1.5e-24
393.5	2.1e-24
394.5	2.7e-24
395.5	3.3e-24
396.5	3.9e-24
397.5	4.5e-24
398.5	5.1e-24
399.5	5.7e-24
400.5	6.3e-24
401.5	6.9e-24
402.5	7.5e-24
403.5	8.1e-24
404.5	8.7e-24
405.5	9.3e-24
406.5	9.9e-24
407.5	1.05e-23
408.5	1.11e-23
409.5	1.17e-23
410.5	1.25e-23
411.5	1.35e-23
412.5	1.45e-23
413.5	1.55e-23
414.5	1.65e-23
415.5	1.75e-23
416.5	1.85e-23
417.5	1.95e-23
418.5	2.05e-23
419.5	2.15e-23
420.5	2.425e-23
421.5	2.875e-23
422.5	3.325e-23
423.5	3.775e-23
424.5	4.225e-23
425.5	4.675e-23
426.5	5.125e-23
427.5	5.575e-23
428.5	6.025e-23
429.5	6.475e-23
430.5	6.925e-23
431.5	7.375e-23
432.5	7.825e-23
433.5	8.275e-23
434.5	8.725e-23
435.5	9.175e-23
436.5	9.625e-23
437.5	1.0075e-22
438.5	1.0525e-22
439.5	1.0975e-22
440.5	1.174e-22
441.5	1.282e-22
442.5	1.39e-22
443.5	1.498e-22
444.5	1.606e-22
445.5	1.714e-22
446.5	1.822e-22
447.5	1.93e-22
448.5	2.038e-22
449.5	2.146e-22
450.5	2.254e-22
451.5	2.362e-22
452.5	2.47e-22
453.5	2.578e-22
454.5	2.686e-22
455.5	2.794e-22
456.5	2.902e-22
457.5	3.01e-22
458.5	3.118e-22
459.5	3.226e-22
460.5	3.369e-22
461.5	3.547e-22
462.5	3.725e-22
463.5	3.903e-22
464.5	4.081e-22
465.5	4.259e-22
466.5	4.437e-22
467.5	4.615e-22
468.5	4.793e-22
469.5	4.971e-22
470.5	5.149e-22
471.5	5.327e-22
472.5	5.505e-22
473.5	5.683e-22
474.5	5.861e-22
475.5	6.039e-22
476.5	6.217e-22
477.5	6.395e-22
478.5	6.573e-22
479.5	6.751e-22
480.5	6.974e-22
481.5	7.242e-22
482.5	7.51e-22
483.5	7.778e-22
484.5	8.046e-22
485.5	8.314e-22
486.5	8.582e-22
487.5	8.85e-22
488.5	9.118e-22
489.5	9.386e-22
490.5	9.654e-22
491.5	9.922e-22
492.5	1.019e-21
493.5	1.0458e-21
494.5	1.0726e-21
495.5	1.0994e-21
496.5	1.1262e-21
497.5	1.153e-21
498.5	1.1798e-21
499.5	1.2066e-21
500.5	1.235e-21
501.5	1.265e-21
502.5	1.295e-21
503.5	1.325e-21
504.5	1.355e-21
505.5	1.385e-21
506.5	1.415e-21
507.5	1.445e-21
508.5	1.475e-21
509.5	1.505e-21
510.5	1.535e-21
511.5	1.565e-21
512.5	1.595e-21
513.5	1.625e-21
514.5	1.655e-21
515.5	1.685e-21
516.5	1.715e-21
517.5	1.745e-21
518.5	1.775e-21
519.5	1.805e-21
520.5	1.8472e-21
521.5	1.9017e-21
522.5	1.9562e-21
523.5	2.0107e-21
524.5	2.0652e-21
525.5	2.1197e-21
526.5	2.1742e-21
527.5	2.2287e-21
528.5	2.2832e-21
529.5	2.3377e-21
530.5	2.3922e-21
531.5	2.4467e-21
532.5	2.5012e-21
533.5	2.5557e-21
534.5	2.6102e-21
535.5	2.6647e-21
536.5	2.7192e-21
537.5	2.7737e-21
538.5	2.8282e-21
539.5	2.8827e-21
540.5	2.9357e-21
541.5	2.9873e-21
542.5	3.0387e-21
543.5	3.0902e-21
544.5	3.1417e-21
545.5	3.1932e-21
546.5	3.2447e-21
547.5	3.2962e-21
548.5	3.3477e-21
549.5	3.3992e-21
550.5	3.4507e-21
551.5	3.5022e-21
552.5	3.5537e-21
553.5	3.6052e-21
554.5	3.6567e-21
555.5	3.7082e-21
556.5	3.7597e-21
557.5	3.8112e-21
558.5	3.8628e-21
559.5	3.9143e-21
560.5	3.9562e-21
561.5	3.9887e-21
562.5	4.0213e-21
563.5	4.0537e-21
564.5	4.0862e-21
565.5	4.1187e-21
566.5	4.1512e-21
567.5	4.1838e-21
568.5	4.2163e-21
569.5	4.2487e-21
570.5	4.2812e-21
571.5	4.3137e-21
572.5	4.3462e-21
573.5	4.3787e-21
574.5	4.4112e-21
575.5	4.4438e-21
576.5	4.4762e-21
577.5	4.5087e-21
578.5	4.5412e-21
579.5	4.5738e-21
580.5	4.603e-21
581.5	4.629e-21
582.5	4.655e-21
583.5	4.681e-21
584.5	4.707e-21
585.5	4.733e-21
586.5	4.759e-21
587.5	4.785e-21
588.5	4.811e-21
589.5	4.837e-21
590.5	4.863e-21
591.5	4.889e-21
592.5	4.915e-21
593.5	4.941e-21
594.5	4.967e-21
595.5	4.993e-21
596.5	5.019e-21
597.5	5.045e-21
598.5	5.071e-21
599.5	5.097e-21
600.5	5.0822e-21
601.5	5.0267e-21
602.5	4.9712e-21
603.5	4.9157e-21
604.5	4.8603e-21
605.5	4.8047e-21
606.5	4.7493e-21
607.5	4.6938e-21
608.5	4.6382e-21
609.5	4.5827e-21
610.5	4.5273e-21
611.5	4.4717e-21
612.5	4.4162e-21
613.5	4.3607e-21
614.5	4.3052e-21
615.5	4.2498e-21
616.5	4.1943e-21
617.5	4.1388e-21
618.5	4.0833e-21
619.5	4.0278e-21
620.5	3.974e-21
621.5	3.922e-21
622.5	3.87e-21
623.5	3.818e-21
624.5	3.766e-21
625.5	3.714e-21
626.5	3.662e-21
627.5	3.61e-21
628.5	3.558e-21
629.5	3.506e-21
630.5	3.454e-21
631.5	3.402e-21
632.5	3.35e-21
633.5	3.298e-21
634.5	3.246e-21
635.5	3.194e-21
636.5	3.142e-21
637.5	3.09e-21
638.5	3.038e-21
639.5	2.986e-21
640.5	2.9382e-21
641.5	2.8947e-21
642.5	2.8513e-21
643.5	2.8077e-21
644.5	2.7642e-21
645.5	2.7208e-21
646.5	2.6772e-21
647.5	2.6338e-21
648.5	2.5902e-21
649.5	2.5467e-21
650.5	2.5032e-21
651.5	2.4597e-21
652.5	2.4162e-21
653.5	2.3727e-21
654.5	2.3292e-21
655.5	2.2858e-21
656.5	2.2422e-21
657.5	2.1987e-21
658.5	2.1552e-21
659.5	2.1117e-21
660.5	2.0718e-21
661.5	2.0352e-21
662.5	1.9987e-21
663.5	1.9622e-21
664.5	1.9257e-21
665.5	1.8893e-21
666.5	1.8528e-21
667.5	1.8162e-21
668.5	1.7797e-21
669.5	1.7432e-21
670.5	1.7067e-21
671.5	1.6703e-21
672.5	1.6337e-21
673.5	1.5972e-21
674.5	1.5608e-21
675.5	1.5242e-21
676.5	1.4878e-21
677.5	1.4512e-21
678.5	1.4148e-21
679.5	1.3782e-21
680.5	1.3487e-21
681.5	1.3263e-21
682.5	1.3038e-21
683.5	1.2813e-21
684.5	1.2588e-21
685.5	1.2363e-21
686.5	1.2138e-21
687.5	1.1912e-21
688.5	1.1688e-21
689.5	1.1462e-21
690.5	1.1238e-21
691.5	1.1012e-21
692.5	1.0788e-21
693.5	1.0562e-21
694.5	1.0337e-21
695.5	1.0113e-21
696.5	9.8875e-22
697.5	9.6625e-22
698.5	9.4375e-22
699.5	9.2125e-22
701	0
711	0
721	0
731	0
741	0
751	0
761	0
771	0
781	0
791	0
801	0
821	0
841	0
861	0
881	0
901	0
921	0
941	0
961	0
981	0
1002.5	0
1052.5	0
1102.5	0
1152.5	0
1202.5	0
1252.5	0
1302.5	0
1352.5	0
1402.5	0
1452.5	0
1502.5	0
1552.5	0
1602.5	0
1652.5	0
1702.5	0
1752.5	0
1802.5	0
1852.5	0
1902.5	0
1952.5	0
2002.5	0
2107.5	0
2212.5	0
2302.5	0
2402.5	0
2517.5	0
2617.5	0
2702.5	0
2832.5	0
3025	0
3235	0
3425	0
3665	0
3855	0
4085	0
4575	0
5085	0
5925	0
7785	0
10075	0
