250.5	0
251.5	0
252.5	0
253.5	0
254.5	0
255.5	0
256.5	0
257.5	0
258.5	0
259.5	0
260.5	0
261.5	0
262.5	0
263.5	0
264.5	0
265.5	0
266.5	0
267.5	0
268.5	0
269.5	0
270.5	0
271.5	0
272.5	0
273.5	0
274.5	0
275.5	0
276.5	0
277.5	0
278.5	0
279.5	0
280.5	0
281.5	0
282.5	0
283.5	0
284.5	0
285.5	0
286.5	0
287.5	0
288.5	0
289.5	0
290.5	0
291.5	0
292.5	0
293.5	0
294.5	0
295.5	0
296.5	0
297.5	0
298.5	0
299.5	0
300.5	0
301.5	0
302.5	0
303.5	0
304.5	0
305.5	0
306.5	0
307.5	0
308.5	0
309.5	0
310.5	0
311.5	0
312.5	0
313.5	0
314.5	0
315.5	0
316.5	0
317.5	0
318.5	0
319.5	0
320.5	0
321.5	0
322.5	0
323.5	0
324.5	0
325.5	0
326.5	0
327.5	0
328.5	0
329.5	0
330.5	0
331.5	0
332.5	0
333.5	0
334.5	0
335.5	0
336.5	0
337.5	0
338.5	0
339.5	0
340.5	0
341.5	0
342.5	0
343.5	0
344.5	0
345.5	8.02e-19
346.5	8.46e-19
347.5	8.9e-19
348.5	9.34e-19
349.5	9.78e-19
350.5	1.036e-18
351.5	1.108e-18
352.5	1.18e-18
353.5	1.252e-18
354.5	1.324e-18
355.5	1.409e-18
356.5	1.507e-18
357.5	1.605e-18
358.5	1.703e-18
359.5	1.801e-18
360.5	1.89e-18
361.5	1.97e-18
362.5	2.05e-18
363.5	2.13e-18
364.5	2.21e-18
365.5	2.324e-18
366.5	2.472e-18
367.5	2.62e-18
368.5	2.768e-18
369.5	2.916e-18
370.5	3.048e-18
371.5	3.164e-18
372.5	3.28e-18
373.5	3.396e-18
374.5	3.512e-18
375.5	3.655e-18
376.5	3.825e-18
377.5	3.995e-18
378.5	4.165e-18
379.5	4.335e-18
380.5	4.441e-18
381.5	4.483e-18
382.5	4.525e-18
383.5	4.567e-18
384.5	4.609e-18
385.5	4.732e-18
386.5	4.936e-18
387.5	5.14e-18
388.5	5.344e-18
389.5	5.548e-18
390.5	5.74e-18
391.5	5.92e-18
392.5	6.1e-18
393.5	6.28e-18
394.5	6.46e-18
395.5	6.535e-18
396.5	6.505e-18
397.5	6.475e-18
398.5	6.445e-18
399.5	6.415e-18
400.5	6.469e-18
401.5	6.607e-18
402.5	6.745e-18
403.5	6.883e-18
404.5	7.021e-18
405.5	7.134e-18
406.5	7.222e-18
407.5	7.31e-18
408.5	7.398e-18
409.5	7.486e-18
410.5	7.295e-18
411.5	6.825e-18
412.5	6.355e-18
413.5	5.885e-18
414.5	5.415e-18
415.5	5.566e-18
416.5	6.338e-18
417.5	7.11e-18
418.5	7.882e-18
419.5	8.654e-18
420.5	8.553e-18
421.5	7.579e-18
422.5	6.605e-18
423.5	5.631e-18
424.5	4.657e-18
425.5	4.364e-18
426.5	4.752e-18
427.5	5.14e-18
428.5	5.528e-18
429.5	5.916e-18
430.5	6.191e-18
431.5	6.353e-18
432.5	6.515e-18
433.5	6.677e-18
434.5	6.839e-18
435.5	6.389e-18
436.5	5.327e-18
437.5	4.265e-18
438.5	3.203e-18
439.5	2.141e-18
440.5	1.943e-18
441.5	2.609e-18
442.5	3.275e-18
443.5	3.941e-18
444.5	4.607e-18
445.5	4.548e-18
446.5	3.764e-18
447.5	2.98e-18
448.5	2.196e-18
449.5	1.412e-18
450.5	1.154e-18
451.5	1.422e-18
452.5	1.69e-18
453.5	1.958e-18
454.5	2.226e-18
455.5	2.214e-18
456.5	1.922e-18
457.5	1.63e-18
458.5	1.338e-18
459.5	1.046e-18
460.5	8.49e-19
461.5	7.47e-19
462.5	6.45e-19
463.5	5.43e-19
464.5	4.41e-19
465.5	0
466.5	0
467.5	0
468.5	0
469.5	0
470.5	0
471.5	0
472.5	0
473.5	0
474.5	0
475.5	0
476.5	0
477.5	0
478.5	0
479.5	0
480.5	0
481.5	0
482.5	0
483.5	0
484.5	0
485.5	0
486.5	0
487.5	0
488.5	0
489.5	0
490.5	0
491.5	0
492.5	0
493.5	0
494.5	0
495.5	0
496.5	0
497.5	0
498.5	0
499.5	0
500.5	0
501.5	0
502.5	0
503.5	0
504.5	0
505.5	0
506.5	0
507.5	0
508.5	0
509.5	0
510.5	0
511.5	0
512.5	0
513.5	0
514.5	0
515.5	0
516.5	0
517.5	0
518.5	0
519.5	0
520.5	0
521.5	0
522.5	0
523.5	0
524.5	0
525.5	0
526.5	0
527.5	0
528.5	0
529.5	0
530.5	0
531.5	0
532.5	0
533.5	0
534.5	0
535.5	0
536.5	0
537.5	0
538.5	0
539.5	0
540.5	0
541.5	0
542.5	0
543.5	0
544.5	0
545.5	0
546.5	0
547.5	0
548.5	0
549.5	0
550.5	0
551.5	0
552.5	0
553.5	0
554.5	0
555.5	0
556.5	0
557.5	0
558.5	0
559.5	0
560.5	0
561.5	0
562.5	0
563.5	0
564.5	0
565.5	0
566.5	0
567.5	0
568.5	0
569.5	0
570.5	0
571.5	0
572.5	0
573.5	0
574.5	0
575.5	0
576.5	0
577.5	0
578.5	0
579.5	0
580.5	0
581.5	0
582.5	0
583.5	0
584.5	0
585.5	0
586.5	0
587.5	0
588.5	0
589.5	0
590.5	0
591.5	0
592.5	0
593.5	0
594.5	0
595.5	0
596.5	0
597.5	0
598.5	0
599.5	0
600.5	0
601.5	0
602.5	0
603.5	0
604.5	0
605.5	0
606.5	0
607.5	0
608.5	0
609.5	0
610.5	0
611.5	0
612.5	0
613.5	0
614.5	0
615.5	0
616.5	0
617.5	0
618.5	0
619.5	0
620.5	0
621.5	0
622.5	0
623.5	0
624.5	0
625.5	0
626.5	0
627.5	0
628.5	0
629.5	0
630.5	0
631.5	0
632.5	0
633.5	0
634.5	0
635.5	0
636.5	0
637.5	0
638.5	0
639.5	0
640.5	0
641.5	0
642.5	0
643.5	0
644.5	0
645.5	0
646.5	0
647.5	0
648.5	0
649.5	0
650.5	0
651.5	0
652.5	0
653.5	0
654.5	0
655.5	0
656.5	0
657.5	0
658.5	0
659.5	0
660.5	0
661.5	0
662.5	0
663.5	0
664.5	0
665.5	0
666.5	0
667.5	0
668.5	0
669.5	0
670.5	0
671.5	0
672.5	0
673.5	0
674.5	0
675.5	0
676.5	0
677.5	0
678.5	0
679.5	0
680.5	0
681.5	0
682.5	0
683.5	0
684.5	0
685.5	0
686.5	0
687.5	0
688.5	0
689.5	0
690.5	0
691.5	0
692.5	0
693.5	0
694.5	0
695.5	0
696.5	0
697.5	0
698.5	0
699.5	0
701	0
711	0
721	0
731	0
741	0
751	0
761	0
771	0
781	0
791	0
801	0
821	0
841	0
861	0
881	0
901	0
921	0
941	0
961	0
981	0
1002.5	0
1052.5	0
1102.5	0
1152.5	0
1202.5	0
1252.5	0
1302.5	0
1352.5	0
1402.5	0
1452.5	0
1502.5	0
1552.5	0
1602.5	0
1652.5	0
1702.5	0
1752.5	0
1802.5	0
1852.5	0
1902.5	0
1952.5	0
2002.5	0
2107.5	0
2212.5	0
2302.5	0
2402.5	0
2517.5	0
2617.5	0
2702.5	0
2832.5	0
3025	0
3235	0
3425	0
3665	0
3855	0
4085	0
4575	0
5085	0
5925	0
7785	0
10075	0
