250.5	1.7e-19
251.5	1.64e-19
252.5	1.58e-19
253.5	1.52e-19
254.5	1.46e-19
255.5	1.395e-19
256.5	1.33e-19
257.5	1.27e-19
258.5	1.21e-19
259.5	1.15e-19
260.5	1.09e-19
261.5	1.0315e-19
262.5	9.73e-20
263.5	9.205e-20
264.5	8.68e-20
265.5	8.215e-20
266.5	7.75e-20
267.5	7.345e-20
268.5	6.94e-20
269.5	6.595e-20
270.5	6.25e-20
271.5	5.97e-20
272.5	5.69e-20
273.5	5.49e-20
274.5	5.29e-20
275.5	5.115e-20
276.5	4.94e-20
277.5	4.84e-20
278.5	4.74e-20
279.5	4.69e-20
280.5	4.64e-20
281.5	4.63e-20
282.5	4.62e-20
283.5	4.65e-20
284.5	4.68e-20
285.5	4.735e-20
286.5	4.79e-20
287.5	4.87e-20
288.5	4.95e-20
289.5	5.04e-20
290.5	5.13e-20
291.5	5.23e-20
292.5	5.33e-20
293.5	5.425e-20
294.5	5.52e-20
295.5	5.615e-20
296.5	5.71e-20
297.5	5.785e-20
298.5	5.86e-20
299.5	5.925e-20
300.5	5.99e-20
301.5	6.035e-20
302.5	6.08e-20
303.5	6.1e-20
304.5	6.12e-20
305.5	6.095e-20
306.5	6.07e-20
307.5	6.02e-20
308.5	5.97e-20
309.5	5.905e-20
310.5	5.84e-20
311.5	5.75e-20
312.5	5.66e-20
313.5	5.555e-20
314.5	5.45e-20
315.5	5.33e-20
316.5	5.21e-20
317.5	5.08e-20
318.5	4.95e-20
319.5	4.81e-20
320.5	4.67e-20
321.5	4.525e-20
322.5	4.38e-20
323.5	4.235e-20
324.5	4.09e-20
325.5	3.94e-20
326.5	3.79e-20
327.5	3.645e-20
328.5	3.5e-20
329.5	3.355e-20
330.5	3.21e-20
331.5	3.075e-20
332.5	2.94e-20
333.5	2.81e-20
334.5	2.68e-20
335.5	2.56e-20
336.5	2.44e-20
337.5	2.33e-20
338.5	2.22e-20
339.5	2.125e-20
340.5	2.03e-20
341.5	1.935e-20
342.5	1.84e-20
343.5	1.765e-20
344.5	1.69e-20
345.5	1.62e-20
346.5	1.55e-20
347.5	1.49e-20
348.5	1.43e-20
349.5	1.38e-20
350.5	1.33e-20
351.5	1.285e-20
352.5	1.24e-20
353.5	1.205e-20
354.5	1.17e-20
355.5	1.14e-20
356.5	1.11e-20
357.5	1.085e-20
358.5	1.06e-20
359.5	1.04e-20
360.5	1.02e-20
361.5	1.0025e-20
362.5	9.85e-21
363.5	9.68e-21
364.5	9.51e-21
365.5	9.35e-21
366.5	9.19e-21
367.5	9.035e-21
368.5	8.88e-21
369.5	8.715e-21
370.5	8.55e-21
371.5	8.385e-21
372.5	8.22e-21
373.5	8.04e-21
374.5	7.86e-21
375.5	7.67e-21
376.5	7.48e-21
377.5	7.28e-21
378.5	7.08e-21
379.5	6.875e-21
380.5	6.67e-21
381.5	6.455e-21
382.5	6.24e-21
383.5	6.02e-21
384.5	5.8e-21
385.5	5.575e-21
386.5	5.35e-21
387.5	5.13e-21
388.5	4.91e-21
389.5	4.69e-21
390.5	4.47e-21
391.5	4.26e-21
392.5	4.05e-21
393.5	3.845e-21
394.5	3.64e-21
395.5	3.445e-21
396.5	3.25e-21
397.5	3.065e-21
398.5	2.88e-21
399.5	2.71e-21
400.5	2.54e-21
401.5	2.38e-21
402.5	2.22e-21
403.5	2.08e-21
404.5	1.94e-21
405.5	1.81e-21
406.5	1.68e-21
407.5	1.56e-21
408.5	1.44e-21
409.5	1.34e-21
410.5	1.24e-21
411.5	1.145e-21
412.5	1.05e-21
413.5	9.7e-22
414.5	8.9e-22
415.5	8.2e-22
416.5	7.5e-22
417.5	6.9e-22
418.5	6.3e-22
419.5	0
420.5	0
421.5	0
422.5	0
423.5	0
424.5	0
425.5	0
426.5	0
427.5	0
428.5	0
429.5	0
430.5	0
431.5	0
432.5	0
433.5	0
434.5	0
435.5	0
436.5	0
437.5	0
438.5	0
439.5	0
440.5	0
441.5	0
442.5	0
443.5	0
444.5	0
445.5	0
446.5	0
447.5	0
448.5	0
449.5	0
450.5	0
451.5	0
452.5	0
453.5	0
454.5	0
455.5	0
456.5	0
457.5	0
458.5	0
459.5	0
460.5	0
461.5	0
462.5	0
463.5	0
464.5	0
465.5	0
466.5	0
467.5	0
468.5	0
469.5	0
470.5	0
471.5	0
472.5	0
473.5	0
474.5	0
475.5	0
476.5	0
477.5	0
478.5	0
479.5	0
480.5	0
481.5	0
482.5	0
483.5	0
484.5	0
485.5	0
486.5	0
487.5	0
488.5	0
489.5	0
490.5	0
491.5	0
492.5	0
493.5	0
494.5	0
495.5	0
496.5	0
497.5	0
498.5	0
499.5	0
500.5	0
501.5	0
502.5	0
503.5	0
504.5	0
505.5	0
506.5	0
507.5	0
508.5	0
509.5	0
510.5	0
511.5	0
512.5	0
513.5	0
514.5	0
515.5	0
516.5	0
517.5	0
518.5	0
519.5	0
520.5	0
521.5	0
522.5	0
523.5	0
524.5	0
525.5	0
526.5	0
527.5	0
528.5	0
529.5	0
530.5	0
531.5	0
532.5	0
533.5	0
534.5	0
535.5	0
536.5	0
537.5	0
538.5	0
539.5	0
540.5	0
541.5	0
542.5	0
543.5	0
544.5	0
545.5	0
546.5	0
547.5	0
548.5	0
549.5	0
550.5	0
551.5	0
552.5	0
553.5	0
554.5	0
555.5	0
556.5	0
557.5	0
558.5	0
559.5	0
560.5	0
561.5	0
562.5	0
563.5	0
564.5	0
565.5	0
566.5	0
567.5	0
568.5	0
569.5	0
570.5	0
571.5	0
572.5	0
573.5	0
574.5	0
575.5	0
576.5	0
577.5	0
578.5	0
579.5	0
580.5	0
581.5	0
582.5	0
583.5	0
584.5	0
585.5	0
586.5	0
587.5	0
588.5	0
589.5	0
590.5	0
591.5	0
592.5	0
593.5	0
594.5	0
595.5	0
596.5	0
597.5	0
598.5	0
599.5	0
600.5	0
601.5	0
602.5	0
603.5	0
604.5	0
605.5	0
606.5	0
607.5	0
608.5	0
609.5	0
610.5	0
611.5	0
612.5	0
613.5	0
614.5	0
615.5	0
616.5	0
617.5	0
618.5	0
619.5	0
620.5	0
621.5	0
622.5	0
623.5	0
624.5	0
625.5	0
626.5	0
627.5	0
628.5	0
629.5	0
630.5	0
631.5	0
632.5	0
633.5	0
634.5	0
635.5	0
636.5	0
637.5	0
638.5	0
639.5	0
640.5	0
641.5	0
642.5	0
643.5	0
644.5	0
645.5	0
646.5	0
647.5	0
648.5	0
649.5	0
650.5	0
651.5	0
652.5	0
653.5	0
654.5	0
655.5	0
656.5	0
657.5	0
658.5	0
659.5	0
660.5	0
661.5	0
662.5	0
663.5	0
664.5	0
665.5	0
666.5	0
667.5	0
668.5	0
669.5	0
670.5	0
671.5	0
672.5	0
673.5	0
674.5	0
675.5	0
676.5	0
677.5	0
678.5	0
679.5	0
680.5	0
681.5	0
682.5	0
683.5	0
684.5	0
685.5	0
686.5	0
687.5	0
688.5	0
689.5	0
690.5	0
691.5	0
692.5	0
693.5	0
694.5	0
695.5	0
696.5	0
697.5	0
698.5	0
699.5	0
701	0
711	0
721	0
731	0
741	0
751	0
761	0
771	0
781	0
791	0
801	0
821	0
841	0
861	0
881	0
901	0
921	0
941	0
961	0
981	0
1002.5	0
1052.5	0
1102.5	0
1152.5	0
1202.5	0
1252.5	0
1302.5	0
1352.5	0
1402.5	0
1452.5	0
1502.5	0
1552.5	0
1602.5	0
1652.5	0
1702.5	0
1752.5	0
1802.5	0
1852.5	0
1902.5	0
1952.5	0
2002.5	0
2107.5	0
2212.5	0
2302.5	0
2402.5	0
2517.5	0
2617.5	0
2702.5	0
2832.5	0
3025	0
3235	0
3425	0
3665	0
3855	0
4085	0
4575	0
5085	0
5925	0
7785	0
10075	0
