   7.7899554526849044E-017
   1.4699550579233979E-013
   1.5672205160190591E-011
   4.5055071305520547E-010
   6.0820667313426345E-009
   5.0143832149922577E-008
   2.9190335159502931E-007
   1.3107747995382337E-006
   4.8112949039798814E-006
   1.5027275362429893E-005
   4.1115213894469474E-005
   1.0071360646323340E-004
   2.2461349613395542E-004
   4.6218360372674385E-004
   8.8690529653645447E-004
   1.6011812909048535E-003
   2.7395608482222431E-003
   4.4696576553699078E-003
   6.9903389661198712E-003
   1.0527111572091245E-002
   1.5324985875445760E-002
   2.1639421881410281E-002
   2.9726106610269153E-002
   3.9830422069089225E-002
   5.2177398439320746E-002
   6.6962829963156542E-002
   8.4346071550063142E-002
  0.10444479124299208     
  0.12733182649705352     
  0.15303409509625721     
  0.18153334406092270     
  0.21276853248740210     
  0.24663949984568229     
  0.28301155529789040     
  0.32172073256853878     
  0.36257937617725866     
  0.40538175274611710     
  0.44990956288694128     
  0.49593710113124218     
  0.54323602727269138     
  0.59157952475697295     
  0.64074601682227461     
  0.69052216410290734     
  0.74070538983522516     
  0.79110577617523736     
  0.84154751358022273     
  0.89186979205770056     
  0.94192737358356837     
  0.99159073303659040     
   1.0407459255695752     
   1.0892941880357989     
   1.1371513436836445     
   1.1842470456665606     
   1.2305238992448351     
   1.2759365135610115     
   1.3204505027322702     
   1.3640414477338554     
   1.4066938921419940     
   1.4484003203447751     
   1.4891602115828517     
   1.5289790945240238     
   1.5678676900082487     
   1.6058411037984017     
   1.6429180708707614     
   1.6791202760601478     
   1.7144717592405847     
   1.7489983216624010     
   1.7827270902585222     
   1.8156860133387192     
   1.8479035644441664     
   1.8794083689285357     
   1.9102289472971012     
   1.9403934824914015     
   1.9699296154283734     
   1.9988643192211148     
   2.0272237472941743     
   2.0550331207812493     
   2.0823167526140529     
   2.1090978712463468     
   2.1353986822765156     
   2.1612403053961033     
   2.1866428219056218     
   2.2116251754992402     
   2.2362054223817869     
   2.2604004513636822     
   2.2842262561887896     
   2.3076978595314523     
   2.3308293918224812     
   2.3536341247024755     
   2.3761244962826606     
   2.3983121902712425     
   2.4202081553012733     
   2.4418226370654152     
   2.4631652663657890     
   2.4842450547417951     
   2.5050704478733485     
   2.5256493786124024     
   2.5459892815253076     
   2.5660971540630007     
   2.5859795551622913     
   2.6056426745362602     
   2.6250923138026425     
   2.6443339602188467     
   2.6633727992076666     
   2.6822137136712074     
   2.7008613310259357     
   2.7193200414857208     
   2.7375940111526611     
   2.7556871708649249     
   2.7736033158795061     
   2.7913460190368680     
   2.8089187009233632     
   2.8263246422720831     
   2.8435669688305389     
   2.8606486946324092     
   2.8775726979950917     
   2.8943417551826967     
   2.9109585267614433     
   2.9274256067626871     
   2.9437454635962443     
   2.9599205066973253     
   2.9759530570294048     
   2.9918453662946880     
   3.0075996150170354     
   3.0232179204674385     
   3.0387023442411327     
   3.0540548796084606     
   3.0692774804885725     
   3.0843720394857361     
   3.0993404053826619     
   3.1141843770149573     
   3.1289057157315860     
   3.1435061397954076     
   3.1579873249249522     
   3.1723509114028348     
   3.1865985026598542     
   3.2007316676314965     
   3.2147519419418824     
   3.2286608292303609     
   3.2424598023438573     
   3.2561503044495672     
   3.2697337500691326     
   3.2832115261660539     
   3.2965849926014261     
   3.3098554824225253     
   3.3230243084762350     
   3.3360927541547993     
   3.3490620699282605     
   3.3619335106584831     
   3.3747082820328949     
   3.3873875804806879     
   3.3999725781119707     
   3.4124644279879273     
   3.4248643273841828     
   3.4371731767430562     
   3.4493923123400565     
   3.4615227024345714     
   3.4735654104559708     
   3.4855214776472740     
   3.4973919231335295     
   3.5091777539052931     
   3.5208799573776179     
   3.5324995053688499     
   3.5440373538127314     
   3.5554944430758999     
   3.5668717035112114     
   3.5781700270740000     
   3.5893903268749678     
   3.6005334794952901     
   3.6116003525983085     
   3.6225918002077075     
   3.6335086628556454     
   3.6443517678839608     
   3.6551219297427529     
   3.6658199502850577     
   3.6764466189738911     
   3.6870027132273067     
   3.6974889985993928     
   3.7079062290162872     
   3.7182551470070129     
   3.7285364772411369     
   3.7387509620221246     
   3.7488992901696778     
   3.7589821713109295     
   3.7690002817350496     
   3.7789543177548302     
   3.7888449232256369     
   3.7986727773022055     
   3.8084385128816787     
   3.8181427981749922     
   3.8277862400900737     
   3.8373694667177602     
   3.8468930980350664     
   3.8563577060502516     
   3.8657639331630853     
   3.8751123359096877     
   3.8844035013176552     
   3.8936379991618915     
   3.9028163914403278     
   3.9119392353634455     
   3.9210070731098319     
   3.9300204471015467     
   3.9389798977170747     
   3.9478859210181185     
   3.9567390697188367     
   3.9655398433146347     
   3.9742887225099035     
   3.9829862471342259     
   3.9916328637764473     
   4.0002290896687782     
   4.0087753787278704     
   4.0172722245516033     
   4.0257200630884711     
   4.0341193714725492     
   4.0424705981215983     
   4.0507741844713232     
   4.0590305873420478     
   4.0672402281778837     
   4.0754035440578136     
   4.0835209383201576     
   4.0915928576172362     
   4.0996197027357280     
   4.1076018679408914     
   4.1155397693158173     
   4.1234338055650008     
   4.1312843640122416     
   4.1390918338998794     
   4.1468565977267522     
   4.1545790328073808     
   4.1622595122747956     
   4.1698984051968431     
   4.1774960754694810     
   4.1850528789135506     
   4.1925691807399978     
   4.2000453229754990     
   4.2074816534074468     
   4.2148785138503211     
   4.2222362420772654     
   4.2295551718768012     
   4.2368356299288914     
   4.2440779513456812     
   4.2512824509708738     
   4.2584494481990696     
   4.2655792572804669     
   4.2726721888174257     
   4.2797285498080271     
   4.2867486436809639     
   4.2937327703263337     
   4.3006812246654755     
   4.3075943035205349     
   4.3144722939691782     
   4.3213154878263014     
   4.3281241522327685     
   4.3348985787973726     
   4.3416390421587554     
   4.3483458158774750     
   4.3550191702939758     
   4.3616593725912312     
   4.3682666868799034     
   4.3748413742704315     
   4.3813836929353673     
   4.3878938981609430     
   4.3943722423928993     
   4.4008189752791820     
   4.4072343437098658     
   4.4136185918563022     
   4.4199719612072617     
   4.4262946906087093     
   4.4325870162968117     
   4.4388491745744760     
   4.4450813894634376     
   4.4512838946725095     
   4.4574569157613189     
   4.4636006765981531     
   4.4697153985741274     
   4.4758013006577695     
   4.4818585994559426     
   4.4878875092626531     
   4.4938882420911979     
   4.4998610077419903     
   4.5058060137816112     
   4.5117234571001781     
   4.5176135637252006     
   4.5234765190130748     
   4.5293125235847329     
   4.5351217739588892     
   4.5409044773027585     
   4.5466607931796483     
   4.5523909280741517     
   4.5580950937524802     
   4.5637734570027382     
   4.5694262069157388     
   4.5750535266928276     
   4.5806555971906544     
   4.5862325980341669     
   4.5917847070614295     
   4.5973121003563886     
   4.6028149522536204     
   4.6082934353398795     
   4.6137477175179864     
   4.6191779758655453     
   4.6245843722835378     
   4.6299670732699374     
   4.6353262428066522     
   4.6406620433526085     
   4.6459746358392868     
   4.6512641901675140     
   4.6565308367242189     
   4.6617747498906841     
   4.6669960834068807     
   4.6721949912213372     
   4.6773716254165141     
   4.6825261364062083     
   4.6876586730619687     
   4.6927693827912194     
   4.6978584115943711     
   4.7029259040942364     
   4.7079720035657795     
   4.7129968519479073     
   4.7180005898627071     
   4.7229833566256509     
   4.7279452902605721     
   4.7328865275114582     
   4.7378072038581491     
   4.7427074535281744     
   4.7475874095097446     
   4.7524472035669003     
   4.7572869662547426     
   4.7621068269316300     
   4.7669069137716074     
   4.7716873537835029     
   4.7764482728177331     
   4.7811897955871601     
   4.7859120456736068     
   4.7906151455449368     
   4.7952992165674075     
   4.7999643790175437     
   4.8046107520969263     
   4.8092384539421431     
   4.8138476016366072     
   4.8184383112265730     
   4.8230106977258407     
   4.8275648751409763     
   4.8321009564669319     
   4.8366190537054541     
   4.8411192778794847     
   4.8456017390400108     
   4.8500665462825188     
   4.8545138077218759     
   4.8589436305780831     
   4.8633561211297680     
   4.8677513847389342     
   4.8721295258615678     
   4.8764906480529673     
   4.8808348539819590     
   4.8851622454389521     
   4.8894729233474461     
   4.8937669877697036     
   4.8980445379223232     
   4.9023056721815772     
   4.9065504880907183     
   4.9107790823778927     
   4.9149915509700302     
   4.9191879889884493     
   4.9233684907528135     
   4.9275331497920565     
   4.9316820588554986     
   4.9358153099209137     
   4.9399329816538353     
   4.9440351941807972     
   4.9481220210257106     
   4.9521935641122798     
   4.9562498773860808     
   4.9602910536745792     
   4.9643172212543538     
   4.9683284282401212     
   4.9723247656280956     
   4.9763063318445369     
   4.9802732131269742     
   4.9842254703637652     
   4.9881631824520607     
   4.9920864713960880     
   4.9959954066127343     
   4.9998900379496707     
   5.0037704653695769     
   5.0076367523143421     
   5.0114890254959743     
   5.0153273153976956     
   5.0191517006668294     
   5.0229622909874827     
   5.0267591455120870     
   5.0305423498834232     
   5.0343119512922510     
   5.0380680308109085     
   5.0418106845823933     
   5.0455399764094029     
   5.0492559778815087     
   5.0529587605977655     
   5.0566483958568877     
   5.0603249549312004     
   5.0639885176399586     
   5.0676391316424159     
   5.0712768776775974     
   5.0749018077422940     
   5.0785140431053142     
   5.0821136101949005     
   5.0857005858637896     
   5.0892750377717784     
   5.0928370447917271     
   5.0963866317978894     
   5.0999238853906803     
   5.1034489058779888     
   5.1069617105514906     
   5.1104623765574555     
   5.1139509626434601     
   5.1174275556416013     
   5.1208922080672661     
   5.1243449746613505     
   5.1277859326117774     
   5.1312151256335010     
   5.1346326208067570     
   5.1380384760139313     
   5.1414327411885274     
   5.1448154718451207     
   5.1481867659120608     
   5.1515466684453619     
   5.1548952002891193     
   5.1582324719453894     
   5.1615584828759138     
   5.1648733438949703     
   5.1681771011233071     
   5.1714698073258329     
   5.1747514774122836     
   5.1780222157141012     
   5.1812820587486597     
   5.1845310642642675     
   5.1877693061488506     
   5.1909967846098173     
   5.1942136111304187     
   5.1974197979108494     
   5.2006154154326270     
   5.2038005144684449     
   5.2069751398301287     
   5.2101393581615598     
   5.2132932123689582     
   5.2164367531259987     
   5.2195700193493781     
   5.2226930935206513     
   5.2258059989914729     
   5.2289088074966399     
   5.2320015075748278     
   5.2350842436123788     
   5.2381569836907005     
   5.2412198030955448     
   5.2442727492889709     
   5.2473158700194826     
   5.2503492031362402     
   5.2533728243144804     
   5.2563867656163152     
   5.2593910704461662     
   5.2623857836513945     
   5.2653709409599765     
   5.2683466095706928     
   5.2713128233500370     
   5.2742696253334609     
   5.2772170820178674     
   5.2801551773512312     
   5.2830839998533579     
   5.2860035960778315     
   5.2889139905983571     
   5.2918152346026952     
   5.2947073520054078     
   5.2975904572648655     
   5.3004645038282341     
   5.3033295971938212     
   5.3061857362486746     
   5.3090329617333447     
   5.3118713384238863     
   5.3147009240484593     
   5.3175217365446903     
   5.3203337947112148     
   5.3231371552480073     
   5.3259318565394196     
   5.3287179463574281     
   5.3314954555519325     
   5.3342644309685250     
   5.3370248940910452     
   5.3397769274624771     
   5.3425205202272350     
   5.3452557021306903     
   5.3479825987835721     
   5.3507011273559462     
   5.3534114169315954     
   5.3561134814883458     
   5.3588073086881041     
   5.3614929857705773     
   5.3641705406824194     
   5.3668400061209116     
   5.3695014172239626     
   5.3721548093763767     
   5.3748002179026662     
   5.3774376779811623     
   5.3800672246023709     
   5.3826888899356247     
   5.3853027071493162     
   5.3879087346441867     
   5.3905069877974148     
   5.3930974801458964     
   5.3956802443982683     
   5.3982553673405018     
   5.4008228354901968     
   5.4033826933727243     
   5.4059349764049500     
   5.4084797177434236     
   5.4110169498672471     
   5.4135467049264507     
   5.4160690148393389     
   5.4185839113305114     
   5.4210914259581546     
   5.4235915900986100     
   5.4260844349787503     
   5.4285699911694412     
   5.4310482908333793     
   5.4335193528300278     
   5.4359832301909004     
   5.4384399575002513     
   5.4408895156954262     
   5.4433320089673938     
   5.4457674058348244     
   5.4481957465604181     
   5.4506170789730266     
   5.4530314254669143     
   5.4554388205070152     
   5.4578392637939439     
   5.4602328235402728     
   5.4626194999794206     
   5.4649993520508762     
   5.4673724197081661     
   5.4697386387686793     
   5.4720981169190974     
   5.4744508822031213     
   5.4767969356786388     
   5.4791363031484659     
   5.4814690252771419     
   5.4837951561742271     
   5.4861146373580461     
   5.4884275759092764     
   5.4907339861913007     
   5.4930338910395786     
   5.4953272865332190     
   5.4976141883134479     
   5.4998946889247931     
   5.5021687859095172     
   5.5044365249547589     
   5.5066978477090567     
   5.5089528732865842     
   5.5112015846154359     
   5.5134440122598090     
   5.5156801968254978     
   5.5179101499256236     
   5.5201339063392627     
   5.5223514539733882     
   5.5245628231056063     
   5.5267680736990448     
   5.5289672455977188     
   5.5311603122531086     
   5.5333473540345430     
   5.5355283028930513     
   5.5377032846669270     
   5.5398722512446952     
   5.5420352497298797     
   5.5441922866443294     
   5.5463434487221503     
   5.5484886808019986     
   5.5506280708494140     
   5.5527615748402095     
   5.5548892923787800     
   5.5570111577095256     
   5.5591272784719399     
   5.5612376348052157     
   5.5633422595261077     
   5.5654411530308900     
   5.5675343454719872     
   5.5696218687690990     
   5.5717037232866247     
   5.5737799943066095     
   5.5758506076583085     
   5.5779156828243339     
   5.5799751795439674     
   5.5820291602383545     
   5.5840775886560827     
   5.5861204953709214     
   5.5881579472953327     
   5.5901899415050753     
   5.5922164634241369     
   5.5942375945009246     
   5.5962533530904048     
   5.5982636959701395     
   5.6002686932513388     
   5.6022683453371309     
   5.6042626960105544     
   5.6062517669958476     
   5.6082355049356574     
   5.6102140088235855     
   5.6121872869282461     
   5.6141553510583915     
   5.6161182153158231     
   5.6180759012543886     
   5.6200283856653401     
   5.6219757500955048     
   5.6239179969474042     
   5.6258551707725388     
   5.6277872230280455     
   5.6297142015917796     
   5.6316361326896827     
   5.6335530361762869     
   5.6354649303597570     
   5.6373718329224838     
   5.6392737609366348     
   5.6411707325690683     
   5.6430627658255554     
   5.6449498447954998     
   5.6468320626244486     
   5.6487094053810472     
   5.6505818803368069     
   5.6524495032806152     
   5.6543122915369564     
   5.6561702628091561     
   5.6580234348406293     
   5.6598718252879232     
   5.6617154516443104     
   5.6635543312421825     
   5.6653884812707815     
   5.6672179187536864     
   5.6690426605786097     
   5.6708627235364668     
   5.6726781243128341     
   5.6744888795023947     
   5.6762950056057289     
   5.6780965190334349     
   5.6798934361151483     
   5.6816857731020161     
   5.6834735461532047     
   5.6852567713605646     
   5.6870354647264225     
   5.6888096421785290     
   5.6905793195717456     
   5.6923445126722845     
   5.6941052371824075     
   5.6958615087145308     
   5.6976133428163527     
   5.6993607549555403     
   5.7011037605204660     
   5.7028423748343666     
   5.7045766131356261     
   5.7063064905990863     
   5.7080320223174104     
   5.7097532233170876     
   5.7114701085493413     
   5.7131826928978064     
   5.7148909911713499     
   5.7165950181060774     
   5.7182947883718809     
   5.7199903165664940     
   5.7216816172238252     
   5.7233687047992232     
   5.7250515936879376     
   5.7267302982135497     
   5.7284048326304591     
   5.7300752111337427     
   5.7317414478414541     
   5.7334035568106296     
   5.7350615520365613     
   5.7367154474405080     
   5.7383652568818064     
   5.7400109941605910     
   5.7416526730037560     
   5.7432903070834236     
   5.7449239100002201     
   5.7465534952943065     
   5.7481790764475100     
   5.7498006668763262     
   5.7514182799305269     
   5.7530319289039413     
   5.7546416270322753     
   5.7562473874798128     
   5.7578492233607186     
   5.7594471477252966     
   5.7610411735612006     
   5.7626313138005232     
   5.7642175813145888     
   5.7657999889178058     
   5.7673785493636966     
   5.7689532753495385     
   5.7705241795145028     
   5.7720912744387842     
   5.7736545726522372     
   5.7752140866176926     
   5.7767698287482698     
   5.7783218114048402     
   5.7798700468821345     
   5.7814145474267118     
   5.7829553252291905     
   5.7844923924254301     
   5.7860257610964441     
   5.7875554432691807     
   5.7890814509168953     
   5.7906037959603625     
   5.7921224902662169     
   5.7936375456464093     
   5.7951489738689634     
   5.7966567866357996     
   5.7981609956112656     
   5.7996616123953117     
   5.8011586485483893     
   5.8026521155700355     
   5.8041420249186091     
   5.8056283879894712     
   5.8071112161429408     
   5.8085905206772575     
   5.8100663128463728     
   5.8115386038567367     
   5.8130074048644245     
   5.8144727269728183     
   5.8159345812398895     
   5.8173929786799725     
   5.8188479302513558     
   5.8202994468704814     
   5.8217475394035274     
   5.8231922186695266     
   5.8246334954466636     
   5.8260713804565389     
   5.8275058843842364     
   5.8289370178652149     
   5.8303647914824781     
   5.8317892157863334     
   5.8332103012711167     
   5.8346280583918961     
   5.8360424975567078     
   5.8374536291287686     
   5.8388614634327007     
   5.8402660107401374     
   5.8416672812826933     
   5.8430652852524032     
   5.8444600327964356     
   5.8458515340138986     
   5.8472397989652753     
   5.8486248376656338     
   5.8500066600965734     
   5.8513852761856429     
   5.8527606958252703     
   5.8541329288657948     
   5.8555019851139978     
   5.8568678743414146     
   5.8582306062691663     
   5.8595901905853651     
   5.8609466369343872     
   5.8622999549210055     
   5.8636501541095809     
   5.8649972440248472     
   5.8663412341534791     
   5.8676821339418730     
   5.8690199527957851     
   5.8703547000830358     
   5.8716864006530205     
   5.8730150292678651     
   5.8743406132475746     
   5.8756631619710555     
   5.8769826865475432     
   5.8782991962602393     
   5.8796126999601936     
   5.8809232064327084     
   5.8822307244739092     
   5.8835352628933153     
   5.8848368305207996     
   5.8861354361771951     
   5.8874310886901258     
   5.8887237968603579     
   5.8900135694737301     
   5.8913004152868771     
   5.8925843430267024     
   5.8938653613907031     
   5.8951434790422050     
   5.8964187046091228     
   5.8976910466860994     
   5.8989605138352825     
   5.9002271145824583     
   5.9014908574192377     
   5.9027517508093483     
   5.9040098031714097     
   5.9052650228991901     
   5.9065174183496554     
   5.9077669978472356     
   5.9090137696829652     
   5.9102577421152729     
   5.9114989233705986     
   5.9127373216418091     
   5.9139729450897311     
   5.9152058018416165     
   5.9164358999939752     
   5.9176632476112809     
   5.9188878527268640     
   5.9201097233415751     
   5.9213288674236937     
   5.9225452929112423     
   5.9237590077116131     
   5.9249700197013206     
   5.9261783367245622     
   5.9273839665954400     
   5.9285869170979488     
   5.9297871959852584     
   5.9309848109791190     
   5.9321797697734109     
   5.9333720800300425     
   5.9345617493827065     
   5.9357487854348623     
   5.9369331957601217     
   5.9381149879033313     
   5.9392941693798100     
   5.9404707476751213     
   5.9416447302466979     
   5.9428161245231532     
   5.9439849379045278     
   5.9451511777604074     
   5.9463148514385953     
   5.9474759662470866     
   5.9486345294799641     
   5.9497905483887488     
   5.9509440302113470     
   5.9520949821465647     
   5.9532434113712220     
   5.9543893250337927     
   5.9555327302571097     
   5.9566736341342814     
   5.9578120437326110     
   5.9589479660934970     
   5.9600814082304598     
   5.9612123771298107     
   5.9623408797527899     
   5.9634669230336153     
   5.9645905138814994     
   5.9657116591768427     
   5.9668303657808703     
   5.9679466405194299     
   5.9690604901991744     
   5.9701719216002909     
   5.9712809414754275     
   5.9723875565544748     
   5.9734917735412800     
   5.9745935991140779     
   5.9756930399270454     
   5.9767901026087955     
   5.9778847937637920     
   5.9789771199708568     
   5.9800670877896716     
   5.9811547037441120     
   5.9822399743485395     
   5.9833229060803923     
   5.9844035054001639     
   5.9854817787435826     
   5.9865577325215371     
   5.9876313731210722     
   5.9887027069068051     
   5.9897717402197754     
   5.9908384793771514     
   5.9919029306739438     
   5.9929651003812650     
   5.9940249947468143     
   5.9950826199962011     
   5.9961379823330496     
   5.9971910879380470     
   5.9982419429681757     
   5.9992905535587768     
   6.0003369258223476     
   6.0013810658484799     
   6.0024229797113513     
   6.0034626734525540     
   6.0045001530987818     
   6.0055354246528809     
   6.0065684940960553     
   6.0075993673893366     
   6.0086280504702350     
   6.0096545492560107     
   6.0106788696429891     
   6.0117010175053789     
   6.0127209986972554     
   6.0137388190507926     
   6.0147544843776535     
   6.0157680004686798     
   6.0167793730943435     
   6.0177886080045058     
   6.0187957109286296     
   6.0198006875748646     
   6.0208035436330976     
   6.0218042847708668     
   6.0228029166357526     
   6.0237994448566985     
   6.0247938750424277     
   6.0257862127817230     
   6.0267764636426469     
   6.0277646331740478     
   6.0287507269065737     
   6.0297347503490641     
   6.0307167089931770     
   6.0316966083101091     
   6.0326744537525467     
   6.0336502507528431     
   6.0346240047250816     
   6.0355957210646203     
   6.0365654051472077     
   6.0375330623313630     
   6.0384986979562703     
   6.0394623173415463     
   6.0404239257885424     
   6.0413835285810729     
   6.0423411309838233     
   6.0432967382440399     
   6.0442503555897344     
   6.0452019882312804     
   6.0461516413614262     
   6.0470993201532739     
   6.0480450297639532     
   6.0489887753331653     
   6.0499305619818680     
   6.0508703948139706     
   6.0518082789148808     
   6.0527442193531176     
   6.0536782211798830     
   6.0546102894288474     
   6.0555404291159594     
   6.0564686452419627     
   6.0573949305025074     
   6.0583193168021197     
   6.0592417966534127     
   6.0601623718387154     
   6.0610810470988383     
   6.0619978275239887     
   6.0629127182256743     
   6.0638257242708251     
   6.0647368506662716     
   6.0656461023586470     
   6.0665534842438253     
   6.0674590011739609     
   6.0683626579665670     
   6.0692644594099434     
   6.0701644102683598     
   6.0710625315902744     
   6.0719587921820599     
   6.0728532126886998     
   6.0737458024546509     
   6.0746365665791968     
   6.0755255095585925     
   6.0764126357668227     
   6.0772979495720998     
   6.0781814553792524     
   6.0790631576245344     
   6.0799430607758858     
   6.0808211693206990     
   6.0816974877571868     
   6.0825720205857126     
   6.0834447723004788     
   6.0843157473923926     
   6.0851849503394995     
   6.0860523856091664     
   6.0869180576542705     
   6.0877819709137588     
   6.0886441298141980     
   6.0895045387673665     
   6.0903632021714325     
   6.0912201242278998     
   6.0920753089550672     
   6.0929287613573457     
   6.0937804856380513     
   6.0946304861524458     
   6.0954787672395145     
   6.0963253673997384     
   6.0971702168461199     
   6.0980133528520186     
   6.0988547891303897     
   6.0996944832869664     
   6.1005325426984687     
   6.1013689242729745     
   6.1022036184842676     
   6.1030366280882475     
   6.1038679575311932     
   6.1046976115926075     
   6.1055255950419447     
   6.1063519125426788     
   6.1071765686230917     
   6.1079995676788768     
   6.1088209140069099     
   6.1096406118221180     
   6.1104586652842654     
   6.1112750785035317     
   6.1120898555610790     
   6.1129030005132492     
   6.1137145173888312     
   6.1145244102093610     
   6.1153326829719816     
   6.1161393396633263     
