   3.3104000724844723E-009
   2.2880624740524969E-007
   2.3163064424674784E-006
   1.0776741009193023E-005
   3.3610612884502974E-005
   8.2766458843023527E-005
   1.7452661795289631E-004
   3.2938463725825593E-004
   5.7125331086335836E-004
   9.2620614974970130E-004
   1.4210856202240773E-003
   2.0822634505815434E-003
   2.9347148612875297E-003
   4.0014585719685813E-003
   5.3033338972551655E-003
   6.8590488321718986E-003
   8.6854049017422389E-003
   1.0797621885153775E-002
   1.3209687642931059E-002
   1.5934691930266958E-002
   1.8985099452117800E-002
   2.2372964052537345E-002
   2.6110045626752943E-002
   3.0207913639596119E-002
   3.4677945613314019E-002
   3.9531316642715461E-002
   4.4778970572817045E-002
   5.0431569876762311E-002
   5.6499406441321308E-002
   6.2992377373018035E-002
   6.9919896549423016E-002
   7.7290857328657717E-002
   8.5113561027194390E-002
   9.3395654717865942E-002
  0.10214410162185739     
  0.11136508239720674     
  0.12106398491806321     
  0.13124530876465884     
  0.14191260895462460     
  0.15306847553474862     
  0.16471445085372169     
  0.17685099904798876     
  0.18947745809864999     
  0.20259199782474055     
  0.21619161100052989     
  0.23027231557889222     
  0.24482842634201948     
  0.25985349490699305     
  0.27533984876835127     
  0.29127856890004045     
  0.30765967898506219     
  0.32447208463662397     
  0.34170372084658479     
  0.35934156039077547     
  0.37737176460752753     
  0.39577940079598084     
  0.41454907891974530     
  0.43366460589743910     
  0.45310917894826946     
  0.47286549660013399     
  0.49291583428622410     
  0.51324203453097028     
  0.53382579623598059     
  0.55464852228341832     
  0.57569133243764525     
  0.59693566610255455     
  0.61836269661951360     
  0.63995362768598485     
  0.66169000841922510     
  0.68355361131333880     
  0.70552623359056732     
  0.72758992710366577     
  0.74972764936676517     
  0.77192206665891405     
  0.79415676002783731     
  0.81641549310168315     
  0.83868277611233577     
  0.86094339715626034     
  0.88318275338120511     
  0.90538711899508739     
  0.92754280895954222     
  0.94963719537398605     
  0.97165796023494477     
  0.99359353076943302     
   1.0154331599288902     
   1.0371658595909765     
   1.0587826002826637     
   1.0802736659867589     
   1.1016307720168481     
   1.1228458240767683     
   1.1439112936227738     
   1.1648206620142718     
   1.1855672409930438     
   1.2061455745602905     
   1.2265502257581467     
   1.2467766819663928     
   1.2668205400637516     
   1.2866780982781918     
   1.3063457924145123     
   1.3258209017007554     
   1.3451013180846625     
   1.3641844458895585     
   1.3830688074415600     
   1.4017532260001511     
   1.4202364016060240     
   1.4385176376844817     
   1.4565968218581884     
   1.4744736603382260     
   1.4921488539723282     
   1.5096221081155559     
   1.5268941773837617     
   1.5439668237642312     
   1.5608398508235837     
   1.5775158854520070     
   1.5939952827128443     
   1.6102801776795805     
   1.6263722639248732     
   1.6422733535133855     
   1.6579856100701527     
   1.6735113971417743     
   1.6888518028414496     
   1.7040098859291162     
   1.7189886766681639     
   1.7337898265229326     
   1.7484156297595581     
   1.7628692948937588     
   1.7771529985634258     
   1.7912694091408181     
   1.8052214127052197     
   1.8190109393885263     
   1.8326416030947228     
   1.8461153586724124     
   1.8594352022964149     
   1.8726038180480316     
   1.8856236543803373     
   1.8984974532100474     
   1.9112279316433378     
   1.9238178188021839     
   1.9362690031885981     
   1.9485848812779458     
   1.9607672781190424     
   1.9728192125593862     
   1.9847430125169674     
   1.9965401560701916     
   2.0082146337206037     
   2.0197679157629511     
   2.0312021376670204     
   2.0425193623714506     
   2.0537226684687884     
   2.0648130565743212     
   2.0757940406021507     
   2.0866660321842110     
   2.0974322705194397     
   2.1080945210488604     
   2.1186543711254324     
   2.1291151817232286     
   2.1394740957024738     
   2.1497384464234419     
   2.1599086053482934     
   2.1699834922149339     
   2.1799676983245861     
   2.1898614762664730     
   2.1996672623445743     
   2.2093866669656173     
   2.2190175727656709     
   2.2285664509997019     
   2.2380327945286083     
   2.2474173889364639     
   2.2567219852723461     
   2.2659493046943897     
   2.2750945099561308     
   2.2841667800709100     
   2.2931637161181566     
   2.3020859027324216     
   2.3109362329741510     
   2.3197122354976241     
   2.3284188701749127     
   2.3370577685940170     
   2.3456219541944092     
   2.3541222749752833     
   2.3625573838035141     
   2.3709221981196542     
   2.3792200488302844     
   2.3874579158074112     
   2.3956302441215680     
   2.4037396601567624     
   2.4117871230144456     
   2.4197750847824433     
   2.4276971723761362     
   2.4355613058867518     
   2.4433680341854980     
   2.4511135056529461     
   2.4588021135698450     
   2.4664340245822798     
   2.4740057595117855     
   2.4815237486871187     
   2.4889852642879533     
   2.4963935188565793     
   2.5037405342272243     
   2.5110387261872957     
   2.5182823089640616     
   2.5254722551306665     
   2.5326096966375493     
   2.5396934708689378     
   2.5467261049716581     
   2.5537072114686437     
   2.5606400977289536     
   2.5675147135851359     
   2.5743454056073722     
   2.5811235243307888     
   2.5878534074656185     
   2.5945341542009186     
   2.6011689244855685     
   2.6077464111004671     
   2.6142830294637447     
   2.6207729907313655     
   2.6272108460994570     
   2.6336012560908655     
   2.6399484357384413     
   2.6462517910934253     
   2.6525019878517995     
   2.6587089339384442     
   2.6648705722977803     
   2.6709869561631332     
   2.6770583381453772     
   2.6830850180910963     
   2.6890641756575540     
   2.6950044613122506     
   2.7008986823194632     
   2.7067497617581275     
   2.7125568680115393     
   2.7183207988621483     
   2.7240419305645127     
   2.7297204049692434     
   2.7353563518181430     
   2.7409502815552118     
   2.7465025341451268     
   2.7520123116663617     
   2.7574815550506613     
   2.7629096886407565     
   2.7682954378638964     
   2.7736416060299600     
   2.7789472733955209     
   2.7842124176112795     
   2.7894372050350857     
   2.7946222098972515     
   2.7997672084342704     
   2.8048727684705259     
   2.8099426325944639     
   2.8149650935157409     
   2.8199547913527447     
   2.8249051514013144     
   2.8298169547657341     
   2.8346895560819330     
   2.8395252760620813     
   2.8443224503852629     
   2.8490820065854883     
   2.8538040435955798     
   2.8584888455402360     
   2.8631367214128343     
   2.8677476529186174     
   2.8723218055423065     
   2.8768593229451183     
   2.8813605998500278     
   2.8858257021035261     
   2.8902548431968480     
   2.8946482024621574     
   2.8990060462283695     
   2.9033285119447854     
   2.9076202766505914     
   2.9118696084407425     
   2.9160797195719583     
   2.9202661744290652     
   2.9244150309084627     
   2.9285288810507502     
   2.9326084536103183     
   2.9366542072998425     
   2.9406658201356164     
   2.9446440425496241     
   2.9485903014703223     
   2.9525004078551835     
   2.9563784684638548     
   2.9602238107879923     
   2.9640345873348068     
   2.9678156978585961     
   2.9715635957828850     
   2.9752790449463400     
   2.9789627471501205     
   2.9826139998373407     
   2.9862332825911393     
   2.9898210946373633     
   2.9933768529236002     
   2.9969030258868146     
   3.0003964673478754     
   3.0038600763219381     
   3.0072918871703225     
   3.0106943109338062     
   3.0140651660161981     
   3.0174117429090117     
   3.0207115600772769     
   3.0239964380211286     
   3.0272479905768868     
   3.0304686578019475     
   3.0336606630145697     
   3.0368223065869984     
   3.0399607783554310     
   3.0430543140364219     
   3.0461394334310787     
   3.0491752303741264     
   3.0521941577516096     
   3.0551910589937195     
   3.0581407833011860     
   3.0610766866171502     
   3.0639840628903219     
   3.0668562803165065     
   3.0697057055812151     
   3.0725269579355219     
   3.0753257254369175     
   3.0780822060477582     
   3.0808237542651162     
   3.0835430578552856     
   3.0862165367869800     
   3.0888780537884304     
   3.0915112770776241     
   3.0941159560345137     
   3.0966947443621513     
   3.0992467958304282     
   3.1017740125128257     
   3.1042733069546600     
   3.1067485698805428     
   3.1091981194744434     
   3.1116210432000249     
   3.1140178332977140     
   3.1163992920207488     
   3.1187383040138914     
   3.1210651583093059     
   3.1233536297936446     
   3.1256337718797615     
   3.1278899674449558     
   3.1300986193265405     
   3.1323036810441307     
   3.1344863036273338     
   3.1366357095073067     
   3.1387508853765809     
   3.1408613704403261     
   3.1429419378486769     
   3.1450049682077346     
   3.1470278604334281     
   3.1490387189119615     
   3.1510281330565557     
   3.1529889849236339     
   3.1549302204595899     
   3.1568543885554656     
   3.1587438064147499     
   3.1606147744376876     
   3.1624606579211805     
   3.1642904365974149     
   3.1660958238569985     
   3.1678749374516815     
   3.1696460605197028     
   3.1713721777539980     
   3.1730939770983873     
   3.1747899623489828     
   3.1764641150992685     
   3.1781167688668575     
   3.1797479735472534     
   3.1813676948601217     
   3.1829382433805629     
   3.1845137420433223     
   3.1860614462941559     
   3.1875948221880095     
   3.1890948461897404     
   3.1905735840983263     
   3.1920400911221214     
   3.1934892552160274     
   3.1949092153929430     
   3.1963164635076136     
   3.1976983325864086     
   3.1990736880043724     
   3.2004099637772421     
   3.2017263576886505     
   3.2030371488873062     
   3.2043261505981762     
   3.2055896540718307     
   3.2068394061573593     
   3.2080643178375148     
   3.2092747169171258     
   3.2104755187555707     
   3.2116358817754036     
   3.2127805082225702     
   3.2139208377698734     
   3.2150373710044176     
   3.2161345035938873     
   3.2172132288682156     
   3.2182736700394248     
   3.2193154516343490     
   3.2203479123980041     
   3.2213493814471059     
   3.2223242359363033     
   3.2233039859309152     
   3.2242548179116932     
   3.2251913899100999     
   3.2261097005966333     
   3.2270099261381042     
   3.2278929299500838     
   3.2287586419309853     
   3.2296072307095200     
   3.2304384102896129     
   3.2312536006211592     
   3.2320518036156844     
   3.2328333966662748     
   3.2335989143196819     
   3.2343458254443114     
   3.2350758218442919     
   3.2357910073596954     
   3.2364913058802229     
   3.2371741102749341     
   3.2378396264176894     
   3.2384924251597935     
   3.2391320704922335     
   3.2397360789147980     
   3.2403457461533525     
   3.2409329070105972     
   3.2415063254599357     
   3.2420591009359483     
   3.2426017253660468     
   3.2431388582893872     
   3.2436300281131794     
   3.2441287545226394     
   3.2446119233622155     
   3.2450765079485051     
   3.2455342175472008     
   3.2459622653834637     
   3.2463839678254267     
   3.2467757384274889     
   3.2471752000814420     
   3.2475615065662682     
   3.2479062771355300     
   3.2482609730904728     
   3.2485934747211758     
   3.2489139041085444     
   3.2492184826844701     
   3.2495154102850283     
   3.2497810982285640     
   3.2500478527153089     
   3.2502971561492036     
   3.2505322754838857     
   3.2507535277111503     
   3.2509624998714699     
   3.2511572138282898     
   3.2513404865186488     
   3.2515000695726419     
   3.2516690510098014     
   3.2517882666137905     
   3.2519333545968245     
   3.2520426659032116     
   3.2521433254374403     
   3.2522270160307434     
   3.2523071308741525     
   3.2523698474954967     
   3.2524246794625147     
   3.2524522361651176     
   3.2524831057771304     
   3.2524913470442081     
   3.2524980460578363     
   3.2524811530645135     
   3.2524569792798088     
   3.2524193830889319     
   3.2523760017162799     
   3.2523103971659113     
   3.2522350348052469     
   3.2521541732984263     
   3.2520459314901440     
   3.2519565612175896     
   3.2518125488102085     
   3.2516880449932994     
   3.2515497983599442     
   3.2513854803529361     
   3.2512253689248798     
   3.2510426274544693     
   3.2508515563300344     
   3.2506495231981440     
   3.2504361285447247     
   3.2502124787480016     
   3.2499765624157058     
   3.2497228357129697     
   3.2494705277495983     
   3.2492022570401975     
   3.2489333789161883     
   3.2486351682768042     
   3.2483316009019227     
   3.2480191199850723     
   3.2476962109957106     
   3.2473567951161275     
   3.2470116008785888     
   3.2466653323556827     
   3.2463000676256395     
   3.2459246698441904     
   3.2455390396690929     
   3.2451431518952680     
   3.2447430033369509     
   3.2443205876189940     
   3.2438902526736748     
   3.2434577415159724     
   3.2430104267168485     
   3.2425586443143652     
   3.2420952334171953     
   3.2416122197313313     
   3.2411292551338331     
   3.2406386587873230     
   3.2401261319361234     
   3.2396263598070765     
   3.2390789030225986     
   3.2385567699344091     
   3.2380200043713314     
   3.2374622184684756     
   3.2369004834923842     
   3.2363295164105619     
   3.2357492914384158     
   3.2351537146238281     
   3.2345678632454269     
   3.2339543236440438     
   3.2333327943271355     
   3.2327161762545789     
   3.2320788101454037     
   3.2314266413793433     
   3.2307840600148423     
   3.2301213288383361     
   3.2294523678950231     
   3.2287746581332342     
   3.2280882106247994     
   3.2273931704363705     
   3.2266901663982859     
   3.2259779115878575     
   3.2252573731786307     
   3.2245286024975859     
   3.2237915018625913     
   3.2230461223032569     
   3.2222926798743106     
   3.2215307806774001     
   3.2207608965054693     
   3.2199827845199960     
   3.2191966592695924     
   3.2184021083400380     
   3.2176020107250838     
   3.2167910269697924     
   3.2159784908410018     
   3.2151486142793702     
   3.2143079012815745     
   3.2134726379491654     
   3.2126224365975347     
   3.2117678542130017     
   3.2109043912226514     
   3.2100329910232945     
   3.2091541146115907     
   3.2082686937042668     
   3.2073747058804991     
   3.2064737925481128     
   3.2055724605132485     
   3.2046509203240467     
   3.2037272904638598     
   3.2027970658721534     
   3.2018597326588329     
   3.2009152707262469     
   3.1999637061727197     
   3.1990051028127180     
   3.1980394501091109     
   3.1970610300865152     
   3.1960866710222873     
   3.1951010570145675     
   3.1941193572674096     
   3.1931096183441343     
   3.1921018265932442     
   3.1910883135652517     
   3.1900681831570719     
   3.1890414130532201     
   3.1880080616188207     
   3.1869681420749125     
   3.1859216376872408     
   3.1848687811011671     
   3.1838096044004134     
   3.1827438797043306     
   3.1816718589429454     
   3.1805935886724184     
   3.1795090593916195     
   3.1784183090643725     
   3.1773213340165367     
   3.1762066657173063     
   3.1751078042475704     
   3.1739933981913309     
   3.1728713316828445     
   3.1717459941623050     
   3.1706133157763663     
   3.1694764942451665     
   3.1683308401449546     
   3.1671783383413428     
   3.1660298504451925     
   3.1648543913207994     
   3.1637007781332160     
   3.1625124974204972     
   3.1613480934910112     
   3.1601482818556828     
   3.1589651410393746     
   3.1577702404076073     
   3.1565662249166082     
   3.1553608958086050     
   3.1541496173391654     
   3.1529274512483099     
   3.1517102542001991     
   3.1504809245285217     
   3.1492443684753644     
   3.1480058040617487     
   3.1467643150748708     
   3.1455123762329795     
   3.1442639063257638     
   3.1429913025270602     
   3.1417314449427778     
   3.1404615997697451     
   3.1391863948621235     
   3.1379065024894315     
   3.1366224080943419     
   3.1353315349201636     
   3.1340438712598169     
   3.1327296241919478     
   3.1314299620881392     
   3.1301204338818285     
   3.1288054460175450     
   3.1274856347520332     
   3.1261609673634814     
   3.1248302890017574     
   3.1234976642812073     
   3.1221604590359355     
   3.1208154336294682     
   3.1194699477985823     
   3.1181165822624499     
   3.1167607285499970     
   3.1153977395111263     
   3.1140316742455507     
   3.1126610952256080     
   3.1112862139910460     
   3.1099066731696259     
   3.1085228669480318     
   3.1071347960706150     
   3.1057421690040070     
   3.1043458971217741     
   3.1029509731394951     
   3.1015393505803961     
   3.1001211495195746     
   3.0987149966719403     
   3.0972994359858728     
   3.0958753207490339     
   3.0944508353952860     
   3.0930206668268285     
   3.0915882534797388     
   3.0901485232712385     
   3.0887060420959718     
   3.0872600579558660     
   3.0858165218393654     
   3.0843567792770843     
   3.0828902635382400     
   3.0814433295965515     
   3.0799717694096778     
   3.0785016821220768     
   3.0770212434581214     
   3.0755506768624756     
   3.0740708504791714     
   3.0725866104612365     
   3.0710987448404712     
   3.0696066878290114     
   3.0681120594702009     
   3.0666137376525251     
   3.0651200898747208     
   3.0635975478830044     
   3.0620978683893654     
   3.0605844434355429     
   3.0590680272499822     
   3.0575483542164537     
   3.0560259080218479     
   3.0544988650905043     
   3.0529688295406676     
   3.0514354524874077     
   3.0498987346278534     
   3.0483590159500062     
   3.0468288881225791     
   3.0452646810267567     
   3.0437106021378830     
   3.0421630882207600     
   3.0406107942316352     
   3.0390578389517007     
   3.0374885427035974     
   3.0359150224498044     
   3.0343599409718411     
   3.0327822311537922     
   3.0312068290391632     
   3.0296302278604412     
   3.0280396891617070     
   3.0264612790572665     
   3.0248848194390705     
   3.0232808773026965     
   3.0216935451182243     
   3.0200974072444349     
   3.0184998238399130     
   3.0168984281561602     
   3.0153029282326624     
   3.0136887912961701     
   3.0120718381616607     
   3.0104644602735622     
   3.0088577779394932     
   3.0072264066415819     
   3.0056108279972071     
   3.0039884609050866     
   3.0023617704220724     
   3.0007336245722556     
   2.9991026092975455     
   2.9974687183032587     
   2.9958323878359039     
   2.9941935986522727     
   2.9925520485199870     
   2.9909079132380176     
   2.9892613479608743     
   2.9876123373002388     
   2.9859620594806313     
   2.9843068216975674     
   2.9826496793272845     
   2.9810002709560299     
   2.9793237882116390     
   2.9776659081829617     
   2.9760016442385755     
   2.9743326824565370     
   2.9726620594101125     
   2.9709896111192968     
   2.9693131997891515     
   2.9676386179610761     
   2.9659555472364625     
   2.9642752141364075     
   2.9625903406986906     
   2.9609044474796642     
   2.9592148374072287     
   2.9575274822290014     
   2.9558325731580961     
   2.9541360791465627     
   2.9524425203793956     
   2.9507427651853924     
   2.9490394905439112     
   2.9473450267272687     
   2.9456266825126911     
   2.9439244104668258     
   2.9422253920249419     
   2.9404971943683429     
   2.9387916188763032     
   2.9370848492241923     
   2.9353537897726065     
   2.9336505010749976     
   2.9319122911418090     
   2.9301977760894320     
   2.9284739494303369     
   2.9267478219219099     
   2.9250211646410920     
   2.9232903716835996     
   2.9215563863130254     
   2.9198282245651579     
   2.9180890640258670     
   2.9163510104164345     
   2.9146239491440804     
   2.9128654609593267     
   2.9111322477322030     
   2.9093895486764381     
   2.9076423089057877     
   2.9058956909721840     
   2.9041548650667321     
   2.9023889408734616     
   2.9006528671420515     
   2.8988924006100665     
   2.8971281987728266     
   2.8953768611931814     
   2.8936229772745774     
   2.8918619150128495     
   2.8900966489977287     
   2.8883411059825126     
   2.8865735829851129     
   2.8848093332735045     
   2.8830389918990345     
   2.8812691582451886     
   2.8795046771735833     
   2.8777441224192994     
   2.8759517873505196     
   2.8741781937435045     
   2.8724046818777706     
   2.8706317591395689     
   2.8688532719555560     
   2.8670742139599428     
   2.8652890218403124     
   2.8635097558856093     
   2.8617289257162670     
   2.8599412383831724     
   2.8581585575655488     
   2.8563682796963499     
   2.8545864613121492     
   2.8527927275442533     
   2.8509926632779430     
   2.8492054851497066     
   2.8474162100475131     
   2.8456188500984245     
   2.8438252970473199     
   2.8420286344130341     
   2.8402302902082135     
   2.8384297212615306     
   2.8366346676478824     
   2.8348270839050245     
   2.8330282692220972     
   2.8312254840510294     
   2.8294364125855558     
   2.8275983994835903     
   2.8258125942143315     
   2.8240115942731667     
   2.8221962755047252     
   2.8203788783038015     
   2.8185724346283578     
   2.8167665762753407     
   2.8149525753753255     
   2.8131400679673231     
   2.8113255051104962     
   2.8095098137672854     
   2.8076946122507764     
   2.8058915334471846     
   2.8040551134074958     
   2.8022348909595935     
   2.8004200439545648     
   2.7986041071617400     
   2.7967819174867929     
   2.7949723633289527     
   2.7931258418733180     
   2.7913132502027698     
   2.7894895796521424     
   2.7876647335124534     
   2.7858388400211789     
   2.7840122333539719     
   2.7821850509504791     
   2.7803571414980088     
   2.7785284170409907     
   2.7767064895662070     
   2.7748614116760817     
   2.7730370326864726     
   2.7712073202148466     
   2.7693767249271657     
   2.7675431365010343     
   2.7657098918128442     
   2.7638761049087077     
   2.7620417063949461     
   2.7602067008261666     
   2.7583710944147035     
   2.7565349007001965     
   2.7546981289991312     
   2.7528607898171229     
   2.7510228932513741     
   2.7491830062833116     
   2.7473439272678624     
   2.7455303819201227     
   2.7436467361663919     
   2.7418228055450644     
   2.7399840148416237     
   2.7381427511708685     
   2.7363008694495652     
   2.7344585280118876     
   2.7326157459475104     
   2.7307725298234717     
   2.7289288893608608     
   2.7270788237844776     
   2.7252405537751447     
   2.7234027323580743     
   2.7215511488910669     
   2.7197057416990971     
   2.7178589744580504     
   2.7160056122697491     
   2.7141785810897927     
   2.7123122976601497     
   2.7104703747552250     
   2.7086230787250569     
   2.7067829305726008     
   2.7049171422516260     
   2.7030781990146577     
   2.7012248255539868     
   2.6993774881804624     
   2.6975335876701556     
   2.6956773217220089     
   2.6938256801587808     
   2.6919748503661531     
   2.6901236176062229     
   2.6882724285985513     
   2.6864202842067595     
   2.6845683289842910     
   2.6827163763400987     
   2.6808638713935253     
   2.6790115552804905     
   2.6771583320367736     
   2.6753055343003060     
   2.6734523536299863     
   2.6715990336616167     
   2.6697380177879211     
   2.6678927867235718     
   2.6660387932084424     
   2.6641825613215455     
   2.6623309553173788     
   2.6604797798886759     
   2.6586238191262845     
   2.6567674286068841     
   2.6549173615930153     
   2.6530623885964832     
   2.6512070176186655     
   2.6493600992376036     
   2.6474997092168007     
   2.6456447089982849     
   2.6437900323351524     
   2.6419355066446260     
   2.6400811318328530     
   2.6382264233799106     
   2.6363718030801331     
   2.6345172422217895     
   2.6326556777100603     
   2.6308138909544998     
   2.6289547920967000     
   2.6270984247848035     
   2.6252439525043050     
   2.6233894171169649     
   2.6215345040053224     
   2.6196798533515184     
   2.6178252924143925     
   2.6159708786995237     
   2.6141165766494070     
   2.6122613582323755     
   2.6104082139457594     
   2.6085541382207649     
   2.6066891873714657     
   2.6048501889857869     
   2.6029930499196952     
   2.6011393552227213     
   2.5992860531414128     
   2.5974309543744618     
   2.5955772544681177     
   2.5937317406154201     
   2.5918754088979443     
   2.5900228536372691     
   2.5881704091654640     
   2.5863181790089063     
   2.5844659305892455     
   2.5826140671991205     
   2.5807616729850111     
   2.5789189232775915     
   2.5770484585396938     
   2.5752117938909209     
   2.5733545325754492     
   2.5715108249060576     
   2.5696606787460650     
   2.5678052949748178     
   2.5659580321146636     
   2.5641109973952183     
   2.5622565451742005     
   2.5604145478257476     
   2.5585590249428947     
   2.5567135180758616     
   2.5548735455187703     
   2.5530176132691342     
   2.5511589479661616     
   2.5493320599807725     
   2.5474682420331876     
   2.5456362500609533     
   2.5437818729952109     
   2.5419263926182514     
   2.5400883340944675     
   2.5382503949990438     
   2.5363922868849036     
   2.5345499801077627     
   2.5327080005700084     
   2.5308639734285650     
   2.5290181058644863     
   2.5271875055632238     
   2.5253339695867920     
   2.5234803587685972     
   2.5216480695457308     
   2.5198176718013268     
   2.5179659603034747     
   2.5161243194368383     
   2.5142771026630109     
   2.5124417400147099     
   2.5105994069942477     
   2.5087617244025799     
   2.5069225112477382     
   2.5050836089672717     
   2.5032526457340873     
   2.5014003215568272     
   2.4995689721796279     
   2.4977400447189240     
   2.4958957655647653     
   2.4940504809557331     
   2.4922310499434528     
   2.4903827689200941     
   2.4885494024801327     
   2.4867181336159825     
   2.4848852038376545     
   2.4830513323552452     
