   7.6496927377226181E-012
   105.46742971533760     
   193.96218746768460     
   268.20377443842017     
   330.61679289653796     
   383.28822216732266     
   427.95414715031183     
   466.03032814942645     
   498.66317134468164     
   526.77714637337715     
   551.11874738889389     
   572.29395600726900     
   590.79876670175213     
   607.03759247147866     
   621.34689217571201     
   634.00408550614543     
   645.24617945387070     
   655.26332052659029     
   664.22075270899302     
   672.26160834138113     
   679.49839043502664     
   686.03373910358664     
   691.95594010492448     
   697.33665175207477     
   702.23663632406829     
   706.71035525472189     
   710.80713695608085     
   714.56402100410753     
   718.01756465377923     
   721.19621880353736     
   724.12510358792099     
   726.83088454150186     
   729.32856432597805     
   731.63600831435861     
   733.77062162185609     
   735.74433498770532     
   737.57134249729222     
   739.25717160811905     
   740.81212835335236     
   742.24770564070946     
   743.56822037338566     
   744.78183557473074     
   745.89485379988412     
   746.91016777192533     
   747.83696045963825     
   748.67531842681808     
   749.43260330396856     
   750.11149443313218     
   750.71612082435422     
   751.24871382071854     
   751.71459225394403     
   752.11327835334998     
   752.45197108708339     
   752.73046616471868     
   752.95177997044232     
   753.11776485753228     
   753.23307313840360     
   753.29874711110995     
   753.31385351017911     
   753.28385020094720     
   753.21015302854153     
   753.09351893913959     
   752.93684606529598     
   752.74095648788966     
   752.50876296263846     
   752.24150818662565     
   751.94015647649394     
   751.60183018131977     
   751.23863445525615     
   750.84472804066820     
   750.41862471608431     
   749.96732060575187     
   749.49183992235260     
   748.98868835649603     
   748.46335854050017     
   747.91599653054402     
   747.34636166773635     
   746.75575651474003     
   746.14721885861366     
   745.52202983943357     
   744.87587147980503     
   744.21540082985405     
   743.53678076895517     
   742.84533627149176     
   742.14021085041099     
   741.42111503365345     
   740.69024764261621     
   739.94776080596307     
   739.19360007200703     
   738.42810311474955     
   737.65495190008880     
   736.87232463624980     
   736.07906228906484     
   735.27995143881628     
   734.47344884432994     
   733.66137576738959     
   732.84006706990658     
   732.01612786340456     
   731.18502767667883     
   730.34905702439141     
   729.50951242638473     
   728.66544461683543     
   727.81925704438061     
   726.96906658146975     
   726.11711551788346     
   725.25990965295318     
   724.40366752036687     
   723.54432194713229     
   722.68177933068887     
   721.82311323753981     
   720.95915119350002     
   720.09647395023069     
   719.23325423351139     
   718.36970393639774     
   717.50644814542500     
   716.64301453286032     
   715.78193911697031     
   714.92124941398754     
   714.06129701791303     
   713.20207559956918     
   712.34612572800665     
   711.48873190832956     
   710.63528265059711     
   709.78248020116484     
   708.93151251610857     
   708.08460263874304     
   707.23836544523067     
   706.39584092532152     
   705.55438858033745     
   704.71545382261081     
   703.88085363406890     
   703.04726325606998     
   702.21753748660547     
   701.39024193967305     
   700.56652535851276     
   699.74642609765260     
   698.92741747778007     
   698.11325672092778     
   697.30221090436817     
   696.49533611856600     
   695.68814793814454     
   694.88815679743755     
   694.09028621815173     
   693.29529185665172     
   692.50601117994177     
   691.71793875457433     
   690.93312693839653     
   690.15387987017573     
   689.37682565133844     
   688.60503309242961     
   687.83380592587537     
   687.06840577071489     
   686.30595721744851     
   685.54841114609712     
   684.79185961455482     
   684.04098244241800     
   683.29373969389837     
   682.54827126405780     
   681.80801765608510     
   681.07181755417776     
   680.33834447088782     
   679.60845052181855     
   678.88180485718487     
   678.15855246402032     
   677.44133435184597     
   676.72290003537432     
   676.01280534462103     
   675.30359157101657     
   674.59899883893036     
   673.89716951947742     
   673.20022019714759     
   672.50384312534470     
   671.81398392653841     
   671.12510538308868     
   670.44042848072115     
   669.75894409577154     
   669.08074963389072     
   668.40697611215080     
   667.73610598094319     
   667.06777239896996     
   666.40300067939859     
   665.74253658434077     
   665.08353370869975     
   664.42754714784564     
   663.77574223465308     
   663.12696084352979     
   662.48105493774881     
   661.83794213256874     
   661.19911772574153     
   660.56288989239579     
   659.92778231076636     
   659.29790081996487     
   658.66911276431154     
   658.04378946897941     
   657.42287704979151     
   656.80274289282556     
   656.18674461751857     
   655.57394031370518     
   654.96460245348374     
   654.35559631489559     
   653.75069512549726     
   653.14914316857767     
   652.54769733236344     
   651.95184203955239     
   651.35752328122771     
   650.76558241101338     
   650.17795387668923     
   649.59145646541583     
   649.00593999939542     
   648.42570669596512     
   647.84729207443104     
   647.27038698039939     
   646.69682608441474     
   646.12707199294687     
   645.55673043229751     
   644.99005973615078     
   644.42676493271711     
   643.86449559076141     
   643.30506594186068     
   642.74846951139750     
   642.19455216103563     
   641.64165661902337     
   641.09185728663238     
   640.54415872695370     
   639.99868758431955     
   639.45572122806823     
   638.91394642232717     
   638.37398588674307     
   637.83655633006629     
   637.30430754370582     
   636.77103666842447     
   636.24008118871257     
   635.71287011433822     
   635.18548018481101     
   634.66190727259641     
   634.14006785245431     
   633.61918828612443     
   633.10064720565720     
   632.58554725780459     
   632.07223218815182     
   631.55695775950767     
   631.05008697533162     
   630.54105309307863     
   630.03514516302982     
   629.53170978904768     
   629.02875048728822     
   628.52718673058098     
   628.02815012515191     
   627.53229784474536     
   627.03752207369314     
   626.54150545526772     
   626.05248910250839     
   625.56257540261413     
   625.07356691950542     
   624.58798616084880     
   624.10436810459714     
   623.62094179141104     
   623.13970813538572     
   622.66111217331184     
   622.18248777585609     
   621.70804605025614     
   621.23393753919390     
   620.76005925403365     
   620.28948453616010     
   619.82033117588674     
   619.35231397285804     
   618.88628556133290     
   618.42238941353730     
   617.95973980995552     
   617.49752152228359     
   617.03783081715505     
   616.58036007536919     
   616.12296014025605     
   615.66788683675429     
   615.21396895218277     
   614.76209018669806     
   614.31146368572718     
   613.86194876504010     
   613.41517841043469     
   612.96793531077435     
   612.52352797968911     
   612.08129878390048     
   611.63895864533220     
   611.19776766404482     
   610.75770971645841     
   610.31996081455497     
   609.88436384353008     
   609.45021725550919     
   609.01763785411765     
   608.58431729322729     
   608.15410462747332     
   607.72435808148305     
   607.29649514977746     
   606.87014636005142     
   606.44400152797652     
   606.02053672985573     
   605.59804811356696     
   605.17621812001380     
   604.75614386173413     
   604.33780567497513     
   603.91821607922634     
   603.50313550195995     
   603.08880104270111     
   602.67391966322089     
   602.26149355416214     
   601.84941198186596     
   601.44109163210840     
   601.03201130146817     
   600.62504281424981     
   600.21775993729341     
   599.81209897152519     
   599.40875026745834     
   599.00501426578694     
   598.60363067741946     
   598.20289162126039     
   597.80402375933193     
   597.40513745076998     
   597.00775922797538     
   596.61296196770854     
   596.21762801873035     
   595.82450445086170     
   595.43247634277395     
   595.03988104948473     
   594.64849543598200     
   594.25923432655725     
   593.87137162387876     
   593.48412882228320     
   593.09930947098781     
   592.71445948627911     
   592.33028818432228     
   591.94756988914855     
   591.56626482439765     
   591.18509454446007     
   590.80419089176371     
   590.42704776919220     
   590.05077842979415     
   589.67442725286264     
   589.29648212555685     
   588.92269774062197     
   588.55065305914923     
   588.17762534428903     
   587.80506467821692     
   587.43597297978647     
   587.06717582372858     
   586.69693700147673     
   586.32928487512220     
   585.96317212667998     
   585.59833091333314     
   585.23350629005392     
   584.86922041605430     
   584.50782522083387     
   584.14455063252956     
   583.78377436838730     
   583.42532217767337     
   583.06613263666839     
   582.70879639873635     
   582.35073009767018     
   581.99492250940477     
   581.63950508846460     
   581.28405373369253     
   580.93229692880618     
   580.57925863586343     
   580.22583804650617     
   579.87774730214039     
   579.52679795803897     
   579.17818829182647     
   578.82956433544200     
   578.48422233315125     
   578.13587084578523     
   577.79052137133658     
   577.44589042011978     
   577.10358109170693     
   576.75949034981875     
   576.41740252058810     
   576.07422524244123     
   575.73594433946391     
   575.39683043862328     
   575.05800743005489     
   574.71797644915262     
   574.38391545100887     
   574.04685702026063     
   573.71070747616932     
   573.37544278006226     
   573.04260735276705     
   572.70922203423891     
   572.37738153437192     
   572.04540973372934     
   571.71488609337564     
   571.38643725006659     
   571.05678215688783     
   570.72799819721934     
   570.39976174367234     
   570.07330006283360     
   569.74720722201926     
   569.42180199027314     
   569.09729115412244     
   568.77373051230859     
   568.45196619996966     
   568.13003924585792     
   567.80756637249374     
   567.48700939710625     
   567.16615476617778     
   566.84689330222147     
   566.52960081469132     
   566.21172567189228     
   565.89428376757076     
   565.57794917453339     
   565.26242322590508     
   564.94704707348319     
   564.63307543452868     
   564.31926971483108     
   564.00671089861078     
   563.69515299503473     
   563.38247054537169     
   563.07339961227888     
   562.76248485542328     
   562.45404813032007     
   562.14520073504730     
   561.83775440458669     
   561.53036014070540     
   561.22462141195979     
   560.91769141515044     
   560.61274082340776     
   560.30698132144516     
   560.00430886017671     
   559.69915429107675     
   559.39723471060574     
   559.09871594002675     
   558.79643438455480     
   558.49352027005909     
   558.19559622441534     
   557.89609548624355     
   557.59815547706660     
   557.30012726203734     
   557.00311731730676     
   556.70500250501789     
   556.40860124499966     
   556.11469942683755     
   555.81853079778625     
   555.52482594838830     
   555.23041207351343     
   554.93729215111466     
   554.64506754206491     
   554.35445934375491     
   554.06347235643807     
   553.77314096763848     
   553.48293470965143     
   553.19341778583305     
   552.90390832002629     
   552.61701580082160     
   552.33011909225240     
   552.04277110068381     
   551.75531269853889     
   551.47220493332736     
   551.18444542042960     
   550.90114769277625     
   550.61759473163545     
   550.33460585400724     
   550.05137173579953     
   549.76920587302959     
   549.48738390869630     
   549.20674905698502     
   548.92469664240207     
   548.64614557311290     
   548.36637279585818     
   548.08851807914641     
   547.80915408773956     
   547.53182795212126     
   547.25384974287101     
   546.97915710060568     
   546.70274475236056     
   546.42747368536823     
   546.15260186177716     
   545.87688972128626     
   545.60517434316796     
   545.33040578688099     
   545.05755653057543     
   544.78708347878012     
   544.51408182363116     
   544.24335028250403     
   543.97324886795150     
   543.70306738229954     
   543.43340083898397     
   543.16451157884205     
   542.89607296351369     
   542.62802727613814     
   542.35912311355253     
   542.09263629422139     
   541.82641402412889     
   541.56212830471554     
   541.29665146227808     
   541.03187177899940     
   540.76748894453556     
   540.50416678123077     
   540.24006382246284     
   539.97465467028826     
   539.71445633935264     
   539.45264947249291     
   539.19088385426573     
   538.92989325777535     
   538.66975549677204     
   538.41021831378600     
   538.15144130319425     
   537.89156897900796     
   537.63342183062639     
   537.37471912783826     
   537.11752842807812     
   536.86189626102657     
   536.60429765434333     
   536.34856673896354     
   536.09321682214102     
   535.83870550369750     
   535.58465583786028     
   535.32820549854796     
   535.07590057263155     
   534.82320681081262     
   534.57018608695114     
   534.31824362966472     
   534.06622592770032     
   533.81519613223929     
   533.56426887386374     
   533.31362789178377     
   533.06410855458796     
   532.81372755676421     
   532.56572593072315     
   532.31718008498183     
   532.06807729563275     
   531.82029161996911     
   531.57234607469843     
   531.32618330728826     
   531.07947361913943     
   530.83372803994746     
   530.58884019434856     
   530.34406984281316     
   530.09968371250477     
   529.85560141758572     
   529.61186827298366     
   529.36863804146026     
   529.12632121283229     
   528.88313910611055     
   528.64142532807125     
   528.39948435682948     
   528.15861310410139     
   527.91817471004993     
   527.67671766301032     
   527.43809032529282     
   527.19908735064848     
   526.95968921661199     
   526.72133491461352     
   526.48241321920466     
   526.24517928871023     
   526.00658440780478     
   525.76964805910893     
   525.53244065780837     
   525.29641436987094     
   525.06114866513224     
   524.82619465066671     
   524.59133744045346     
   524.35687582752519     
   524.12412291983901     
   523.89035233365769     
   523.65699206538136     
   523.42403989407433     
   523.19151029365787     
   522.95932695440695     
   522.72762818700221     
   522.49611553923012     
   522.26507675321773     
   522.03425697300577     
   521.80431689298996     
   521.57456082404440     
   521.34573956758175     
   521.11703301004775     
   520.88837761886680     
   520.66010802478309     
   520.43223226476050     
   520.20477100103744     
   519.97760431542360     
   519.75064578415561     
   519.52463881769154     
   519.29884096949354     
   519.07286453113159     
   518.84792341203774     
   518.62307235545859     
   518.39863906435664     
   518.17454696379764     
   517.95074652811365     
   517.72751502584094     
   517.50363889483924     
   517.28103175612318     
   517.05888398649086     
   516.83684250516990     
   516.61513432140578     
   516.39413457208650     
   516.17397702065455     
   515.95390180879565     
   515.73412771879725     
   515.51458467678606     
   515.29389897068916     
   515.07590834573114     
   514.85621452950409     
   514.63893939029811     
   514.42035074411683     
   514.20311399177399     
   513.98597461141742     
   513.76823826184079     
   513.55138164608502     
   513.33643728040863     
   513.12020724450758     
   512.90465500917765     
   512.68993959516717     
   512.47471561586360     
   512.25942069861162     
   512.04668097137164     
   511.83331584155007     
   511.61968039376848     
   511.40558575216289     
   511.19264984393919     
   510.98053514122421     
   510.76810305957730     
   510.55638288743836     
   510.34481218055492     
   510.13355594520368     
   509.92490274637117     
   509.71402304413164     
   509.50323782848562     
   509.29341585533592     
   509.08386938842079     
   508.87485085573257     
   508.66603820392521     
   508.45691291589787     
   508.24815881136288     
   508.04196747895838     
   507.83355452559510     
   507.62721297988088     
   507.41973819504847     
   507.21352455329344     
   507.00727185290106     
   506.80124767254006     
   506.59603472649979     
   506.39007912760752     
   506.18562824549321     
   505.98093059285566     
   505.77617662900298     
   505.57264227859497     
   505.36901087720753     
   505.16605749748413     
   504.96252189409063     
   504.75826720459531     
   504.55621150453339     
   504.35454776967538     
   504.15272796441309     
   503.95113986295166     
   503.75005386838296     
   503.54922625875389     
   503.34818957401620     
   503.14848957242350     
   502.94828697857588     
   502.74856264784512     
   502.54964356274621     
   502.34905474931111     
   502.15155162642100     
   501.95230553883772     
   501.75381008947909     
   501.55576627343908     
   501.35796915988595     
   501.16039099135031     
   500.96351927018344     
   500.76655381147003     
   500.56928938931247     
   500.37356404079657     
   500.17748009706992     
   499.98350185053420     
   499.78667942273438     
   499.59224850197734     
   499.39733223247293     
   499.20289187836903     
   499.00876746224134     
   498.81511449246960     
   498.62154210393982     
   498.42801125507918     
   498.23492754726766     
   498.04221156644462     
   497.85002200411861     
   497.65804468274223     
   497.46552538770794     
   497.27357530646162     
   497.08101463657550     
   496.89083669258594     
   496.70103452921211     
   496.50986211035666     
   496.31929128838334     
   496.12945250712812     
   495.94014314643124     
   495.75011399917463     
   495.56090945392788     
   495.37170939934077     
   495.18231050160830     
   494.99513606494492     
   494.80653276706323     
   494.61923852821656     
   494.43060490865957     
   494.24332978188897     
   494.05604334883611     
   493.87035770736537     
   493.68391619940883     
   493.49730124398201     
   493.31097630210274     
   493.12594426639731     
   492.94003644751268     
   492.75521680038685     
   492.56979480153984     
   492.38472231890552     
   492.20071819578988     
   492.01603930114055     
   491.83261169954460     
   491.64891669689848     
   491.46505129545415     
   491.28204485028317     
   491.09904215425303     
   490.91646557223322     
   490.73412832509797     
   490.55241454973014     
   490.37043747728023     
   490.18852200539118     
   490.00787943856392     
   489.82631178884310     
   489.64542210808634     
   489.46492534579949     
   489.28459125776175     
   489.10429893793906     
   488.92441393094532     
   488.74461353802980     
   488.56617359422057     
   488.38659710432421     
   488.20728109879303     
   488.02822445145972     
   487.84987368532239     
   487.67187366527816     
   487.49376738661653     
   487.31676460966486     
   487.13863174429184     
   486.96204150959107     
   486.78497041841871     
   486.60837378010621     
   486.43231242017151     
   486.25541594768117     
   486.07914415322881     
   485.90420480177011     
   485.72804796159147     
   485.55280662825317     
   485.37854803608786     
   485.20285139399590     
   485.02953371627035     
   484.85380157575821     
   484.67954322738268     
   484.50584145197030     
   484.33208008586570     
   484.15970295890685     
   483.98664765811850     
   483.81256360212029     
   483.64041003867095     
   483.46836655859300     
   483.29499573224120     
   483.12414895430805     
   482.95153195494476     
   482.77998779633521     
   482.60899967018617     
   482.43756499266658     
   482.26686731092809     
   482.09684758638599     
   481.92564463514202     
   481.75625361935613     
   481.58607260624160     
   481.41556426013807     
   481.24592909375963     
   481.07718597873429     
   480.90846538418009     
   480.73806355259154     
   480.57069903756872     
   480.40217438039815     
   480.23469235931793     
   480.06592900332311     
   479.89732145587459     
   479.73054420990235     
   479.56403465445794     
   479.39675184321578     
   479.22898489687003     
   479.06173800531479     
   478.89596335814986     
   478.72969685628487     
   478.56411138809489     
   478.39753955598013     
   478.23225989681094     
   478.06731482895628     
   477.90157199841946     
   477.73655424477158     
   477.57224043518403     
   477.40765134657067     
   477.24330772195083     
   477.07898482556567     
   476.91444552893131     
   476.75152189822779     
   476.58757139824240     
   476.42461749330459     
   476.26167414168094     
   476.09864104920990     
   475.93577870380659     
   475.77437385566776     
   475.61088899295856     
   475.44923076195408     
   475.28737264378907     
   475.12635021587425     
   474.96215059239006     
   474.80259267172272     
   474.64259545964700     
   474.48173325279532     
   474.32096301294797     
   474.15986127400146     
   474.00027529427354     
   473.84047916383639     
   473.68038054364428     
   473.52070028657835     
   473.36151560683265     
   473.20230349044868     
   473.04381024566362     
   472.88473991968260     
   472.72586164167654     
   472.56644545131570     
   472.40957481495701     
   472.25122921021779     
   472.09426085441515     
   471.93588824536550     
   471.77806340536824     
   471.62123452976380     
   471.46363995946416     
   471.30704998737968     
   471.15047240661789     
   470.99404824505353     
   470.83780953130173     
   470.68172786381928     
   470.52621129806261     
   470.36979066748700     
   470.21396821970376     
   470.05878670229703     
   469.90424083914002     
   469.74933490501604     
   469.59461810901394     
   469.44009049129079     
   469.28575133795857     
   469.13160024922888     
   468.97763677190994     
   468.82386057372923     
   468.67027150545493     
   468.51686958746819     
   468.36365471187463     
   468.21014795979278     
   468.05698949019410     
   467.90660998637117     
   467.75284110372706     
   467.59988216523828     
   467.44780700334678     
   467.29592066952398     
   467.14421860072480     
   466.99269752010861     
   466.84135822612274     
   466.69020426736273     
   466.53923500485018     
   466.38668753191450     
   466.23635918807986     
   466.08823849779691     
   465.93788978717890     
   465.78766168259375     
   465.63767436254915     
   465.48581135315192     
   465.33891520537946     
   465.18903227331384     
   465.04013678041230     
   464.89081038968169     
   464.74222576721354     
   464.59309582623098     
   464.44484785774415     
   464.29603007076304     
   464.14799895509981     
   464.00065112853031     
   463.85248316529373     
   463.70473701452954     
   463.55747374371293     
   463.40996781834104     
   463.26311580899034     
   463.11620709239463     
   462.96971199132668     
   462.82267191655347     
   462.67628412685957     
   462.53015870767587     
   462.38440924927806     
   462.23812709933964     
   462.09254952368161     
   461.94710317442531     
   461.80119886369891     
   461.65599399551803     
   461.51096807230778     
   461.36515002935300     
   461.22060957118100     
   461.07729310265921     
   460.93288094821889     
   460.78801904850320     
   460.64460653772511     
   460.50093536002231     
   460.35730789045630     
   460.21397184941321     
   460.07049100247804     
   459.92724895109205     
   459.78442155607166     
   459.64173005015471     
   459.49873838675694     
   459.35641485521029     
   459.21399896459701     
   459.07129700025632     
   458.92944757490250     
   458.78734584343078     
   458.64634129278221     
   458.50474808924662     
   458.36330476749021     
   458.22158441856544     
   458.08086672044391     
   457.93978387861915     
   457.79923510337977     
   457.65868154637127     
   457.51857516899315     
   457.37790207153034     
   457.23796935383643     
   457.09805049653829     
   456.95655298418745     
   456.81841392152847     
   456.67900490099873     
   456.53980423955994     
   456.40066857424455     
   456.26147870527024     
   456.12157268725747     
   455.98466151553282     
   455.84586876516721     
   455.70771380712551     
   455.56923052123369     
   455.43101420315594     
   455.29333758014337     
   455.15562695593678     
   455.01805760428113     
   454.88110725926697     
   454.74191858521579     
   454.60603234295394     
   454.46832399832891     
   454.33239593641753     
   454.19608808729856     
   454.05911991036083     
   453.92285569980567     
   453.78709963301520     
   453.65007101288580     
   453.51527710358738     
   453.37927204544002     
   453.24331455045473     
   453.10882200495024     
   452.97352076067079     
   452.83685584445891     
   452.70368218493513     
   452.56835256075817     
   452.43395413611205     
   452.29956269717587     
   452.16456502140295     
   452.03059040771848     
   451.89688482016874     
   451.76257220878693     
   451.62796115604618     
   451.49437064485431     
   451.36091633937633     
   451.22706608334067     
   451.09581698773343     
   450.96270048792547     
   450.82828371118956     
   450.69559836844996     
   450.56446757118363     
   450.43193570677471     
   450.29959877310426     
   450.16754567036281     
   450.03545282893890     
   449.90294342391383     
   449.77120181788035     
   449.63960538996571     
   449.50815338590616     
   449.37725505106374     
   449.24580319924240     
   449.11478975085583     
   448.98421328355096     
   448.85345513693318     
   448.72213059018503     
   448.59241698361279     
   448.46230766845133     
   448.33115410819170     
   448.20118273511889     
   448.07174062108089     
