254.32,11.589,6122.3,14,22,0,4
228.28,12.058,6323.9,12,20,0,4
247.16,10.663,5583.1,8,9,1,8
254.37,11.903,6285.5,15,26,0,3
252.31,9.9771,5199,14,20,0,4
294.17,16.991,9173.3,8,10,2,10
256.34,12.657,6731.3,14,24,0,4
214.3,-1.3753,1858.5,12,22,0,3
231.2,5.8981,3970.9,9,13,1,6
224.3,10.335,5292.7,13,20,0,3
179.13,11.116,5569.2,5,9,1,6
286.36,14.413,7771.8,15,26,0,5
218.25,10.14,5146.2,10,18,0,5
268.31,12.794,6849.5,14,20,0,5
166.13,13.39,7024.8,5,10,0,6
204.18,12.95,6812.1,8,12,0,6
294.17,17.369,9399.8,8,10,2,10
162.14,10.602,5401.9,6,10,0,5
212.16,10.061,5242.9,8,8,2,5
202.2,11.072,5478.1,9,14,0,5
212.29,10.63,5399.6,12,20,0,3
179.13,10.847,5364.7,5,9,1,6
202.16,11.631,5997.2,8,10,0,6
162.14,10.873,5650.9,6,10,0,5
224.13,11.256,5710.4,5,8,2,8
224.13,11.256,5710.4,5,8,2,8
213.14,17.152,9241.8,5,11,1,8
302.28,17.431,9551,13,18,0,8
197.14,13.772,7230.3,5,11,1,7
220.22,14.971,8065.6,9,16,0,6
188.18,12.603,6628.5,8,12,0,5
188.22,10.551,5396.7,9,16,0,4
188.18,9.9003,5068.5,8,12,0,5
184.19,9.9402,5074.3,9,12,0,4
209.11,11.917,6054,5,7,1,8
183.16,8.4606,4795.6,8,9,1,4
226.14,12.372,6343.1,5,10,2,8
249.17,12.295,6330.7,8,11,1,8
233.18,11.696,6041.5,8,11,1,7
218.29,11.998,6272.3,11,22,0,4
207.1,10.146,5132,5,5,1,8
142.11,9.9863,5189.6,6,6,0,4
200.23,10.025,5103.4,10,16,0,4
226.14,12.584,6476.9,5,10,2,8
176.17,10.865,5655.3,7,12,0,5
190.15,11.233,5764.7,7,10,0,6
233.18,11.841,6125.3,8,11,1,7
188.18,1.117,2529.6,8,12,0,5
174.19,11.258,5742.1,8,14,0,4
195.13,14.195,7428.9,5,9,1,7
176.12,11.132,5600.8,6,8,0,6
134.13,11.383,5805.3,5,10,0,4
202.2,11.072,5478.1,9,14,0,5
244.28,13.383,7134.3,12,20,0,5
183.16,10.093,5168.1,8,9,1,4
261.23,10.459,5378.6,10,15,1,7
325.14,16.901,9142.3,7,7,3,12
188.18,10.547,5415.2,8,12,0,5
245.19,11.928,6281.1,9,11,1,7
148.11,10.791,5557.4,5,8,0,5
176.21,0.31689,2434.7,8,16,0,4
154.16,10.171,5148.8,8,10,0,3
188.22,10.655,5443.2,9,16,0,4
216.23,10.926,5684.3,10,16,0,5
256.12,13.55,7072.5,5,8,2,10
148.11,10.657,5394,5,8,0,5
204.22,11.853,6224.4,9,16,0,5
280.15,16.814,9066.6,7,8,2,10
178.14,14.048,7506.9,6,10,0,6
188.22,10.459,5319.2,9,16,0,4
195.13,13.831,7177.1,5,9,1,7
221.12,12.392,6335.2,6,7,1,8
274.31,14.797,8015.1,13,22,0,6
179.13,11.116,5569.2,5,9,1,6
158.11,10.802,5778.5,6,6,0,5
188.18,10.162,5236.5,8,12,0,5
193.11,12.572,6461.2,5,7,1,7
162.14,11.11,5687.3,6,10,0,5
272.12,13.194,6936.3,5,8,2,11
256.34,12.409,6571.9,14,24,0,4
250.33,9.6397,4964.9,15,22,0,3
302.36,14.639,7885,15,26,0,6
160.12,10.246,5178.8,6,8,0,5
235.19,13.824,7332.4,8,13,1,7
176.21,10.64,5405.9,8,16,0,4
174.15,10.105,5141.3,7,10,0,5
183.16,10.093,5168.1,8,9,1,4
286.36,16.364,8865.3,15,26,0,5
162.14,11.11,5687.3,6,10,0,5
247.16,11.079,5724,8,9,1,8
232.32,12.465,6564.5,12,24,0,4
216.23,11.212,5782,10,16,0,5
207.14,10.97,5727.1,6,9,1,7
261.31,11.53,6006.8,12,23,1,5
162.14,4.1758,3709,6,10,0,5
165.1,10.991,5441.4,4,7,1,6
186.21,11.325,5856.2,9,14,0,4
148.11,10.723,5564.7,5,8,0,5
174.15,10.386,5272.6,7,10,0,5
238.32,9.7948,5046.8,14,22,0,3
232.32,12.465,6564.5,12,24,0,4
216.32,10.136,5206.2,12,24,0,3
224.13,11.198,5647.8,5,8,2,8
174.19,10.33,5239.7,8,14,0,4
174.19,12.613,6512.4,8,14,0,4
272.29,14.718,7966.5,13,20,0,6
242.31,12.012,6322.2,13,22,0,4
224.3,10.335,5292.7,13,20,0,3
242.27,11.917,6323.1,12,18,0,5
176.17,11.555,5975.5,7,12,0,5
168.19,10.633,5443.7,9,12,0,3
188.18,10.898,5358.2,8,12,0,5
162.14,10.711,5564.1,6,10,0,5
134.09,10.567,5418,4,6,0,5
212.16,10.061,5242.9,8,8,2,5
160.17,10.53,5258.3,7,12,0,4
170.16,10.28,5209.7,8,10,0,4
195.13,12.114,6208.2,5,9,1,7
159.1,10.38,5260.8,5,5,1,5
216.19,10.772,5546.5,9,12,0,6
184.19,10.092,5113.1,9,12,0,4
258.31,13.374,7160.7,13,22,0,5
162.14,11.18,5846.3,6,10,0,5
310.17,17.731,9577.2,8,10,2,11
178.18,13.262,6972.1,7,14,0,5
182.04,14.567,7746.2,5,10,0,7
294.13,11.902,6231.3,7,6,2,11
204.18,12.136,6185,8,12,0,6
219.11,8.7861,4406.9,6,5,1,8
233.18,11.092,5541.1,8,11,1,7
174.15,11.339,5778.5,7,10,0,5
244.28,13.74,7339.9,12,20,0,5
186.21,10.014,5102.7,9,14,0,4
302.36,12.664,6718.1,15,26,0,6
148.16,11.195,5695.6,6,12,0,4
272.12,13.194,6936.3,5,8,2,11
228.28,10.748,5577.7,12,20,0,4
190.19,11.62,6068.9,8,14,0,5
182.04,12.438,7133.6,5,10,0,7
174.19,11.096,5646.6,8,14,0,4
186.21,11.16,5759.7,9,14,0,4
148.11,10.937,5489.8,5,8,0,5
188.22,10.897,5612.3,9,16,0,4
270.32,12.328,6564.8,14,22,0,5
218.2,12.308,6297.8,9,14,0,6
162.14,4.7256,3881.5,6,10,0,5
136.1,12.624,6620.5,4,8,0,5
276.28,18.379,10046,12,20,0,7
190.15,12.472,6541.6,7,10,0,6
183.16,10.335,5335.2,8,9,1,4
240.13,14.162,7422.5,5,8,2,9
195.08,10.913,5531,4,5,1,8
165.14,-2.7891,1263.4,5,11,1,5
231.25,10.409,5319.6,10,17,1,5
174.19,12.231,6275.8,8,14,0,4
242.31,12.52,6613,13,22,0,4
176.12,12.392,6514.5,6,8,0,6
240.13,14.258,7502.5,5,8,2,9
166.13,15.077,8000.7,5,10,0,6
172.18,11.04,5743.4,8,12,0,4
166.13,0.12616,3888.9,5,10,0,6
180.11,12.967,6699.3,5,8,0,7
254.32,13.083,6962.9,14,22,0,4
261.19,5.6324,4196,9,11,1,8
211.13,15.516,8261.9,5,9,1,8
204.22,13.49,7156,9,16,0,5
108.09,10.958,5501.4,3,8,0,4
186.25,10.478,5348.9,10,18,0,3
191.14,10.118,5125.8,6,9,1,6
228.28,11.887,6204,12,20,0,4
231.16,12.038,6350.1,8,9,1,7
265.17,13.574,8123.6,8,11,1,9
247.33,10.672,5437.3,12,25,1,4
233.18,11.696,6041.5,8,11,1,7
258.31,13.676,7326.5,13,22,0,5
254.32,11.275,5909.6,14,22,0,4
233.13,12.348,6533,7,7,1,8
282.12,14.511,7815.4,6,6,2,11
188.18,7.0736,4358,8,12,0,5
310.17,17.357,9352.3,8,10,2,11
174.15,11.874,6164.9,7,10,0,5
311.12,12.392,6335.2,6,5,3,12
162.14,10.892,5590.3,6,10,0,5
219.15,10.916,5419.5,7,9,1,7
274.31,11.133,7624.4,13,22,0,6
165.1,11.534,5820.8,4,7,1,6
251.15,17.073,9154.8,7,9,1,9
204.31,11.096,5682.2,11,24,0,3
256.12,13.471,7001.2,5,8,2,10
204.18,12.429,6375.4,8,12,0,6
202.2,10.624,5526.7,9,14,0,5
190.15,11.97,6075.5,7,10,0,6
235.15,10.682,5460.7,7,9,1,8
122.12,11.362,5758.9,4,10,0,4
160.17,11.02,5626.5,7,12,0,4
263.2,12.474,6448.4,9,13,1,8
224.13,11.01,5527.3,5,8,2,8
186.16,10.505,5360.5,8,10,0,5
148.11,10.723,5564.7,5,8,0,5
256.12,13.55,7072.5,5,8,2,10
219.24,10.243,5177.3,9,17,1,5
249.13,12.455,6534.5,7,7,1,9
188.18,10.135,5111.4,8,12,0,5
197.19,10.8,5624.8,9,11,1,4
270.32,12.441,6578.5,14,22,0,5
288.29,16.064,8760.7,13,20,0,7
233.26,10.665,5452.1,10,19,1,5
242.14,15.699,8370.7,5,10,2,9
218.2,12.308,6297.8,9,14,0,6
186.16,11.578,6042.2,8,10,0,5
170.16,10.16,5139.2,8,10,0,4
266.12,11.394,5989.3,6,6,2,10
261.23,12.16,6443.2,10,15,1,7
186.16,11.578,6042.2,8,10,0,5
204.26,11.539,5981.9,10,20,0,4
202.33,10.521,5302,12,26,0,2
150.09,11.933,6103.2,4,6,0,6
260.28,16.889,9170.9,12,20,0,6
339.17,17.091,9256.3,8,9,3,12
170.16,10.478,5335.3,8,10,0,4
249.17,12.575,6509.9,8,11,1,8
302.36,6.0523,6405.3,15,26,0,6
204.18,12.666,6723.2,8,12,0,6
181.14,12.335,6305.8,5,11,1,6
162.1,10.703,5314.2,5,6,0,6
160.17,11.12,5607.2,7,12,0,4
204.18,12.136,6185,8,12,0,6
197.14,15.421,8178.7,5,11,1,7
216.23,11.09,5816.8,10,16,0,5
265.17,17.638,9498,8,11,1,9
188.13,11.465,5888.8,7,8,0,6
304.34,-16.078,192.72,14,24,0,7
242.31,12.796,6753.5,13,22,0,4
190.15,10.007,5802.3,7,10,0,6
227.13,14.661,7742.2,5,9,1,9
200.23,0.13127,2173.8,10,16,0,4
190.19,12.334,6443.9,8,14,0,5
294.17,16.991,9173.3,8,10,2,10
218.2,12.853,6763.4,9,14,0,6
202.2,8.2343,4916.8,9,14,0,5
134.13,10.814,5332.4,5,10,0,4
176.12,10.085,5179.4,6,8,0,6
254.11,10.901,5521.4,5,6,2,10
256.34,12.063,6364.2,14,24,0,4
211.13,15.385,8162.9,5,9,1,8
197.19,10.583,5477.8,9,11,1,4
176.12,11.394,5989.3,6,8,0,6
244.28,13.231,7042.9,12,20,0,5
146.14,10.071,5138.7,6,10,0,4
212.16,9.9566,5180.5,8,8,2,5
231.25,10.156,5149.5,10,17,1,5
174.15,10.105,5141.3,7,10,0,5
200.23,1.307,3135.2,10,16,0,4
176.17,12.494,6497.9,7,12,0,5
190.19,13.658,7190.6,8,14,0,5
156.14,10.287,5217.6,7,8,0,4
174.19,11.037,5603.4,8,14,0,4
252.31,9.9771,5199,14,20,0,4
178.18,13.262,6972.1,7,14,0,5
136.15,11.184,5638.9,5,12,0,4
204.18,12.818,6713.4,8,12,0,6
256.29,14.196,7641.4,13,20,0,5
192.17,14.858,7941.7,7,12,0,6
183.16,10.093,5168.1,8,9,1,4
207.14,11.256,5907,6,9,1,7
166.13,13.266,6925,5,10,0,6
256.29,11.023,5738.5,13,20,0,5
231.25,10.156,5149.5,10,17,1,5
240.34,11.031,5712.1,14,24,0,3
193.11,10.809,5628.3,5,7,1,7
270.28,13.142,7092.9,13,18,0,6
202.2,11.072,5478.1,9,14,0,5
197.19,10.8,5624.8,9,11,1,4
202.16,11.573,6006,8,10,0,6
134.13,10.814,5332.4,5,10,0,4
270.32,12.62,6743,14,22,0,5
226.19,10.554,5546.2,9,10,2,5
286.36,13.242,7034.2,15,26,0,5
211.13,13.105,6724.5,5,9,1,8
211.13,13.428,6953.3,5,9,1,8
238.11,12.663,6603.7,5,6,2,9
261.19,10.087,5179.1,9,11,1,8
176.17,11.886,6131.4,7,12,0,5
195.13,12.2,6286.7,5,9,1,7
301.12,12.298,6403.5,5,7,3,12
301.12,12.058,6233.9,5,7,3,12
247.2,11.271,5663.3,9,13,1,7
181.14,3.2891,3781.7,5,11,1,6
203.11,11.832,6124.4,6,5,1,7
244.28,-4.3887,2478.8,12,20,0,5
150.13,12.141,6312.4,5,10,0,5
256.12,12.091,6233.4,5,8,2,10
249.17,12.295,6330.7,8,11,1,8
268.13,10.74,5597.4,14,20,0,5
301.12,12.298,6403.5,5,7,3,12
148.16,11.397,5770,6,12,0,4
296.15,17.166,9235.6,7,8,2,11
230.26,12.753,6747.6,11,18,0,5
202.29,10.93,5585.9,11,22,0,3
134.13,11.211,5692,5,10,0,4
227.13,14.661,7742.2,5,9,1,9
310.17,17.122,9209.6,8,10,2,11
237.12,13.44,7469.5,6,7,1,9
193.11,12.572,6461.2,5,7,1,7
164.16,12.623,6611.6,6,12,0,5
238.37,10.28,5229.3,15,26,0,2
197.19,10.583,5477.8,9,11,1,4
233.18,11.092,5541.1,8,11,1,7
260.28,16.706,9062.4,12,20,0,6
172.18,10.683,5457.9,8,12,0,4
218.2,12.798,6748.9,9,14,0,6
170.16,10.28,5209.7,8,10,0,4
258.31,15.836,8549.3,13,22,0,5
190.11,10.917,5625.4,6,6,0,7
247.2,10.327,5230.4,9,13,1,7
180.11,12.967,6699.3,5,8,0,7
286.32,15.592,8456.4,14,22,0,6
254.32,11.759,6214.9,14,22,0,4
286.14,12.835,6829.3,14,22,0,6
238.37,10.705,5530.9,15,26,0,2
268.35,10.352,5357.8,15,24,0,4
179.09,11.719,5514.4,4,5,1,7
240.34,10.038,5177.9,14,24,0,3
214.3,10.041,5144.5,12,22,0,3
200.23,10.028,5106.7,10,16,0,4
179.13,10.81,5438.8,5,9,1,6
202.16,11.922,6183.2,8,10,0,6
252.35,10.451,5398,15,24,0,3
148.11,10.955,5589.4,5,8,0,5
270.32,12.328,6564.8,14,22,0,5
252.35,10.451,5398,15,24,0,3
233.18,11.343,5706.5,8,11,1,7
188.22,10.901,5616.3,9,16,0,4
270.36,13.01,6919.1,15,26,0,4
200.23,10.224,5244.6,10,16,0,4
310.17,17.122,9209.6,8,10,2,11
197.14,13.661,7139.3,5,11,1,7
231.16,11.748,6169.2,8,9,1,7
154.16,10.171,5148.8,8,10,0,3
258.31,-9.8655,1052.9,13,22,0,5
188.26,10.491,5301,10,20,0,3
204.18,12.136,6185,8,12,0,6
252.31,9.9771,5199,14,20,0,4
231.2,10.199,5208.8,9,13,1,6
120.1,11.333,5701.9,4,8,0,4
146.14,10.135,5129.6,6,10,0,4
197.14,13.418,6987,5,11,1,7
219.15,11.276,5866.4,7,9,1,7
272.34,10.03,6353.7,14,24,0,5
188.18,10.898,5358.2,8,12,0,5
254.32,11.275,5909.6,14,22,0,4
308.2,16.979,9176.7,9,12,2,10
339.17,13.199,8247.5,8,9,3,12
242.31,12.282,6457.9,13,22,0,4
226.27,10.841,5599,12,18,0,4
148.11,10.575,5312.8,5,8,0,5
197.14,13.661,7139.3,5,11,1,7
198.13,15.894,8470.5,5,10,0,8
226.31,9.9585,5080.5,13,22,0,3
240.34,11.154,5785.6,14,24,0,3
174.19,10.738,5441.3,8,14,0,4
270.32,11.168,5862.3,14,22,0,5
258.31,13.889,7433.5,13,22,0,5
183.16,9.9887,5105,8,9,1,4
195.13,12.2,6286.7,5,9,1,7
247.16,10.824,5561.6,8,9,1,8
186.25,10.344,5269.9,10,18,0,3
233.18,11.974,6218.8,8,11,1,7
176.17,13.53,7113.3,7,12,0,5
279.2,-0.2449,4156.6,9,13,1,9
252.35,10.894,5682.1,15,24,0,3
162.14,10.74,5419.9,6,10,0,5
184.19,10.47,5329,9,12,0,4
209.11,11.917,6054,5,7,1,8
244.28,13.191,7030.7,12,20,0,5
265.17,17,9109.7,8,11,1,9
256.12,12.091,6233.4,5,8,2,10
188.18,11.505,5885.7,8,12,0,5
188.18,11.797,6074.4,8,12,0,5
190.24,11.086,5693.3,9,18,0,4
200.19,8.7073,4840.4,9,12,0,5
204.26,10.822,5463.9,10,20,0,4
169.13,9.8825,5050.2,7,7,1,4
247.2,11.868,6154,9,13,1,7
256.29,14.415,7749.8,13,20,0,5
195.13,13.7,7148.8,5,9,1,7
204.18,12.631,6611.1,8,12,0,6
217.13,11.569,6058,7,7,1,7
162.18,11.837,6057.4,7,14,0,4
165.1,11.432,5858.9,4,7,1,6
120.1,11.36,5813.9,4,8,0,4
218.2,12.308,6297.8,9,14,0,6
136.1,12.186,6324.3,4,8,0,5
183.16,10.228,5270.3,8,9,1,4
240.13,-1.3184,3019.2,5,8,2,9
218.2,12.795,6713.9,9,14,0,6
299.11,11.701,6041.5,5,5,3,12
226.14,12.662,6550,5,10,2,8
216.19,10.134,5206.8,9,12,0,6
207.14,10.97,5727.1,6,9,1,7
230.26,12.888,6829.6,11,18,0,5
202.25,10.162,5227.7,10,18,0,4
176.17,10.758,5450,7,12,0,5
190.19,11.634,6075.2,8,14,0,5
240.13,14.019,7380.5,5,8,2,9
258.27,15.182,8223.3,12,18,0,6
263.2,12.474,6448.4,9,13,1,8
188.22,10.784,5531.7,9,16,0,4
162.14,10.74,5419.9,6,10,0,5
202.25,11.373,5869.9,10,18,0,4
258.31,13.54,7259.4,13,22,0,5
179.13,11.085,5642,5,9,1,6
286.36,11.445,5957.8,15,26,0,5
245.23,7.5664,4469.3,10,15,1,6
228.28,11.838,6177.5,12,20,0,4
172.14,11.4,5933.8,7,8,0,5
134.09,10.502,5168.6,4,6,0,5
174.11,9.315,4678.1,6,6,0,6
231.16,11.748,6169.2,8,9,1,7
231.16,11.748,6169.2,8,9,1,7
134.09,8.6893,4298.9,4,6,0,5
150.13,11.931,6083.1,5,10,0,5
202.2,10.744,5493.5,9,14,0,5
242.27,11.761,6218.5,12,18,0,5
256.34,11.305,6213.2,14,24,0,4
247.2,11.271,5663.3,9,13,1,7
166.13,15.371,8181.4,5,10,0,6
176.17,10.792,5518.9,7,12,0,5
204.22,12.236,6419.5,9,16,0,5
188.22,10.588,5423.8,9,16,0,4
174.15,5.4011,4352,7,10,0,5
245.23,11.07,5755.7,10,15,1,6
216.27,10.599,5504.7,11,20,0,4
206.19,15.084,8087.6,8,14,0,6
226.31,9.905,5104,13,22,0,3
233.22,10.952,5676.6,9,15,1,6
230.26,11.559,6107.3,11,18,0,5
200.19,11.396,5926.3,9,12,0,5
308.2,16.979,9176.7,9,12,2,10
106.08,11.49,5766.1,3,6,0,4
202.2,10.589,5403.1,9,14,0,5
294.17,16.991,9173.3,8,10,2,10
202.2,10.979,5678,9,14,0,5
200.19,10.372,5318.8,9,12,0,5
233.18,11.092,5541.1,8,11,1,7
207.14,11.014,5767.5,6,9,1,7
265.17,14.779,8550.1,8,11,1,9
200.23,10.179,5194.6,10,16,0,4
214.26,11.436,5916.7,11,18,0,4
188.18,10.898,5358.2,8,12,0,5
254.37,11.229,5841.6,15,26,0,3
270.32,12.328,6564.8,14,22,0,5
260.28,14.625,7889.8,12,20,0,6
268.35,11.689,6178.4,15,24,0,4
263.2,1.6754,3340.2,9,13,1,8
245.23,10.144,5211.2,10,15,1,6
202.2,10.712,5534.3,9,14,0,5
227.13,14.552,7654.5,5,9,1,9
247.2,11.271,5663.3,9,13,1,7
200.19,11.758,6152.1,9,12,0,5
176.12,10.712,5342.4,6,8,0,6
254.37,11.423,5960.8,15,26,0,3
190.28,10.674,5406.6,10,22,0,3
235.15,12.119,6214.4,7,9,1,8
148.11,5.3214,3858.1,5,8,0,5
146.14,10.573,5336.2,6,10,0,4
160.12,10.246,5178.8,6,8,0,5
226.27,11.179,5817,12,18,0,4
136.1,11.113,5521.3,4,8,0,5
254.32,11.228,5944.9,14,22,0,4
324.2,3.9589,5621.1,9,12,2,11
188.22,10.644,5449.3,9,16,0,4
233.3,10.269,5170.7,11,23,1,4
270.32,14.315,7689.6,14,22,0,5
154.16,10.171,5148.8,8,10,0,3
198.13,9.5771,4942.1,7,6,2,5
166.13,13.39,7024.8,5,10,0,6
202.2,10.725,5540.4,9,14,0,5
173.12,5.5011,3929.2,6,7,1,5
136.1,12.786,6652.2,4,8,0,5
270.15,11.779,6170.5,14,22,0,5
230.3,11.042,5782.7,12,22,0,4
288.34,16.772,9130.5,14,24,0,6
272.29,13.687,7317.3,13,20,0,6
244.28,12.035,6398.8,12,20,0,5
179.13,10.847,5364.7,5,9,1,6
176.17,12.065,6280.8,7,12,0,5
197.14,13.772,7230.3,5,11,1,7
256.29,12.048,6434.3,13,20,0,5
150.13,12.165,6233.6,5,10,0,5
176.12,10.3,5160.1,6,8,0,6
202.2,10.725,5540.4,9,14,0,5
216.23,10.926,5684.3,10,16,0,5
162.14,11.027,5608.8,6,10,0,5
220.22,10.799,6864.5,9,16,0,6
168.19,10.633,5443.7,9,12,0,3
353.2,17.348,9417.3,9,11,3,12
231.25,10.409,5319.6,10,17,1,5
183.16,10.335,5335.2,8,9,1,4
181.14,12.24,6218.7,5,11,1,6
216.32,11.375,5872.1,12,24,0,3
242.31,12.526,6589.6,13,22,0,4
226.31,11.046,5671.5,13,22,0,3
181.14,12.24,6218.7,5,11,1,6
254.11,12.045,6227.8,5,6,2,10
188.18,11.705,5995.2,8,12,0,5
164.16,12.798,6680.4,6,12,0,5
218.33,11.527,5960.2,12,26,0,3
205.12,10.133,4936.3,6,7,1,7
247.2,11.91,6193.9,9,13,1,7
164.11,10.548,5295.6,5,8,0,6
219.15,8.3301,5010.4,7,9,1,7
176.25,10.526,5308,9,20,0,3
190.19,11.11,6508,8,14,0,5
204.26,11.539,5981.9,10,20,0,4
204.22,11.676,6118.3,9,16,0,5
256.12,11.892,6108.8,5,8,2,10
254.32,10.197,5228.3,14,22,0,4
205.12,11.057,5444.7,6,7,1,7
190.19,11.634,6075.2,8,14,0,5
204.18,12.631,6611.1,8,12,0,6
186.16,10.242,5189.6,8,10,0,5
221.12,11.052,5596.1,6,7,1,8
211.13,13.428,6953.3,5,9,1,8
247.16,10.968,5671.1,8,9,1,8
205.17,11.502,5881,7,11,1,6
252.31,10.376,5417.7,14,20,0,4
272.34,13.829,7445.3,14,24,0,5
195.13,14.195,7428.9,5,9,1,7
188.18,11.505,5885.7,8,12,0,5
235.15,14.371,7586.7,7,9,1,8
301.12,12.25,6353.3,5,7,3,12
233.13,10.659,5451.9,7,7,1,8
160.17,10.469,5263.2,7,12,0,4
324.2,17.391,9382.3,9,12,2,11
211.13,13.198,6808.5,5,9,1,8
247.29,11.094,5728.5,11,21,1,5
150.13,12.165,6233.6,5,10,0,5
202.2,11.726,6043.5,9,14,0,5
242.31,14.047,7445.6,13,22,0,4
226.31,11.779,6127.8,13,22,0,3
195.13,12.114,6208.2,5,9,1,7
186.21,10.165,5187,9,14,0,4
106.12,10.628,5292.7,4,10,0,3
211.13,15.258,8128.1,5,9,1,8
160.12,9.2686,4590.4,6,8,0,5
190.24,11.086,5693.3,9,18,0,4
249.17,12.295,6330.7,8,11,1,8
146.14,5.6372,3915.5,6,10,0,4
216.19,11.755,6120.5,9,12,0,6
214.26,10.33,5309.3,11,18,0,4
242.27,10.606,5471.2,12,18,0,5
202.2,11.47,5865.8,9,14,0,5
249.17,14.329,7560.8,8,11,1,8
240.13,13.928,7277.2,5,8,2,9
228.24,11.448,6033.6,11,16,0,5
245.23,10.252,5209,10,15,1,6
134.09,11.154,5630.2,4,6,0,5
162.18,11.837,6057.4,7,14,0,4
249.17,14.329,7560.8,8,11,1,8
224.13,11.19,5719.6,5,8,2,8
186.25,10.478,5348.9,10,18,0,3
212.16,10.061,5242.9,8,8,2,5
165.1,10.991,5441.4,4,7,1,6
339.17,-2.2132,3700,8,9,3,12
272.12,13.126,6874.2,5,8,2,11
238.32,10.739,5553.9,14,22,0,3
173.12,10.793,5531.6,6,7,1,5
246.26,14.107,7578.8,11,18,0,6
150.13,11.931,6083.1,5,10,0,5
254.32,11.275,5909.6,14,22,0,4
202.2,10.385,5197.5,9,14,0,5
172.18,11.101,5685.2,8,12,0,4
240.3,11.615,6093.2,13,20,0,4
186.16,11.578,6042.2,8,10,0,5
247.2,11.888,6196.2,9,13,1,7
204.18,11.924,6209.3,8,12,0,6
145.07,10.254,5175.7,4,3,1,5
179.13,10.917,5440.1,5,9,1,6
226.27,11.179,5817,12,18,0,4
256.12,11.836,6049.7,5,8,2,10
186.16,10.435,5293.1,8,10,0,5
200.19,10.465,5400.6,9,12,0,5
221.16,11.175,5866.4,7,11,1,7
226.27,10.681,5567.1,12,18,0,4
228.28,12.641,6675,12,20,0,4
162.1,10.651,5417.6,5,6,0,6
339.17,-3.5722,3308.8,8,9,3,12
256.12,13.254,6865.5,5,8,2,10
202.2,2.7478,3460.3,9,14,0,5
202.2,10.979,5678,9,14,0,5
218.25,11.229,6288.5,10,18,0,5
268.35,11.421,6012.4,15,24,0,4
240.3,11.117,5840.8,13,20,0,4
190.19,13.508,7111.6,8,14,0,5
202.16,11.573,6006,8,10,0,6
188.18,12.12,6402.5,8,12,0,5
242.31,10.843,5679,13,22,0,4
254.11,10.901,5521.4,5,6,2,10
252.35,10.732,5595.1,15,24,0,3
218.29,11.998,6272.3,11,22,0,4
165.1,11.087,5614.9,4,7,1,6
193.11,10.809,5628.3,5,7,1,7
279.2,17.323,9327,9,13,1,9
353.2,17.348,9417.3,9,11,3,12
186.16,10.242,5189.6,8,10,0,5
174.19,10.516,5360.3,8,14,0,4
226.19,10.554,5546.2,9,10,2,5
189.12,10.047,5129.1,6,7,1,6
181.1,10.899,5419.2,4,7,1,7
164.11,14.238,7564.4,5,8,0,6
268.35,11.421,6012.4,15,24,0,4
186.25,10.433,5147.5,10,18,0,3
186.25,10.236,5026.5,10,18,0,3
172.22,8.802,4239.7,9,16,0,3
245.23,8.9749,4349.2,10,15,1,6
231.2,8.335,3975.7,9,13,1,6
184.23,9.0615,4345.7,10,16,0,3
170.25,9.2641,4394.9,10,18,0,2
184.23,9.6594,4733.8,10,16,0,3
154.21,7.0034,3118,9,14,0,2
168.23,7.3498,3358.9,10,16,0,2
186.25,10.569,5225.8,10,18,0,3
186.21,9.0272,4305.9,9,14,0,4
200.23,9.1469,4429.1,10,16,0,4
200.23,10.216,5079.7,10,16,0,4
170.25,9.3862,4465.5,10,18,0,2
168.23,8.0545,3782.7,10,16,0,2
184.23,9.0615,4345.7,10,16,0,3
200.23,10.158,5046.1,10,16,0,4
182.22,8.5558,4108.2,10,16,0,3
184.23,9.5097,4654.2,10,16,0,3
202.2,11.056,5541,9,14,0,5
186.21,9.0272,4305.9,9,14,0,4
199,8.432,3905.7,10,15,0,4
215,7.427,3885.3,10,15,0,5
231,8.4248,4628.9,10,15,0,6
247,7.4198,4608.5,10,15,0,7
263,8.4526,4967.3,10,15,0,8
279,7.4477,4946.9,10,15,0,9
295,8.4454,5690.5,10,15,0,10
311,7.4404,5670.1,10,15,0,11
327,8.4382,6413.7,10,15,0,12
343,7.4332,6393.3,10,15,0,13
359,9.9794,7317.9,10,15,0,14
182,8.9404,4451,10,14,0,3
198,6.4221,3864.8,10,14,0,4
214,7.4198,4608.5,10,14,0,5
230,6.4148,4588.1,10,14,0,6
246,7.4477,4946.9,10,14,0,7
262,6.4427,4926.4,10,14,0,8
278,7.4404,5670.1,10,14,0,9
294,6.4355,5649.6,10,14,0,10
310,7.4332,6393.3,10,14,0,11
326,6.4283,6372.9,10,14,0,12
342,8.9744,7297.4,10,14,0,13
184,9.1388,4766.5,10,16,0,3
200,8.9955,5375.6,10,16,0,4
216,8.2815,5237.9,10,16,0,5
232,7.2765,5217.5,10,16,0,6
248,9.1594,5828.1,10,16,0,7
264,8.1544,5807.7,10,16,0,8
280,9.1522,6551.3,10,16,0,9
296,8.1472,6530.9,10,16,0,10
312,9.145,7274.5,10,16,0,11
328,8.14,7254.1,10,16,0,12
344,10.686,8178.7,10,16,0,13
360,9.9722,8041.1,10,16,0,14
229,8.8867,4692.7,10,15,1,5
245,7.8817,4672.3,10,15,1,6
261,9.4229,5576.4,10,15,1,7
277,7.8745,5395.5,10,15,1,8
293,8.9073,5754.3,10,15,1,9
309,7.9024,5733.8,10,15,1,10
325,8.9001,6477.5,10,15,1,11
341,7.8951,6457,10,15,1,12
357,8.8929,7200.7,10,15,1,13
373,7.8879,7180.3,10,15,1,14
389,10.434,8104.8,10,15,1,15
350,11.53,6866.8,20,30,0,5
366,10.326,6530.9,20,30,0,6
382,9.5196,6826,20,30,0,7
398,8.8056,6688.4,20,30,0,8
414,11.061,7730.1,20,30,0,9
430,10.347,7592.5,20,30,0,10
446,11.054,8453.3,20,30,0,11
462,10.34,8315.7,20,30,0,12
478,11.046,9176.5,20,30,0,13
494,10.332,9038.9,20,30,0,14
510,11.583,10060,20,30,0,15
526,11.873,9943,20,30,0,16
542,12.58,10804,20,30,0,17
397,11.277,6793,20,31,1,7
413,10.272,6772.5,20,31,1,8
429,11.27,7516.2,20,31,1,9
445,11.977,8377,20,31,1,10
461,11.298,7854.6,20,31,1,11
477,12.005,8715.4,20,31,1,12
493,11.291,8577.8,20,31,1,13
509,11.998,9438.6,20,31,1,14
525,11.284,9301,20,31,1,15
541,11.827,9461.5,20,31,1,16
557,12.825,10205,20,31,1,17
573,11.82,10185,20,31,1,18
336,11.111,6615.1,19,28,0,5
352,9.9078,6279.2,19,28,0,6
368,9.1012,6574.3,19,28,0,7
384,8.3872,6436.7,19,28,0,8
400,10.642,7478.4,19,28,0,9
416,9.9284,7340.8,19,28,0,10
432,10.635,8201.6,19,28,0,11
448,9.9212,8064,19,28,0,12
464,10.628,8924.8,19,28,0,13
480,9.914,8787.2,19,28,0,14
496,11.164,9808.5,19,28,0,15
512,11.455,9691.3,19,28,0,16
528,12.162,10552,19,28,0,17
544,11.483,10030,19,28,0,18
399,9.8541,6520.9,19,29,1,8
415,10.852,7264.5,19,29,1,9
431,11.559,8125.3,19,29,1,10
447,10.88,7602.9,19,29,1,11
463,11.586,8463.7,19,29,1,12
479,10.872,8326.1,19,29,1,13
495,11.579,9186.9,19,29,1,14
511,10.865,9049.3,19,29,1,15
527,11.409,9209.8,19,29,1,16
543,12.406,9953.4,19,29,1,17
559,11.401,9933,19,29,1,18
306,9.986,5502.6,18,26,0,4
322,10.693,6363.4,18,26,0,5
338,9.4894,6027.5,18,26,0,6
354,8.6828,6322.6,18,26,0,7
370,7.9688,6185,18,26,0,8
386,10.224,7226.7,18,26,0,9
402,9.5101,7089.1,18,26,0,10
418,10.217,7949.9,18,26,0,11
434,9.5028,7812.3,18,26,0,12
450,10.21,8673.1,18,26,0,13
466,9.4956,8535.5,18,26,0,14
482,10.746,9556.8,18,26,0,15
498,11.037,9439.7,18,26,0,16
514,11.744,10300,18,26,0,17
530,11.065,9778.1,18,26,0,18
401,10.433,7012.8,18,27,1,9
417,11.14,7873.6,18,27,1,10
433,10.461,7351.2,18,27,1,11
449,11.168,8212,18,27,1,12
465,10.454,8074.4,18,27,1,13
481,11.161,8935.2,18,27,1,14
497,10.447,8797.6,18,27,1,15
513,10.99,8958.1,18,27,1,16
529,11.988,9701.7,18,27,1,17
545,10.983,9681.3,18,27,1,18
561,11.981,10425,18,27,1,19
217,8.6817,4722.5,10,17,0,5
233,9.6783,5637.3,10,17,0,6
249,7.1786,4359.9,10,17,0,7
265,7.8854,5220.7,10,17,0,8
281,7.1714,5083.1,10,17,0,9
297,7.8782,5943.9,10,17,0,10
200,7.6767,4702.1,10,16,0,4
216,8.6733,5616.9,10,16,0,5
232,6.1736,4339.5,10,16,0,6
248,6.8804,5200.3,10,16,0,7
264,6.1664,5062.7,10,16,0,8
280,6.8732,5923.5,10,16,0,9
202,9.3884,5583.3,10,18,0,4
218,10.385,6498.1,10,18,0,5
234,7.8854,5220.7,10,18,0,6
250,8.5922,6081.5,10,18,0,7
266,7.8782,5943.9,10,18,0,8
282,6.8743,5752.3,10,18,0,9
298,7.5811,6613.1,10,18,0,10
247,9.4262,5563.5,10,17,1,6
263,10.133,6424.3,10,17,1,7
279,7.6333,5146.9,10,17,1,8
295,8.3401,6007.7,10,17,1,9
311,7.6261,5870.1,10,17,1,10
327,8.3328,6730.9,10,17,1,11
370,10.067,6802.4,20,34,0,6
386,9.3523,6835.9,20,34,0,7
402,8.5644,6439.8,20,34,0,8
418,9.2711,7300.6,20,34,0,9
434,8.5571,7163,20,34,0,10
450,9.2639,8023.8,20,34,0,11
466,9.9707,8884.6,20,34,0,12
482,9.2567,8747,20,34,0,13
417,10.105,6782.5,20,35,1,8
433,10.812,7643.3,20,35,1,9
449,9.0191,7226.7,20,35,1,10
465,9.0191,7226.7,20,35,1,11
481,9.7258,8087.5,20,35,1,12
497,9.0118,7949.9,20,35,1,13
513,9.7186,8810.7,20,35,1,14
356,9.6491,6550.7,19,32,0,6
372,8.9339,6584.2,19,32,0,7
388,8.146,6188.1,19,32,0,8
404,8.8528,7048.9,19,32,0,9
420,8.1388,6911.3,19,32,0,10
436,8.8456,7772.1,19,32,0,11
452,9.5523,8632.9,19,32,0,12
468,8.8383,8495.3,19,32,0,13
484,9.5451,9356.1,19,32,0,14
419,10.394,7391.6,19,33,1,9
435,9.3886,7371.2,19,33,1,10
451,8.6007,6975,19,33,1,11
467,9.3075,7835.8,19,33,1,12
483,8.5935,7698.2,19,33,1,13
499,9.3002,8559,19,33,1,14
326,10.236,6319.4,18,30,0,5
342,9.2307,6299,18,30,0,6
358,8.5156,6332.5,18,30,0,7
374,7.7276,5936.4,18,30,0,8
390,8.4344,6797.2,18,30,0,9
406,7.7204,6659.6,18,30,0,10
422,8.4272,7520.4,18,30,0,11
438,9.134,8381.2,18,30,0,12
454,8.42,8243.6,18,30,0,13
470,9.1267,9104.4,18,30,0,14
421,8.9702,7119.5,18,31,1,10
437,8.1823,6723.3,18,31,1,11
453,8.8891,7584.2,18,31,1,12
469,8.1751,7446.5,18,31,1,13
485,8.8819,8307.4,18,31,1,14
501,8.1679,8169.7,18,31,1,15
220.11,10.933,5599.9,6,6,8,1
236.11,10.933,5599.9,6,6,9,1
189.12,10.939,5121.8,6,7,6,1
186.1,8.6908,4254.8,6,4,6,1
265.11,11.929,5945.8,6,5,10,2
281.11,11.929,5945.8,6,5,11,2
142.11,9.8085,4788.6,6,6,4,0
160.12,10.114,5098.9,6,8,5,0
160.12,10.781,5364.9,6,8,5,0
118.09,9.6863,4579.6,4,6,4,0
202.1,8.6908,4254.8,6,4,7,1
144.13,9.5298,4584.3,6,8,4,0
223.11,11.003,5661.5,6,7,9,0
255.11,11.763,6686.5,6,7,11,0
207.11,10.239,5234.4,6,7,8,0
239.11,11.349,6171,6,7,10,0
179.1,9.5998,4884.9,5,7,7,0
195.1,10.129,5285.1,5,7,8,0
211.1,11.221,5997.1,5,7,9,0
227.1,11.895,6515.1,5,7,10,0
176.12,11.815,6387.7,6,8,6,0
208.12,13.672,7688.7,6,8,8,0
240.12,13.111,7744.7,6,8,10,0
160.12,10.653,5156.2,6,8,5,0
192.12,12.91,7261.5,6,8,7,0
224.12,14.003,8198.2,6,8,9,0
148.11,9.5366,4926,5,8,5,0
164.11,12.294,6912.1,5,8,6,0
180.11,12.8,7312.3,5,8,7,0
196.11,13.859,8024.3,5,8,8,0
212.11,14.625,8613.2,5,8,9,0
174.11,11.514,5772.6,6,6,6,0
206.11,12.761,6862.4,6,6,8,0
238.1,13.522,7463.8,6,6,10,0
190.11,11.226,6262.2,6,6,7,0
222.1,14.424,7756.1,6,6,9,0
162.1,11.487,6437.3,5,6,6,0
178.1,11.239,6146.4,5,6,7,0
194.09,12.916,7198,5,6,8,0
210.09,12.958,7613.9,5,6,9,0
190.11,10.817,5276.3,6,6,7,0
222.1,12.007,6527.2,6,6,9,0
254.1,13.016,7501.9,6,6,11,0
174.11,9.8193,4745.9,6,6,6,0
206.11,10.551,5765.9,6,6,8,0
238.1,13.67,7420.9,6,6,10,0
178.1,10.812,5941,5,6,7,0
194.09,10.564,5650.1,5,6,8,0
210.09,12.211,6862.8,5,6,9,0
226.09,12.296,7117.6,5,6,10,0
207.11,11.003,5661.5,6,7,8,0
239.11,11.763,6686.5,6,7,10,0
191.11,10.239,5234.4,6,7,7,0
223.11,11.349,6171,6,7,9,0
350.23,15.375,8903.3,12,14,12,0
382.23,17.27,10275,12,14,14,0
414.23,18.142,11300,12,14,16,0
334.23,15.385,8489.2,12,14,11,0
366.23,16.51,9848,12,14,13,0
398.23,17.653,10785,12,14,15,0
322.22,14.538,8481.5,11,14,11,0
338.22,15.91,9498.6,11,14,12,0
354.22,16.462,9898.8,11,14,13,0
370.22,17.466,10611,11,14,14,0
386.22,18.126,11129,11,14,15,0
318.23,14.696,8109,12,14,10,0
316.22,13.254,7304.2,12,12,10,0
334.23,14.3,8145.9,12,14,11,0
288.21,12.402,6882.4,11,12,9,0
379.23,16.383,9079.3,12,13,13,1
334.23,15.368,8733.4,12,14,11,0
274.18,11.859,6423.8,10,10,9,0
290.18,12.078,6471.2,10,10,10,0
262.17,11.212,5966.1,9,10,9,0
292.2,12.904,7265.4,10,12,10,0
268.22,11.9,6382.5,12,12,7,0
337.19,15.168,8258.5,10,11,12,1
292.2,14.167,7912.6,10,12,10,0
278.17,12.452,6877.7,9,10,10,0
284.22,11.9,6382.5,12,12,8,0
248.14,11.285,5924.9,8,8,9,0
234.16,10.682,5590.7,8,10,8,0
313.22,11.9,6382.5,12,11,9,1
440.23,18.472,10559,12,12,16,2
395.23,17.4,10214,12,13,14,1
361.21,15.603,8868.5,12,11,12,1
316.22,14.602,8522.6,12,12,10,0
306.18,12.76,6978.5,10,10,11,0
469.22,16.383,9079.3,12,11,17,3
424.23,15.368,8733.4,12,12,15,2
250.16,12.494,6770.1,8,10,9,0
332.22,13.554,7690,12,12,11,0
302.19,13.056,7024.7,11,10,10,0
414.23,19.193,11647,12,14,16,0
446.23,19.892,12672,12,14,18,0
366.23,17.173,9861.1,12,14,13,0
398.23,18.434,11220,12,14,15,0
430.23,19.507,12157,12,14,17,0
354.22,16.423,9853.4,11,14,13,0
370.22,17.846,10870,11,14,14,0
386.22,18.324,11271,11,14,15,0
402.22,19.373,11983,11,14,16,0
418.22,20.028,12501,11,14,17,0
350.23,16.484,9480.9,12,14,12,0
348.22,15.267,8676.1,12,12,12,0
366.23,16.218,9517.8,12,14,13,0
320.21,14.385,8254.3,11,12,11,0
411.23,18.216,10451,12,13,15,1
366.23,17.15,10105,12,14,13,0
306.18,13.871,7795.7,10,10,11,0
322.18,14.055,7843.1,10,10,12,0
294.17,13.195,7338,9,10,11,0
324.19,14.822,8637.3,10,12,12,0
300.22,13.941,7754.4,12,12,9,0
369.19,17.271,9630.4,10,11,14,1
324.19,16.206,9284.5,10,12,12,0
310.17,14.377,8249.6,9,10,12,0
316.22,13.941,7754.4,12,12,10,0
280.14,13.352,7296.8,8,8,11,0
266.16,12.66,6962.6,8,10,10,0
345.22,13.941,7754.4,12,11,11,1
472.22,20.244,11931,12,12,18,2
427.23,19.141,11585,12,13,16,1
393.21,17.571,10240,12,11,14,1
348.22,16.506,9894.5,12,12,12,0
338.18,14.736,8350.4,10,10,13,0
501.22,18.216,10451,12,11,19,3
456.22,17.15,10105,12,12,17,2
282.16,14.456,8142,8,10,11,0
364.21,15.478,9061.9,12,12,13,0
334.19,15.148,8396.6,11,10,12,0
478.22,20.818,13697,12,14,20,0
398.23,18.088,10886,12,14,15,0
430.23,19.134,12245,12,14,17,0
462.22,20.351,13182,12,14,19,0
386.22,17.344,10878,11,14,15,0
402.22,18.555,11895,11,14,16,0
418.22,19.175,12296,11,14,17,0
434.21,20.063,13008,11,14,18,0
450.21,20.714,13526,11,14,19,0
382.23,17.399,10506,12,14,14,0
380.21,16.143,9701.1,12,12,14,0
398.23,17.156,10543,12,14,15,0
352.2,15.33,9279.4,11,12,13,0
443.23,19.161,11476,12,13,17,1
398.23,18.065,11130,12,14,15,0
338.18,14.747,8820.7,10,10,13,0
354.18,14.966,8868.1,10,10,14,0
326.17,14.14,8363,9,10,13,0
356.19,15.76,9662.4,10,12,14,0
332.22,14.7,8779.4,12,12,11,0
401.19,18.056,10655,10,11,16,1
356.19,16.959,10310,10,12,14,0
342.16,15.263,9274.6,9,10,14,0
348.22,14.7,8779.4,12,12,12,0
312.14,14.173,8321.8,8,8,13,0
298.16,13.57,7987.7,8,10,12,0
377.21,14.7,8779.4,12,11,13,1
504.22,21.153,12956,12,12,20,2
459.22,20.03,12610,12,13,18,1
425.21,18.531,11265,12,11,16,1
380.21,17.434,10920,12,12,14,0
370.17,15.463,9375.4,10,10,15,0
533.22,19.161,11476,12,11,21,3
488.22,18.065,11130,12,12,19,2
314.15,15.174,9167,8,10,13,0
396.21,16.41,10087,12,12,15,0
366.19,15.983,9421.7,11,10,14,0
318.23,15.101,8075.2,12,14,10,0
350.23,16.411,9434,12,14,12,0
382.23,17.691,10371,12,14,14,0
306.22,14.483,8067.5,11,14,10,0
322.22,15.795,9084.6,11,14,11,0
338.22,16.488,9484.7,11,14,12,0
354.22,17.369,10197,11,14,13,0
370.22,18.034,10715,11,14,14,0
302.23,14.413,7695,12,14,9,0
300.22,13.104,6890.2,12,12,9,0
318.23,14.239,7731.9,12,14,10,0
272.21,12.355,6468.4,11,12,8,0
363.23,16.024,8665.2,12,13,12,1
318.23,15.05,8319.3,12,14,10,0
258.18,11.708,6009.8,10,10,8,0
274.18,11.893,6057.1,10,10,9,0
246.17,11.164,5552.1,9,10,8,0
276.2,12.844,6851.4,10,12,9,0
252.22,11.778,5968.5,12,12,6,0
321.19,15.295,7844.5,10,11,11,1
276.2,14.321,7498.6,10,12,9,0
262.17,12.462,6463.7,9,10,9,0
268.22,11.778,5968.5,12,12,7,0
232.14,11.189,5510.9,8,8,8,0
218.16,10.497,5176.7,8,10,7,0
297.22,11.778,5968.5,12,11,8,1
424.23,18.168,10145,12,12,15,2
379.23,17.111,9799.5,12,13,13,1
345.22,15.54,8454.5,12,11,11,1
300.22,14.566,8108.6,12,12,9,0
290.18,12.664,6564.5,10,10,10,0
453.22,16.024,8665.2,12,11,16,3
408.23,15.05,8319.3,12,12,14,2
234.16,12.42,6356.1,8,10,8,0
316.22,13.5,7276,12,12,10,0
286.19,13.117,6610.7,11,10,9,0
382.23,17.676,10793,12,14,14,0
414.23,18.748,11729,12,14,16,0
338.22,15.663,9426.3,11,14,12,0
354.22,17.087,10443,11,14,13,0
370.22,17.565,10844,11,14,14,0
386.22,18.615,11556,11,14,15,0
402.22,19.27,12074,11,14,16,0
334.23,15.723,9053.7,12,14,11,0
332.22,14.502,8249,12,12,11,0
350.23,15.456,9090.6,12,14,12,0
304.21,13.621,7827.2,11,12,10,0
395.23,17.454,10024,12,13,14,1
350.23,16.389,9678.1,12,14,12,0
290.18,13.107,7368.6,10,10,10,0
306.18,13.291,7415.9,10,10,11,0
278.17,12.431,6910.9,9,10,10,0
308.19,14.06,8210.2,10,12,11,0
284.22,13.176,7327.3,12,12,8,0
353.19,16.507,9203.3,10,11,13,1
308.19,15.444,8857.4,10,12,11,0
294.17,13.615,7822.5,9,10,11,0
300.22,13.176,7327.3,12,12,9,0
264.14,12.588,6869.6,8,8,10,0
250.16,11.896,6535.5,8,10,9,0
329.22,13.176,7327.3,12,11,10,1
456.22,19.484,11504,12,12,17,2
411.23,18.382,11158,12,13,15,1
377.21,16.807,9813.2,12,11,13,1
332.22,15.744,9467.4,12,12,11,0
322.18,13.974,7923.2,10,10,12,0
485.22,17.454,10024,12,11,18,3
440.23,16.389,9678.1,12,12,16,2
266.16,13.694,7714.9,8,10,10,0
348.22,14.716,8634.8,12,12,12,0
318.19,14.383,7969.5,11,10,11,0
446.23,19.882,12666,12,14,18,0
370.22,16.817,10363,11,14,14,0
386.22,18.159,11380,11,14,15,0
402.22,18.7,11780,11,14,16,0
418.22,19.681,12492,11,14,17,0
434.21,20.336,13010,11,14,18,0
366.23,17.002,9990.4,12,14,13,0
364.21,15.64,9185.6,12,12,13,0
382.23,16.621,10027,12,14,14,0
336.2,14.788,8763.8,11,12,12,0
427.23,18.734,10961,12,13,16,1
382.23,17.657,10615,12,14,14,0
322.18,14.245,8305.2,10,10,12,0
338.18,14.463,8352.6,10,10,13,0
310.17,13.598,7847.5,9,10,12,0
340.19,15.226,9146.8,10,12,13,0
316.22,14.286,8263.9,12,12,10,0
385.19,17.553,10140,10,11,15,1
340.19,16.474,9794,10,12,13,0
326.17,14.77,8759.1,9,10,13,0
332.22,14.286,8263.9,12,12,11,0
296.14,13.671,7806.3,8,8,12,0
282.16,13.068,7472.1,8,10,11,0
361.21,14.286,8263.9,12,11,12,1
488.22,20.752,12441,12,12,19,2
443.23,19.641,12095,12,13,17,1
409.21,17.989,10750,12,11,15,1
364.21,16.909,10404,12,12,13,0
354.18,15.067,8859.9,10,10,14,0
517.22,18.734,10961,12,11,20,3
472.22,17.657,10615,12,12,18,2
298.16,14.787,8651.5,8,10,12,0
380.21,15.875,9571.4,12,12,14,0
350.19,15.442,8906.1,11,10,13,0
294.21,13.707,8059.7,10,14,10,0
310.21,15.063,9076.8,10,14,11,0
326.21,15.625,9477,10,14,12,0
342.21,16.619,10189,10,14,13,0
358.21,17.279,10707,10,14,14,0
290.22,13.794,7687.2,11,14,9,0
288.21,12.402,6882.4,11,12,9,0
306.22,13.469,7724.1,11,14,10,0
260.2,11.562,6460.7,10,12,8,0
351.22,15.481,8657.5,11,13,12,1
306.22,14.467,8311.6,11,14,10,0
246.17,11.007,6002,9,10,8,0
262.17,11.241,6049.4,9,10,9,0
234.16,10.372,5544.3,8,10,8,0
264.19,12.073,6843.7,9,12,9,0
240.21,11.054,5960.7,11,12,6,0
309.18,14.275,7836.8,9,11,11,1
264.19,13.275,7490.9,9,12,9,0
250.16,11.615,6455.9,8,10,9,0
256.21,11.054,5960.7,11,12,7,0
220.13,10.409,5503.1,7,8,8,0
206.15,9.8456,5169,7,10,7,0
285.21,11.054,5960.7,11,11,8,1
412.22,17.571,10138,11,12,15,2
367.22,16.499,9791.8,11,13,13,1
333.2,14.772,8446.7,11,11,11,1
288.21,13.771,8100.8,11,12,9,0
278.17,11.913,6556.7,9,10,10,0
441.21,15.481,8657.5,11,11,16,3
396.22,14.467,8311.6,11,12,14,2
222.15,11.647,6348.3,7,10,8,0
304.21,12.719,7268.2,11,12,10,0
274.18,12.15,6603,10,10,9,0
326.21,16.943,10356,10,14,12,0
342.21,16.977,10494,10,14,13,0
358.21,18.036,11206,10,14,14,0
374.21,18.691,11724,10,14,15,0
306.22,15.107,8704.3,11,14,10,0
304.21,13.863,7899.5,11,12,10,0
322.22,14.84,8741.2,11,14,11,0
276.2,12.982,7477.8,10,12,9,0
367.22,17.314,9937.1,11,13,13,1
322.22,16.247,9591.2,11,14,11,0
262.17,12.468,7019.1,9,10,9,0
278.17,12.652,7066.5,9,10,10,0
250.16,11.791,6561.4,8,10,9,0
280.18,13.444,7860.8,9,12,10,0
256.21,12.537,6977.8,11,12,7,0
325.18,15.867,8853.8,9,11,12,1
280.18,14.828,8507.9,9,12,10,0
266.16,12.999,7473,8,10,10,0
272.21,12.537,6977.8,11,12,8,0
236.13,11.948,6520.2,7,8,9,0
222.15,11.256,6186,7,10,8,0
301.21,12.537,6977.8,11,11,9,1
428.21,19.341,11417,11,12,16,2
383.22,18.238,11071,11,13,14,1
349.2,16.167,9463.8,11,11,12,1
304.21,15.128,9117.9,11,12,10,0
294.17,13.358,7573.8,9,10,11,0
457.21,17.314,9937.1,11,11,17,3
412.22,16.247,9591.2,11,12,15,2
238.15,13.078,7365.4,7,10,9,0
320.21,14.1,8285.3,11,12,11,0
290.18,13.744,7620,10,10,10,0
358.21,17.517,10894,10,14,14,0
374.21,18.505,11606,10,14,15,0
390.21,19.16,12124,10,14,16,0
322.22,15.799,9104.5,11,14,11,0
320.21,14.42,8299.7,11,12,11,0
338.22,15.418,9141.4,11,14,12,0
292.2,13.568,7877.9,10,12,10,0
383.22,17.531,10075,11,13,14,1
338.22,16.466,9728.9,11,14,12,0
278.17,13.024,7419.3,9,10,10,0
294.17,13.243,7466.7,9,10,11,0
266.16,12.378,6961.6,8,10,10,0
296.18,14.023,8260.9,9,12,11,0
272.21,13.066,7378,11,12,8,0
341.18,16.333,9254,9,11,13,1
296.18,15.271,8908.1,9,12,11,0
282.16,13.567,7873.2,8,10,11,0
288.21,13.066,7378,11,12,9,0
252.13,12.451,6920.4,7,8,10,0
238.15,11.848,6586.2,7,10,9,0
317.21,13.066,7378,11,11,10,1
444.21,19.561,11555,11,12,17,2
399.22,18.459,11209,11,13,15,1
365.2,16.769,9864,11,11,13,1
320.21,15.706,9518.1,11,12,11,0
310.17,13.864,7974,9,10,12,0
473.21,17.531,10075,11,11,18,3
428.21,16.466,9728.9,11,12,16,2
254.15,13.584,7765.6,7,10,10,0
336.2,14.672,8685.5,11,12,12,0
306.18,14.221,8020.2,10,10,11,0
390.21,19.548,12318,10,14,16,0
406.2,20.2,12836,10,14,17,0
338.22,16.68,9816.5,11,14,12,0
336.2,15.485,9011.7,11,12,12,0
354.22,16.423,9853.4,11,14,13,0
308.19,14.603,8590,10,12,11,0
399.22,18.442,10787,11,13,15,1
354.22,17.353,10441,11,14,13,0
294.17,14.089,8131.3,9,10,11,0
310.17,14.273,8178.7,9,10,12,0
282.16,13.413,7673.6,8,10,11,0
312.18,15.028,8973,9,12,12,0
288.21,14.159,8090,11,12,9,0
357.18,17.489,9966,9,11,14,1
312.18,16.402,9620.2,9,12,12,0
298.16,14.58,8585.2,8,10,12,0
304.21,14.159,8090,11,12,10,0
268.13,13.57,7632.4,7,8,11,0
254.15,12.878,7298.3,7,10,10,0
333.2,14.159,8090,11,11,11,1
460.21,20.441,12267,11,12,18,2
415.22,19.324,11921,11,13,16,1
381.2,17.789,10576,11,11,14,1
336.2,16.702,10230,11,12,12,0
326.17,14.931,8686,9,10,13,0
489.21,18.442,10787,11,11,19,3
444.21,17.353,10441,11,12,17,2
270.15,14.642,8477.6,7,10,11,0
352.2,15.684,9397.5,11,12,13,0
322.18,15.366,8732.2,10,10,12,0
422.2,20.851,13354,10,14,18,0
354.22,17.346,10335,11,14,13,0
352.2,16.158,9529.8,11,12,13,0
370.22,17.089,10371,11,14,14,0
324.19,15.277,9108,10,12,12,0
415.22,19.108,11305,11,13,16,1
370.22,18.013,10959,11,14,14,0
310.17,14.763,8649.3,9,10,12,0
326.17,14.947,8696.7,9,10,13,0
298.16,14.086,8191.6,8,10,12,0
328.18,15.693,9491,9,12,13,0
304.21,14.832,8608,11,12,10,0
373.18,18.163,10484,9,11,15,1
328.18,17.067,10138,9,12,13,0
314.15,15.246,9103.3,8,10,13,0
320.21,14.832,8608,11,12,11,0
284.13,14.243,8150.4,7,8,12,0
270.15,13.551,7816.3,7,10,11,0
349.2,14.832,8608,11,11,12,1
476.21,21.101,12785,11,12,19,2
431.21,19.979,12439,11,13,17,1
397.2,18.462,11094,11,11,15,1
352.2,17.367,10748,11,12,13,0
342.16,15.597,9204,9,10,14,0
505.21,19.108,11305,11,11,20,3
460.21,18.013,10959,11,12,18,2
286.14,15.308,8995.7,7,10,12,0
368.2,16.349,9915.6,11,12,14,0
338.18,16.039,9250.3,10,10,13,0
286.24,13.724,7314.7,12,14,8,0
284.22,12.415,6509.9,12,12,8,0
302.23,13.551,7351.6,12,14,9,0
256.21,11.666,6088.2,11,12,7,0
347.23,15.335,8285,12,13,11,1
302.23,14.362,7939.1,12,14,9,0
242.18,11.02,5629.5,10,10,7,0
258.18,11.204,5676.9,10,10,8,0
230.17,10.476,5171.8,9,10,7,0
260.2,12.155,6471.2,10,12,8,0
236.22,11.089,5588.2,12,12,5,0
305.19,14.607,7464.2,10,11,10,1
260.2,13.632,7118.4,10,12,8,0
246.17,11.773,6083.4,9,10,8,0
252.22,11.089,5588.2,12,12,6,0
216.14,10.5,5130.6,8,8,7,0
202.16,9.8085,4796.5,8,10,6,0
281.22,11.089,5588.2,12,11,7,1
408.23,17.479,9765.2,12,12,14,2
363.23,16.422,9419.3,12,13,12,1
329.22,14.852,8074.2,12,11,10,1
284.22,13.878,7728.3,12,12,8,0
274.18,11.975,6184.2,10,10,9,0
437.23,15.335,8285,12,11,15,3
392.23,14.362,7939.1,12,12,13,2
218.16,11.732,5975.8,8,10,7,0
300.22,12.811,6895.7,12,12,9,0
270.19,12.428,6230.5,11,10,8,0
282.2,10.643,5705.2,12,10,8,0
300.22,12.077,6546.8,12,12,9,0
254.19,9.7757,5283.4,11,10,7,0
345.22,13.856,7480.2,12,11,11,1
300.22,13.239,7134.3,12,12,9,0
240.17,9.2474,4824.7,10,8,7,0
256.17,9.4662,4872.1,10,8,8,0
228.16,8.5853,4367.1,9,8,7,0
258.18,10.682,5666.4,10,10,8,0
234.21,9.3236,4783.4,12,10,5,0
303.18,12.556,6659.5,10,9,10,1
258.18,12.039,6313.6,10,10,8,0
244.15,10.262,5278.7,9,8,8,0
250.21,9.3236,4783.4,12,10,6,0
214.13,8.6736,4325.8,8,6,7,0
279.2,9.3236,4783.4,12,9,7,1
406.21,16.38,8960.4,12,10,14,2
361.21,15.383,8614.5,12,11,12,1
327.2,12.976,7269.4,12,9,10,1
282.2,12.459,6923.5,12,10,8,0
272.16,10.666,5379.4,10,8,9,0
435.21,13.856,7480.2,12,9,15,3
390.21,13.239,7134.3,12,10,13,2
216.14,10.474,5171.1,8,8,7,0
298.2,11.332,6091,12,10,9,0
268.18,10.429,5425.7,11,8,8,0
318.23,13.201,7388.5,12,14,10,0
272.21,11.237,6125.1,11,12,8,0
363.23,15.162,8321.9,12,13,12,1
318.23,14.212,7976,12,14,10,0
258.18,10.682,5666.4,10,10,8,0
274.18,10.916,5713.8,10,10,9,0
246.17,10.047,5208.7,9,10,8,0
276.2,11.805,6508.1,10,12,9,0
252.22,10.729,5625.1,12,12,6,0
321.19,13.95,7501.1,10,11,11,1
276.2,13.031,7155.2,10,12,9,0
262.17,11.353,6120.3,9,10,9,0
268.22,10.729,5625.1,12,12,7,0
232.14,10.084,5167.5,8,8,8,0
218.16,9.5206,4833.3,8,10,7,0
297.22,10.729,5625.1,12,11,8,1
424.23,17.33,9802.1,12,12,15,2
379.23,16.288,9456.2,12,13,13,1
345.22,14.447,8111.1,12,11,11,1
300.22,13.527,7765.2,12,12,9,0
290.18,11.669,6221.1,10,10,10,0
453.22,15.162,8321.9,12,11,16,3
408.23,14.212,7976,12,12,14,2
234.16,11.426,6012.7,8,10,8,0
316.22,12.451,6932.6,12,12,10,0
286.19,11.825,6267.3,11,10,9,0
226.18,8.9263,4861.6,10,10,6,0
317.21,13.107,7058.4,11,11,10,1
272.21,12.303,6712.5,11,12,8,0
212.16,8.3803,4403,9,8,6,0
228.16,8.6144,4450.3,9,8,7,0
230.17,9.8416,5244.6,9,10,7,0
206.2,8.4423,4361.7,11,10,4,0
275.17,11.649,6237.7,9,9,9,1
230.17,11.131,5891.8,9,10,7,0
216.14,9.4103,4856.9,8,8,7,0
222.2,8.4423,4361.7,11,10,5,0
251.19,8.4423,4361.7,11,9,6,1
378.2,15.444,8538.6,11,10,13,2
333.2,14.447,8192.7,11,11,11,1
299.19,12.136,6847.7,11,9,9,1
254.19,11.618,6501.8,11,10,7,0
244.15,9.7849,4957.7,9,8,8,0
407.2,13.107,7058.4,11,9,14,3
362.2,12.303,6712.5,11,10,12,2
188.13,9.5929,4749.3,7,8,6,0
270.19,10.488,5669.2,11,10,8,0
240.17,9.5146,5003.9,10,8,7,0
408.23,17.493,9517.8,12,12,14,2
363.23,16.551,9171.9,12,13,12,1
303.18,12.461,6599.8,10,9,10,1
319.18,12.645,6647.1,10,9,11,1
291.17,11.917,6142.1,9,9,10,1
321.19,13.767,7441.4,10,11,11,1
297.22,12.53,6558.5,12,11,8,1
366.19,16.048,8434.5,10,10,13,2
321.19,15.244,8088.6,10,11,11,1
307.17,13.384,7053.7,9,9,11,1
313.22,12.53,6558.5,12,11,9,1
277.14,11.942,6100.9,8,7,10,1
263.16,11.25,5766.7,8,9,9,1
342.22,12.53,6558.5,12,10,10,2
469.22,19.668,10998,12,11,17,3
424.23,18.63,10652,12,12,15,2
390.21,16.293,9044.5,12,10,13,2
345.22,15.489,8698.6,12,11,11,1
335.18,13.587,7154.5,10,9,12,1
498.22,17.493,9517.8,12,10,18,4
453.22,16.551,9171.9,12,11,16,3
279.16,13.343,6946.1,8,9,10,1
361.21,14.423,7866,12,11,12,1
331.19,13.87,7200.7,11,9,11,1
318.23,15.526,8826,12,14,10,0
258.18,11.844,6253.9,10,10,8,0
274.18,12.028,6301.3,10,10,9,0
246.17,11.113,5796.2,9,10,8,0
276.2,12.817,7095.5,10,12,9,0
252.22,11.726,6212.6,12,12,6,0
321.19,15.244,8088.6,10,11,11,1
276.2,14.27,7742.7,10,12,9,0
262.17,12.429,6707.8,9,10,9,0
268.22,11.726,6212.6,12,12,7,0
232.14,11.325,5755,8,8,8,0
218.16,10.633,5420.8,8,10,7,0
297.22,11.726,6212.6,12,11,8,1
424.23,18.63,10652,12,12,15,2
379.23,17.551,10306,12,13,13,1
345.22,15.489,8698.6,12,11,11,1
300.22,14.515,8352.7,12,12,9,0
290.18,12.613,6808.6,10,10,10,0
453.22,16.551,9171.9,12,11,16,3
408.23,15.526,8826,12,12,14,2
234.16,12.346,6600.2,8,10,8,0
316.22,13.473,7520.1,12,12,10,0
286.19,13.066,6854.8,11,10,9,0
216.14,9.2865,4786,8,8,7,0
261.14,11.161,5779,8,7,9,1
216.14,10.643,5433.2,8,8,7,0
202.12,8.8666,4398.2,7,6,7,0
364.17,14.984,8080,10,8,13,2
319.18,13.988,7734.1,10,9,11,1
285.16,11.581,6389,10,7,9,1
240.17,11.064,6043.1,10,8,7,0
230.13,9.2707,4499,8,6,8,0
393.17,12.461,6599.8,10,7,14,3
348.18,11.844,6253.9,10,8,12,2
256.17,9.9363,5210.5,10,8,8,0
226.14,9.0336,4545.3,9,6,7,0
232.14,9.5206,4833.3,8,8,8,0
277.14,11.38,5826.4,8,7,10,1
232.14,10.862,5480.5,8,8,8,0
218.12,9.0855,4445.6,7,6,8,0
380.17,15.169,8127.3,10,8,14,2
335.18,14.172,7781.5,10,9,12,1
301.16,11.815,6436.4,10,7,10,1
256.17,11.298,6090.5,10,8,8,0
246.13,9.4551,4546.4,8,6,9,0
409.17,12.645,6647.1,10,7,15,3
364.17,12.028,6301.3,10,8,13,2
272.16,10.17,5257.9,10,8,9,0
242.14,9.2677,4592.6,9,6,8,0
204.13,8.6512,4328.3,7,8,7,0
249.13,10.458,5321.4,7,7,9,1
204.13,9.9408,4975.5,7,8,7,0
352.16,14.253,7622.3,9,8,13,2
307.17,13.256,7276.4,9,9,11,1
273.15,10.946,5931.3,9,7,9,1
228.16,10.428,5585.4,9,8,7,0
381.16,11.917,6142.1,9,7,14,3
336.16,11.113,5796.2,9,8,12,2
244.15,9.2973,4752.8,9,8,8,0
234.16,10.41,5627.6,8,10,8,0
210.18,9.3332,4744.7,10,10,5,0
279.16,12.555,6620.7,8,9,10,1
234.16,11.636,6274.8,8,10,8,0
220.13,9.9573,5239.9,7,8,8,0
226.18,9.3332,4744.7,10,10,6,0
190.11,8.6885,4287.1,6,6,7,0
255.18,9.3332,4744.7,10,9,7,1
382.19,15.934,8921.6,10,10,14,2
337.19,14.892,8575.7,10,11,12,1
303.18,13.051,7230.7,10,9,10,1
258.18,12.132,6884.8,10,10,8,0
248.14,10.274,5340.7,8,8,9,0
411.19,13.767,7441.4,10,9,15,3
366.19,12.817,7095.5,10,10,13,2
192.12,10.031,5132.3,6,8,7,0
274.18,11.056,6052.2,10,10,9,0
244.15,10.43,5386.9,9,8,8,0
255.18,11.515,5737.8,10,9,7,1
210.18,10.998,5391.9,10,10,5,0
196.16,8.9083,4356.9,9,8,5,0
358.21,14.867,8038.7,12,10,11,2
313.22,13.87,7692.8,12,11,9,1
279.2,11.628,6347.7,12,9,7,1
234.21,11.111,6001.8,12,10,5,0
224.17,9.3402,4457.7,10,8,6,0
387.21,12.53,6558.5,12,9,12,3
342.22,11.726,6212.6,12,10,10,2
250.21,9.9893,5169.2,12,10,6,0
220.18,9.2047,4504,11,8,5,0
324.15,14.47,7613.8,8,8,12,2
279.16,13.952,7267.9,8,9,10,1
265.13,12.175,6233,7,7,10,1
271.18,11.515,5737.8,10,9,8,1
235.1,10.587,5280.1,6,5,9,1
221.12,9.9841,4946,6,7,8,1
300.18,11.515,5737.8,10,8,9,2
427.19,18.384,9914.7,10,9,16,3
382.19,17.387,9568.8,10,10,14,2
348.18,14.849,8223.7,10,8,12,2
303.18,14.332,7877.9,10,9,10,1
293.14,12.858,6333.7,8,7,11,1
456.18,16.048,8434.5,10,8,17,4
411.19,15.244,8088.6,10,9,15,3
237.12,12.666,6125.4,6,7,9,1
319.18,13.205,7045.3,10,9,11,1
289.15,12.302,6380,9,7,10,1
234.16,12.978,6922,8,10,8,0
220.13,11.244,5887.1,7,8,8,0
226.18,10.998,5391.9,10,10,6,0
190.11,10.069,4934.3,6,6,7,0
176.12,9.4666,4600.1,6,8,6,0
255.18,10.998,5391.9,10,9,7,1
382.19,17.387,9568.8,10,10,14,2
337.19,16.331,9222.9,10,11,12,1
303.18,14.332,7877.9,10,9,10,1
258.18,13.358,7532,10,10,8,0
248.14,11.697,5987.9,8,8,9,0
411.19,15.244,8088.6,10,9,15,3
366.19,14.27,7742.7,10,10,13,2
192.12,11.453,5779.5,6,8,7,0
274.18,12.285,6699.4,10,10,9,0
244.15,11.785,6034.1,9,8,8,0
206.11,9.51,4852.2,6,6,8,0
212.16,8.9083,4356.9,9,8,6,0
241.15,8.9083,4356.9,9,7,7,1
368.16,15.547,8533.9,9,8,14,2
323.17,14.501,8188,9,9,12,1
289.15,12.611,6842.9,9,7,10,1
244.15,11.68,6497,9,8,8,0
234.12,9.837,4952.9,7,6,9,0
397.16,13.384,7053.7,9,7,15,3
352.16,12.429,6707.8,9,8,13,2
178.1,9.5935,4744.6,5,6,7,0
260.15,10.607,5664.5,9,8,9,0
230.13,10.064,4999.2,8,6,8,0
374.21,14.867,8038.7,12,10,12,2
329.22,13.87,7692.8,12,11,10,1
295.2,11.628,6347.7,12,9,8,1
250.21,11.111,6001.8,12,10,6,0
240.17,9.3402,4457.7,10,8,7,0
403.21,12.53,6558.5,12,9,13,3
358.21,11.726,6212.6,12,10,11,2
266.2,9.9893,5169.2,12,10,7,0
236.18,9.2047,4504,11,8,6,0
338.14,14.465,7581.1,8,6,13,2
293.14,13.468,7235.2,8,7,11,1
259.13,10.983,5890.1,8,5,9,1
214.13,10.466,5544.2,8,6,7,0
367.13,11.942,6100.9,8,5,14,3
322.14,11.325,5755,8,6,12,2
230.13,9.3383,4711.6,8,6,8,0
324.15,13.773,7246.9,8,8,12,2
279.16,12.776,6901,8,9,10,1
245.14,10.42,5556,8,7,8,1
200.15,9.9022,5210.1,8,8,6,0
353.15,11.25,5766.7,8,7,13,3
308.15,10.633,5420.8,8,8,11,2
216.14,8.775,4377.5,8,8,7,0
403.21,14.867,8038.7,12,9,13,3
358.21,13.87,7692.8,12,10,11,2
324.2,11.628,6347.7,12,8,9,2
279.2,11.111,6001.8,12,9,7,1
269.16,9.3402,4457.7,10,7,8,1
432.21,12.53,6558.5,12,8,14,4
387.21,11.726,6212.6,12,9,12,3
295.2,9.9893,5169.2,12,9,8,1
265.18,9.2047,4504,11,7,7,1
530.22,21.733,12478,12,10,20,4
485.22,20.645,12132,12,11,18,3
451.21,18.629,10525,12,9,16,3
406.21,17.633,10179,12,10,14,2
396.17,15.73,8634.7,10,8,15,2
559.22,19.668,10998,12,9,21,5
514.22,18.63,10652,12,10,19,4
340.15,15.464,8426.3,8,8,13,2
422.21,16.59,9346.2,12,10,15,2
392.18,16.206,8680.9,11,8,14,2
440.23,19.533,11786,12,12,16,2
406.21,17.633,10179,12,10,14,2
361.21,16.576,9832.9,12,11,12,1
351.18,14.673,8288.8,10,9,13,1
514.22,18.63,10652,12,10,19,4
469.22,17.551,10306,12,11,17,3
295.16,14.393,8080.4,8,9,11,1
377.21,15.548,9000.3,12,11,13,1
347.19,15.209,8335,11,9,12,1
372.2,15.346,8833.7,12,8,12,2
327.2,14.828,8487.8,12,9,10,1
317.16,12.971,6943.7,10,7,11,1
480.21,16.293,9044.5,12,8,17,4
435.21,15.489,8698.6,12,9,15,3
261.14,12.779,6735.3,8,7,9,1
343.2,13.697,7655.2,12,9,11,1
313.17,12.724,6990,11,7,10,1
282.2,13.854,8141.9,12,10,8,0
272.16,11.997,6597.8,10,8,9,0
435.21,15.489,8698.6,12,9,15,3
390.21,14.515,8352.7,12,10,13,2
216.14,11.753,6389.4,8,8,7,0
298.2,12.778,7309.3,12,10,9,0
268.18,12.207,6644.1,11,8,8,0
262.13,10.226,5053.7,8,6,10,0
425.17,13.587,7154.5,10,7,16,3
380.17,12.613,6808.6,10,8,14,2
206.11,9.9827,4845.3,6,6,8,0
288.16,10.93,5765.2,10,8,10,0
258.14,10.547,5099.9,9,6,9,0
588.22,17.493,9517.8,12,8,22,6
543.22,16.551,9171.9,12,9,20,5
369.15,13.343,6946.1,8,7,14,3
451.21,14.423,7866,12,9,16,3
421.18,13.87,7200.7,11,7,15,3
498.22,15.526,8826,12,10,18,4
324.15,12.346,6600.2,8,8,12,2
406.21,13.473,7520.1,12,10,14,2
376.19,13.066,6854.8,11,8,13,2
150.09,9.7392,4637,4,6,6,0
232.14,10.687,5556.9,8,8,8,0
202.12,10.355,4891.6,7,6,7,0
314.2,11.702,6476.8,12,10,10,0
284.18,11.076,5811.5,11,8,9,0
254.15,10.103,5146.2,10,6,8,0
192.12,11.14,5891.4,6,8,7,0
224.12,13.01,7192.3,6,8,9,0
256.12,13.877,8333.7,6,8,11,0
176.12,11.47,5745.2,6,8,6,0
208.12,12.248,6765.2,6,8,8,0
240.12,13.341,7701.9,6,8,10,0
164.11,10.328,5515,5,8,6,0
180.11,11.632,6415.8,5,8,7,0
196.11,12.138,6816,5,8,8,0
212.11,13.206,7528,5,8,9,0
228.11,13.972,8116.9,5,8,10,0
253.12,11.003,5661.5,6,7,10,1
285.12,14.104,8090.6,6,7,12,1
205.12,11.627,5502.1,6,7,7,1
237.12,10.239,5234.4,6,7,9,1
269.12,11.349,6171,6,7,11,1
193.11,10.458,5271.9,5,7,7,1
209.11,9.5998,4884.9,5,7,8,1
225.11,10.129,5285.1,5,7,9,1
241.11,11.221,5997.1,5,7,10,1
257.11,11.895,6515.1,5,7,11,1
174.11,11.514,5772.6,6,6,6,0
206.11,12.761,6862.4,6,6,8,0
238.1,13.522,7463.8,6,6,10,0
190.11,11.226,6262.2,6,6,7,0
222.1,14.424,7756.1,6,6,9,0
398,10,10000,20,30,0,8
437,10,10000,22,30,0,2
