   3.3181062121202774E-009
   105.46742994414572     
   193.96218978401828     
   268.20378521565482     
   330.61682651335167     
   383.28830498419723     
   427.95432196938265     
   466.03065884585487     
   498.66374741104624     
   526.77808760969253     
   551.12020959428594     
   572.29613899127673     
   590.80192604041690     
   607.04205612858277     
   621.35308243609290     
   634.01254576581175     
   645.25760446017796     
   655.27858786103741     
   664.24095280900474     
   672.28807024189132     
   679.53270064720971     
   686.07775165378825     
   692.01177646793474     
   697.40669035591338     
   702.32349200646206     
   706.81684982500292     
   710.93626252488491     
   714.71889801543523     
   718.20139668413685     
   721.41224624781489     
   724.37655800574123     
   727.12094534912990     
   729.66031908502214     
   732.01241754758360     
   734.19448885427562     
   736.21828227521166     
   738.09779155633555     
   739.83833036182591     
   741.44998258123599     
   742.94401537937529     
   744.32452039288228     
   745.59943954046207     
   746.77486138426468     
   747.85347424916586     
   748.84426818801762     
   749.74714998245986     
   750.56931477755131     
   751.31329023909370     
   751.98306818989624     
   752.58075711992444     
   753.11156713240325     
   753.57492519684388     
   753.97794788105398     
   754.32036048437408     
   754.60512017353051     
   754.83402999540385     
   755.01170246558911     
   755.13914824566325     
   755.21540976390588     
   755.24592707652744     
   755.23210384595029     
   755.17468959456210     
   755.07657927298828     
   754.93859511328185     
   754.76365268876350     
   754.55300018980415     
   754.30760892093610     
   754.02460957502467     
   753.71611681786067     
   753.37629965079350     
   753.00368228928141     
   752.60527144272794     
   752.18210247836976     
   751.73069140729115     
   751.25654143011855     
   750.75980853273552     
   750.24026180197654     
   749.69921291412470     
   749.13970829627306     
   748.56303758218735     
   747.96489023981553     
   747.35193078878228     
   746.72032874628849     
   746.07541558324965     
   745.41634096899850     
   744.74282044832830     
   744.05705884972019     
   743.35921272964720     
   742.64923263701814     
   741.92746060071863     
   741.19758275657796     
   740.45778175545342     
   739.70690213287924     
   738.94973465765190     
   738.18473967538864     
   737.41374239430900     
   736.63308121867271     
   735.84936500457184     
   735.05806673067832     
   734.26148075780463     
   733.46090770189448     
   732.65540151648122     
   731.84736967602066     
   731.03493306705411     
   730.22033757933809     
   729.40009296048129     
   728.58042202500076     
   727.75726149033483     
   726.93052240083239     
   726.10728183250524     
   725.27837165350081     
   724.45037781219719     
   723.62147612536262     
   722.79188426224709     
   721.96223068251868     
   721.13204809279455     
   720.30387698184597     
   719.47574936620333     
   718.64802160251929     
   717.82069221429413     
   716.99630526412693     
   716.17015066958459     
   715.34762222752181     
   714.52542602926997     
   713.70475446191460     
   712.88783583662200     
   712.07128923556888     
   711.25815926446205     
   710.44581022710179     
   709.63569133366639     
   708.82962497777896     
   708.02429013966889     
   707.22254634551996     
   706.42296358112947     
   705.62669468915101     
   704.83378238864179     
   704.04170429392821     
   703.25422191637051     
   702.46960573621311     
   701.68891671329163     
   700.90767371784716     
   700.13339162940770     
   699.36099769584973     
   698.59125042870039     
   697.82699262692972     
   697.06372167149345     
   696.30349331132084     
   695.54861506809209     
   694.79571934824423     
   694.04787720317756     
   693.30039708070490     
   692.55854218888192     
   691.81944155587416     
   691.08504901696574     
   690.35145911339157     
   689.62335641407071     
   688.89869907349316     
   688.17563543115261     
   687.45760737304761     
   686.74345356848210     
   686.03185316043187     
   685.32365945433514     
   684.61854507938290     
   683.91665758059594     
   683.22063680019653     
   682.52323968703956     
   681.83402243256671     
   681.14552807286725     
   680.46149936257711     
   679.78008228382123     
   679.10338943468400     
   678.42712310440993     
   677.75722737319757     
   677.08816640158580     
   676.42316493868611     
   675.76121212714463     
   675.10241116035218     
   674.44789545334288     
   673.79614125504793     
   673.14679333788308     
   672.50087636032504     
   671.85913180721229     
   671.21871725359779     
   670.58119556247880     
   669.94772714133546     
   669.31715721854334     
   668.68933936328870     
   668.06419439138870     
   667.44321176379310     
   666.82470835950971     
   666.20720897578997     
   665.59481622297665     
   664.98340249896967     
   664.37533987613369     
   663.77157162357685     
   663.16847216609870     
   662.56939694594337     
   661.97340785701988     
   661.38077002963792     
   660.78836161235608     
   660.19995067744753     
   659.61478301284410     
   659.02961716864411     
   658.44993700408872     
   657.87169145194628     
   657.29572205808461     
   656.72396716439016     
   656.15323587621810     
   655.58339294696623     
   655.01873241601754     
   654.45579462302294     
   653.89427001379443     
   653.33599685906870     
   652.78142696874727     
   652.22618286246166     
   651.67451765490125     
   651.12613130176442     
   650.57867847894352     
   650.03397810074898     
   649.49202347945959     
   648.95265162868930     
   648.41421554154010     
   647.87878810968130     
   647.34537413986436     
   646.81410111686239     
   646.28524699684817     
   645.75749624708840     
   645.23148054142064     
   644.70790967725418     
   644.18943698011913     
   643.66985896917276     
   643.15251441802127     
   642.63883287360136     
   642.12489177635689     
   641.61468740103851     
   641.10613713353098     
   640.59846795023770     
   640.09305814467427     
   639.59101248290881     
   639.09067458142545     
   638.58829926886256     
   638.09425260579781     
   637.59796734269821     
   637.10473277479900     
   636.61389597446475     
   636.12346136975623     
   635.63434851742829     
   635.14768988443916     
   634.66414671534142     
   634.18159969133239     
   633.69774649245574     
   633.22082198155533     
   632.74292954070131     
   632.26587127434482     
   631.79217248286807     
   631.32036665079852     
   630.84868401201834     
   630.37912595443834     
   629.91213795119756     
   629.44505455465787     
   628.98208692982473     
   628.51938619743373     
   628.05684977716749     
   627.59755157287884     
   627.13960982665265     
   626.68273958030238     
   626.22779409045256     
   625.77491719792260     
   625.32322370597456     
   624.87190322578954     
   624.42304040242163     
   623.97633125993423     
   623.52964234018009     
   623.08521579099101     
   622.64188306938956     
   622.20052911470179     
   621.76036741687506     
   621.32125741887933     
   620.88483295741253     
   620.44787850214163     
   620.01369838393998     
   619.58163937420909     
   619.14941201148281     
   618.71827461891314     
   618.28821625062756     
   617.86040956445083     
   617.43469831238372     
   617.01038201907193     
   616.58757681960640     
   616.16397510875402     
   615.74342656025851     
   615.32328921451563     
   614.90498296630369     
   614.48813543159258     
   614.07143956873108     
   613.65736965737915     
   613.24422441662443     
   612.83168427566477     
   612.42085379086780     
   612.01169109390401     
   611.60124057779569     
   611.19524438287453     
   610.78994248628908     
   610.38404395699899     
   609.98054960015338     
   609.57735596581506     
   609.17785820346933     
   608.77757171188716     
   608.37932760917545     
   607.98073218216257     
   607.58371676560932     
   607.18894715312899     
   606.79375632269603     
   606.40087032939221     
   606.00857431443251     
   605.61810763478536     
   605.22757539450151     
   604.83850989973121     
   604.45196440131826     
   604.06484882739812     
   603.67990300863960     
   603.29598843302938     
   602.91147661659625     
   602.52812817740289     
   602.14685787389283     
   601.76694237250763     
   601.38760239547264     
   601.01064355926997     
   600.63360879853474     
   600.25721155583017     
   599.88222442776146     
   599.50860693722950     
   599.13508126902104     
   598.76179021212192     
   598.39220056868760     
   598.02345607863992     
   597.65457495004841     
   597.28407543586547     
   596.91769641155111     
   596.55299358458137     
   596.18728816501778     
   595.82201153279982     
   595.46015512444376     
   595.09854332626276     
   594.73546967183120     
   594.37493758625430     
   594.01591176948943     
   593.65810248179025     
   593.30028246174049     
   592.94296509368610     
   592.58849473385521     
   592.23211070352579     
   591.87819332024617     
   591.52655071886534     
   591.17413773376086     
   590.82353905976231     
   590.47217948235937     
   590.12304030140297     
   589.77425088800817     
   589.42540561397379     
   589.08019598971111     
   588.73368673638458     
   588.38675579085054     
   588.04511925225518     
   587.70058902507139     
   587.35836364878560     
   587.01609922817920     
   586.67705417339675     
   586.33499168407866     
   585.99589021479437     
   585.65747995807942     
   585.32134512984624     
   584.98339463001048     
   584.64742227182182     
   584.31033032871017     
   583.97809303763427     
   583.64499752756149     
   583.31215504992440     
   582.97808597162623     
   582.64993543819946     
   582.31875540618557     
   581.98846655960313     
   581.65902881775185     
   581.33198277231452     
   581.00436139236695     
   580.67824788842438     
   580.35197716899052     
   580.02713323210492     
   579.70431218691908     
   579.38025748678717     
   579.05705824271308     
   578.73437134813639     
   578.41342843573773     
   578.09282488031943     
   577.77287942739861     
   577.45379862592097     
   577.13564772301106     
   576.81925123269104     
   576.50265458768808     
   576.18550605340999     
   575.87023372885778     
   575.55463869637390     
   575.24060806800583     
   574.92851773848793     
   574.61581704445416     
   574.30352185774643     
   573.99230642641794     
   573.68187194586415     
   573.37156098568084     
   573.06262732128425     
   572.75383286204340     
   572.44625917213239     
   572.13965778773149     
   571.83190493660049     
   571.52773886286684     
   571.22170425662796     
   570.91812039189733     
   570.61409883916940     
   570.31145597806221     
   570.00884242432198     
   569.70783916207449     
   569.40564055139203     
   569.10538974238341     
   568.80430666397854     
   568.50628076164924     
   568.20575300204655     
   567.90844562205211     
   567.61448398262314     
   567.31675786472886     
   567.01837451678796     
   566.72495374256414     
   566.42994037522578     
   566.13644910001540     
   565.84285440477413     
   565.55023912686522     
   565.25651786534365     
   564.96448822928710     
   564.67490774959788     
   564.38306172197463     
   564.09364855986212     
   563.80350588980059     
   563.51463266482654     
   563.22663858089709     
   562.94022134754414     
   562.65341792135030     
   562.36724443983087     
   562.08117355926652     
   561.79576972308178     
   561.51035278871120     
   561.22753081903682     
   560.94468468537571     
   560.66135561775582     
   560.37791737257237     
   560.09877209669366     
   559.81499294750256     
   559.53563189490342     
   559.25599906848322     
   558.97690550868140     
   558.69755505239550     
   558.41924849053578     
   558.14126945272835     
   557.86444261618078     
   557.58619372718783     
   557.31141656251054     
   557.03540804854140     
   556.76128662426265     
   556.48564104291631     
   556.21201248244029     
   555.93771872807167     
   555.66668082627223     
   555.39390627540865     
   555.12225996421375     
   554.85097836007708     
   554.57886805714145     
   554.31069261243908     
   554.03947634448616     
   553.77015833241353     
   553.50318328819526     
   553.23367723514218     
   552.96641123720451     
   552.69976008459651     
   552.43301097119172     
   552.16675818989859     
   551.90126629701183     
   551.63620510205135     
   551.37151232546410     
   551.10595563502238     
   550.84279357250114     
   550.57988879065601     
   550.31888453492877     
   550.05667715454160     
   549.79515130787172     
   549.53400517349144     
   549.27389683218325     
   549.01299481671310     
   548.75077914112376     
   548.49374882191466     
   548.23509337848441     
   547.97646249147817     
   547.71858994497518     
   547.46155957339761     
   547.20510112192142     
   546.94938856759495     
   546.69257219145527     
   546.43745983193207     
   546.18178112801729     
   545.92759669584859     
   545.67494496842858     
   545.42032068444416     
   545.16755025092777     
   544.91513279300978     
   544.66356068047378     
   544.41239619252906     
   544.15885035953806     
   543.90942932384996     
   543.65959241515213     
   543.40941867469849     
   543.16030797522626     
   542.91110683321540     
   542.66287224873304     
   542.41474414331628     
   542.16686871343802     
   541.92010108518923     
   541.67247092562332     
   541.42719357217641     
   541.18135136508658     
   540.93495601906727     
   540.68985193108449     
   540.44457598249733     
   540.20106830370844     
   539.95699952345990     
   539.71388054085207     
   539.47160589585440     
   539.22943374465854     
   538.98763205316527     
   538.74612046609116     
   538.50494416101049     
   538.26425701347273     
   538.02446966123193     
   537.78380312113359     
   537.54459149655656     
   537.30513902150130     
   537.06674282569645     
   536.82876562305216     
   536.58975896157403     
   536.35356576575668     
   536.11699010258610     
   535.87999679727750     
   535.64403096880244     
   535.40749791270741     
   535.17263238096598     
   534.93639621989757     
   534.70180454158276     
   534.46692868102616     
   534.23322138750621     
   534.00026286142679     
   533.76760245046842     
   533.53502681956206     
   533.30284143278448     
   533.07233950310490     
   532.84081268129455     
   532.60968494116241     
   532.37895260383982     
   532.14863104194035     
   531.91864333988985     
   531.68912854224016     
   531.45978753780355     
   531.23090282001465     
   531.00223617532640     
   530.77443304661847     
   530.54681305449321     
   530.32009499701599     
   530.09348879533036     
   529.86692316707081     
   529.64073184388280     
   529.41492291466295     
   529.18951713876334     
   528.96439454336655     
   528.73946878844583     
   528.51548349415668     
   528.29169627766578     
   528.06771919202276     
   527.84476642235256     
   527.62189278708411     
   527.39942597321169     
   527.17728952266623     
   526.95543382420772     
   526.73412470594849     
   526.51218209552815     
   526.29148835622902     
   526.07124168830967     
   525.85109339246833     
   525.63126655436292     
   525.41213959293520     
   525.19384159344293     
   524.97561450885996     
   524.75768844737149     
   524.53996099847768     
   524.32110998040400     
   524.10491334824314     
   523.88703354654933     
   523.67153254775326     
   523.45473014361642     
   523.23926378779652     
   523.02388117924579     
   522.80789559348159     
   522.59277942155973     
   522.37956119340242     
   522.16505688805785     
   521.95121440580010     
   521.73819715721493     
   521.52466491710072     
   521.31105468471571     
   521.09998502211749     
   520.88828922084758     
   520.67629461812089     
   520.46384923064863     
   520.25254831056429     
   520.04205897043596     
   519.83124339587027     
   519.62113132918819     
   519.41115799555791     
   519.20149819143455     
   518.99441089994593     
   518.78510741207867     
   518.57588446437592     
   518.36761513503109     
   518.15961240110869     
   517.95212848312269     
   517.74484033846909     
   517.53723328188710     
   517.32998915373253     
   517.12529579952627     
   516.91837644308077     
   516.71351656580441     
   516.50751701014440     
   516.30276745123797     
   516.09797174470873     
   515.89339604616464     
   515.68962318112199     
   515.48509926386805     
   515.28207170435576     
   515.07878917460243     
   514.87544184219450     
   514.67330679605834     
   514.47107144257836     
   514.26949440081546     
   514.06732414550174     
   513.86444261792019     
   513.66374689003214     
   513.46343115482011     
   513.26295481607610     
   513.06270082046808     
   512.86294293153401     
   512.66343238777836     
   512.46370603850653     
   512.26530899607087     
   512.06640826276885     
   511.86796574918304     
   511.67031757247787     
   511.47101609366069     
   511.27477143030734     
   511.07678183927118     
   510.87952834381969     
   510.68273267109606     
   510.48617076524908     
   510.28981951984559     
   510.09416767255073     
   509.89841398392127     
   509.70235500124909     
   509.50782775157893     
   509.31294318579000     
   509.12013157468044     
   508.92449504237658     
   508.73123275330664     
   508.53747844231731     
   508.34419308549877     
   508.15121757413920     
   507.95870495742668     
   507.76626667771842     
   507.57386283611748     
   507.38189914935526     
   507.19029667300737     
   506.99922653086423     
   506.80833130146141     
   506.61690035790616     
   506.42604131787255     
   506.23456342374283     
   506.04546441130958     
   505.85672128586953     
   505.66660018580700     
   505.47709518433572     
   505.28829667619499     
   505.10002609232481     
   504.91103114680959     
   504.72284327717057     
   504.53466828850912     
   504.34629306263446     
   504.16011151695119     
   503.97251416920386     
   503.78621369247657     
   503.59856864810990     
   503.41227493741434     
   503.22597265642827     
   503.04124897318570     
   502.85576359117806     
   502.67011024995287     
   502.48474474663101     
   502.30064397939304     
   502.11567956507400     
   501.93179370749732     
   501.74729695435673     
   501.56314562521794     
   501.38005592171004     
   501.19628528651339     
   501.01376025305240     
   500.83096217737227     
   500.64798727786024     
   500.46586586887634     
   500.28374215849880     
   500.10203885601771     
   499.92057023319177     
   499.73971722480439     
   499.55859566895430     
   499.37753970458499     
   499.19772677331110     
   499.01700379421874     
   498.83694922828488     
   498.65727970172571     
   498.47776769626023     
   498.29829253979443     
   498.11921747970212     
   497.94022557415741     
   497.76258236416004     
   497.58380225499099     
   497.40527465743668     
   497.22700217193909     
   497.04942864256418     
   496.87220482873619     
   496.69486444023966     
   496.51862237506384     
   496.34124996927687     
   496.16541118522781     
   495.98908461542464     
   495.81323824444002     
   495.63790019548617     
   495.46173946884744     
   495.28620391827803     
   495.11196838720883     
   494.93653459002610     
   494.76201250229752     
   494.58844523831289     
   494.41346496997903     
   494.24082547597209     
   494.06579184638110     
   493.89221949397188     
   493.71919858744411     
   493.54611450822790     
   493.37440758563622     
   493.20201610378905     
   493.02859849975715     
   492.85709748879759     
   492.68570439336327     
   492.51299201369153     
   492.34276922200729     
   492.17079820608734     
   491.99988759979988     
   491.82952550359505     
   491.65871426170071     
   491.48864316121063     
   491.31922161799810     
   491.14864378575811     
   490.97985058438445     
   490.81026042867182     
   490.64035261708443     
   490.47131244830456     
   490.30315428762140     
   490.13501126325764     
   489.96519369794038     
   489.79839895308874     
   489.63044429642099     
   489.46352319391531     
   489.29531787314210     
   489.12727103615106     
   488.96105548003982     
   488.79507295050075     
   488.62833298234375     
   488.46110561839998     
   488.29439585769654     
   488.12915007696023     
   487.96340909491585     
   487.79833999297887     
   487.63228742723430     
   487.46752233516469     
   487.30308242452543     
   487.13784676297672     
   486.97332570910004     
   486.80951424488995     
   486.64541283542815     
   486.48154730179738     
   486.31771240083509     
   486.15365618362409     
   485.99120463754883     
   485.82772719475093     
   485.66524032311884     
   485.50275971112779     
   485.34018398423996     
   485.17778182543793     
   485.01682179803953     
   484.85378732916899     
   484.69257277346895     
   484.53116956249380     
   484.37054959019804     
   484.20680154984029     
   484.04767799194133     
   483.88809829590252     
   483.72764854119771     
   483.56729857535311     
   483.40661491170215     
   483.24743636666028     
   483.08804597802680     
   482.92834828527862     
   482.76906521720713     
   482.61027523759731     
   482.45146758942906     
   482.29334239897105     
   482.13465343048171     
   481.97615877829793     
   481.81712239141660     
   481.66062269448310     
   481.50265837294563     
   481.34603128215343     
   481.18803096181404     
   481.03056453863559     
   480.87409014907223     
   480.71684626345689     
   480.56060349049528     
   480.40436983165228     
   480.24828611413170     
   480.09238429381253     
   479.93664369711070     
   479.78144213978726     
   479.62535423908906     
   479.46985625889658     
   479.31499592565780     
   479.16076586350175     
   479.00617326699603     
   478.85176655452858     
   478.69754581508136     
   478.54350985738279     
   478.38965903969529     
   478.23599242994868     
   478.08250982118574     
   477.92921108775579     
   477.77609637875554     
   477.62316357951619     
   477.46993702980899     
   477.31708245523396     
   477.16693398939032     
   477.01345258736001     
   476.86076365139382     
   476.70895324564253     
   476.55732841685693     
   476.40588483585583     
   476.25461914275013     
   476.10353226795729     
   475.95262754843003     
   475.80189809793478     
   475.64959902521105     
   475.49951803966223     
   475.35162894860690     
   475.20151529078731     
   475.05151808757336     
   474.90175161117293     
   474.75013352038684     
   474.60344099310521     
   474.45378340405063     
   474.30510509971924     
   474.15600053184414     
   474.00760929201175     
   473.85869700805335     
   473.71064962695971     
   473.56203567236213     
   473.41420945640118     
   473.26705164906315     
   473.11907575777877     
   472.97151978207256     
   472.82444359266873     
   472.67712233165832     
   472.53045130991961     
   472.38372134435895     
   472.23740235684710     
   472.09053535370089     
   471.94431816199523     
   471.79835994701421     
   471.65277534468169     
   471.50665535283656     
   471.36123711968833     
   471.21593979389212     
   471.07019744813402     
   470.92514372529564     
   470.78026356268208     
   470.63459337161470     
   470.49019900109505     
   470.34702173641438     
   470.20274552836543     
   470.05802335955440     
   469.91474345343244     
   469.77120190816538     
   469.62771023734592     
   469.48449377903688     
   469.34113570672679     
   469.19801404719743     
   469.05530459704568     
   468.91272877379629     
   468.76984998469993     
   468.62763684425079     
   468.48532896607355     
   468.34272533897899     
   468.20099159574920     
   468.05898585355231     
   467.91807763791815     
   467.77658016020422     
   467.63523001305771     
   467.49359992980715     
   467.35297042038252     
   467.21197305885516     
   467.07150768665838     
   466.93103516897008     
   466.79100646807962     
   466.65041065085126     
   466.51055180186273     
   466.37069287177508     
   466.22927893373503     
   466.09120338698517     
   465.95185891400945     
   465.81272074645892     
   465.67364317357425     
   465.53450982854787     
   465.39466653552091     
   465.25780532826650     
   465.11906391278859     
   464.98095794237759     
   464.84252139366509     
   464.70434935345071     
   464.56671493971061     
   464.42904357511208     
   464.29152090111995     
   464.15458639198090     
   464.01544490872459     
   463.87958287644727     
   463.74191010480052     
   463.60600957679821     
   463.46972138896768     
   463.33277834704194     
   463.19653737776139     
   463.06079442302706     
   462.92378917599603     
   462.78900290236243     
   462.65301285629494     
   462.51707392685250     
   462.38258188583421     
   462.24727513295193     
   462.11063436791181     
   461.97744622050880     
   461.84213127284744     
   461.70772302501501     
   461.57331800430904     
   461.43832162364754     
   461.30434617134421     
   461.17061753321741     
   461.03629463834568     
   460.90167103453211     
   460.76806382185879     
   460.63458845500821     
   460.50073085498201     
   460.36944955215171     
   460.23629784483518     
   460.10186418091456     
   459.96916228923311     
   459.83799195130518     
   459.70542819164604     
   459.57305141409245     
   459.44096794174186     
   459.30883490768355     
   459.17628762379184     
   459.04450430810573     
   458.91286422135460     
   458.78137452461800     
   458.65041459256992     
   458.51892005304632     
   458.38786387532264     
   458.25722728091068     
   458.12640522401938     
   457.99504047100027     
   457.86525594776015     
   457.73508787486423     
   457.60387501190314     
   457.47384071606024     
   457.34433289789774     
