   5.6368998528085630E-014
   1.7224784925417596E-012
   1.1561902809514255E-011
   4.3137730428116206E-011
   1.1877848910755879E-010
   2.7183520789444864E-010
   5.4950812442104938E-010
   1.0163797566348648E-009
   1.7588002609844341E-009
   2.8902708252841614E-009
   4.5580216712896872E-009
   6.9506104369251849E-009
   1.0307319785785787E-008
   1.4928407229853412E-008
   2.1187167712498489E-008
   2.9543223510733686E-008
   4.0557211571358076E-008
   5.4906567515745690E-008
   7.3402658794965001E-008
   9.7007710895836522E-008
   1.2685551719144742E-007
   1.6426770026090999E-007
   2.1077309966281847E-007
   2.6812996146150582E-007
   3.3834118422880446E-007
   4.2367511831045199E-007
   5.2668114517422343E-007
   6.5020792522337825E-007
   7.9741924587702227E-007
   9.7180827602205177E-007
   1.1772099086033652E-006
   1.4178119843585002E-006
   1.6981713614724827E-006
   2.0232092667941157E-006
   2.3982291836527056E-006
   2.8289318610773557E-006
   3.3213790463817570E-006
   3.8820551789325489E-006
   4.5177977130194807E-006
   5.2358583739111802E-006
   6.0438859510738268E-006
   6.9498611328817471E-006
   7.9621789867285089E-006
   9.0895804775067133E-006
   1.0341203577237956E-005
   1.1726482627965148E-005
   1.3255182925758480E-005
   1.4937471006061618E-005
   1.6783737002729521E-005
   1.8804736428424011E-005
   2.1011438226930061E-005
   2.3415173676461998E-005
   2.6027457527237389E-005
   2.8860019781117375E-005
   3.1924919710932962E-005
   3.5234343414070586E-005
   3.8800531808218273E-005
   4.2636513932342636E-005
   4.6754433641529918E-005
   5.1167397120556003E-005
   5.5888598571881782E-005
   6.0930883234051951E-005
   6.6307657809706988E-005
   7.2032238055845467E-005
   7.8117627238297445E-005
   8.4577835342857644E-005
   9.1426160268399194E-005
   9.8675760443010671E-005
   1.0634084650600279E-004
   1.1443436776266118E-004
   1.2297067801816442E-004
   1.3196257536972298E-004
   1.4142415900623412E-004
   1.5136870775079515E-004
   1.6181036940289296E-004
   1.7276179559880787E-004
   1.8423734653402968E-004
   1.9624961433950202E-004
   2.0881303180070887E-004
   2.2194148236442506E-004
   2.3564565491720650E-004
   2.4994164859854363E-004
   2.6484159913164716E-004
   2.8035860669629913E-004
   2.9650729483657372E-004
   3.1329889515549410E-004
   3.3074728985565792E-004
   3.4886587484406998E-004
   3.6766829179673313E-004
   3.8716560962185514E-004
   4.0737259514520328E-004
   4.2830188816139059E-004
   4.4996575596612870E-004
   4.7237790950923291E-004
   4.9555055886222612E-004
   5.1949707961949150E-004
   5.4423008996467117E-004
   5.6976136381074499E-004
   5.9610752189294457E-004
   6.2327655022050379E-004
   6.5128288880071043E-004
   6.8013995364585690E-004
   7.0986397972727547E-004
   7.4046037646658552E-004
   7.7194617726816198E-004
   8.0433881760466099E-004
   8.3764129005127193E-004
   8.7187171166444751E-004
   9.0704530620362733E-004
   9.4317097030784211E-004
   9.8026358014049065E-004
   1.0183372789504639E-003
   1.0573987554437214E-003
   1.0974715667318637E-003
   1.1385597484420730E-003
   1.1806842595060325E-003
   1.2238457681487864E-003
   1.2680719410274096E-003
   1.3133677733565253E-003
   1.3597539869674811E-003
   1.4072265815625569E-003
   1.4558182965232756E-003
   1.5055339619230855E-003
   1.5563865652647915E-003
   1.6083955790388337E-003
   1.6615587440421175E-003
   1.7159121662694450E-003
   1.7714495111565670E-003
   1.8281945733699932E-003
   1.8861662844233446E-003
   1.9453636004171267E-003
   2.0058091949758682E-003
   2.0675168226697476E-003
   2.1304984835024219E-003
   2.1947648550924336E-003
   2.2603351193093185E-003
   2.3272168733390907E-003
   2.3954346985532310E-003
   2.4649994259668901E-003
   2.5359111038251972E-003
   2.6081971340470066E-003
   2.6818693417117088E-003
   2.7569390148959728E-003
   2.8334233770725176E-003
   2.9113308448208649E-003
   2.9906926800018687E-003
   3.0714811024396080E-003
   3.1537656166530743E-003
   3.2375177784729338E-003
   3.3227721407907678E-003
   3.4095337466576547E-003
   3.4978078709238529E-003
   3.5876399182160181E-003
   3.6790224353673907E-003
   3.7719509682916665E-003
   3.8664775894520793E-003
   3.9625814577004268E-003
   4.0603102154569519E-003
   4.1596339667786062E-003
   4.2605989559586187E-003
   4.3632373140749057E-003
   4.4674988724237273E-003
   4.5734544845864433E-003
   4.6810957973593406E-003
   4.7904325089737718E-003
   4.9014971542034611E-003
   5.0142663430911465E-003
   5.1287860392576993E-003
   5.2450588792269182E-003
   5.3631070510085956E-003
   5.4829273726113873E-003
   5.6045361386222641E-003
   5.7279626569315808E-003
   5.8531860220286140E-003
   5.9802747056046154E-003
   6.1091769017176251E-003
   6.2399430593009899E-003
   6.3725739986475053E-003
   6.5070908940005065E-003
   6.6435169307828210E-003
   6.7818198818111177E-003
   6.9220627297901984E-003
   7.0642058980126283E-003
   7.2083275149193802E-003
   7.3543808257151740E-003
   7.5023971019420113E-003
   7.6523792998968157E-003
   7.8043967353187277E-003
   7.9583527938688441E-003
   8.1143630520793524E-003
   8.2723907480316047E-003
   8.4324306412040945E-003
   8.5945230531529141E-003
   8.7586765217129714E-003
   8.9248811104246095E-003
   9.0931886762449197E-003
   9.2635628191948607E-003
   9.4360252963143678E-003
   9.6106504865810898E-003
   9.7873359096029844E-003
   9.9661698763011761E-003
   1.0147142034221915E-002
   1.0330241926079377E-002
   1.0515572649291507E-002
   1.0702996028090501E-002
   1.0892592287899782E-002
   1.1084467462118034E-002
   1.1278450082873353E-002
   1.1474678187002166E-002
   1.1673106052878128E-002
   1.1873762398363470E-002
   1.2076654642544371E-002
   1.2281787080048241E-002
   1.2489193227281797E-002
   1.2698802578712014E-002
   1.2910743547689285E-002
   1.3124935605882184E-002
   1.3341403913435681E-002
   1.3560179092064780E-002
   1.3781238648590906E-002
   1.4004622184474409E-002
   1.4230285842466663E-002
   1.4458382810215262E-002
   1.4688687431670584E-002
   1.4921388832479858E-002
   1.5156386676666692E-002
   1.5393815203930248E-002
   1.5633595638672695E-002
   1.5875632060958725E-002
   1.6120162380440530E-002
   1.6367027539964708E-002
   1.6616354977177613E-002
   1.6867949785155233E-002
   1.7122005836784207E-002
   1.7378453648388883E-002
   1.7637346114071837E-002
   1.7898616117875014E-002
   1.8162385273456098E-002
   1.8428498176866943E-002
   1.8697074703975854E-002
   1.8968120145287978E-002
   1.9241573465308498E-002
   1.9517528025066577E-002
   1.9795936877349637E-002
   2.0076791564641403E-002
   2.0360122762674598E-002
   2.0645934732054543E-002
   2.0934220490316787E-002
   2.1225013336097828E-002
   2.1518220602947388E-002
   2.1813951866078710E-002
   2.2112239819278373E-002
   2.2413031088861023E-002
   2.2716219960132331E-002
   2.3022003798347745E-002
   2.3330279938670637E-002
   2.3641043727856297E-002
   2.3954402865793579E-002
   2.4270245465590243E-002
   2.4588683118638141E-002
   2.4909533714593281E-002
   2.5232954536458137E-002
   2.5558957795812434E-002
   2.5887461589407676E-002
   2.6218604952519174E-002
   2.6552172391059996E-002
   2.6888365450115938E-002
   2.7227047548064685E-002
   2.7568367777368187E-002
   2.7912252280794560E-002
   2.8258587362413747E-002
   2.8607570320643087E-002
   2.8959109733680224E-002
   2.9313246730081198E-002
   2.9669837582039508E-002
   3.0029173735699060E-002
   3.0390924392067899E-002
   3.0755324440989246E-002
   3.1122262337119358E-002
   3.1491882155074764E-002
   3.1863982614077392E-002
   3.2238664744595996E-002
   3.2615991637332128E-002
   3.2995848520499860E-002
   3.3378312725922156E-002
   3.3763380153991718E-002
   3.4150946604593987E-002
   3.4541223233012223E-002
   3.4934037577281286E-002
   3.5329439183131410E-002
   3.5727381145000493E-002
   3.6128073193173973E-002
   3.6531263946504529E-002
   3.6937007002753187E-002
   3.7345366398442680E-002
   3.7756333291633991E-002
   3.8169891767211354E-002
   3.8586037381135974E-002
   3.9004750884765828E-002
   3.9426141333565388E-002
   3.9850084682636330E-002
   4.0276518054243739E-002
   4.0705712516114725E-002
   4.1137387956956241E-002
   4.1571696051675891E-002
   4.2008569754225497E-002
   4.2448067157084809E-002
   4.2890140263819342E-002
   4.3334814660738200E-002
   4.3782003710702011E-002
   4.4231743869140097E-002
   4.4684476952959809E-002
   4.5139233885750661E-002
   4.5596916020389185E-002
   4.6057030064459319E-002
   4.6519758277874329E-002
   4.6985081701697788E-002
   4.7452942753154079E-002
   4.7923375614016855E-002
   4.8396464540063584E-002
   4.8872143296917747E-002
   4.9350263207767996E-002
   4.9830985811649506E-002
   5.0314260485175545E-002
   5.0800137772884911E-002
   5.1288594756932183E-002
   5.1779573792060912E-002
   5.2273109514767171E-002
   5.2769178369362096E-002
   5.3267887855720467E-002
   5.3769065354938951E-002
   5.4272796814068124E-002
   5.4779095676034152E-002
   5.5287982663845360E-002
   5.5799349936713330E-002
   5.6313273969050816E-002
   5.6829688374572390E-002
   5.7348786332014533E-002
   5.7870249541940796E-002
   5.8394304468911272E-002
   5.8920828458072186E-002
   5.9449853229673159E-002
   5.9981560008921478E-002
   6.0515660690744794E-002
   6.1052246208717083E-002
   6.1591495404046091E-002
   6.2132935561641928E-002
   6.2677161741188814E-002
   6.3223645052649505E-002
   6.3772913997221389E-002
   6.4324406967982958E-002
   6.4878465797680127E-002
   6.5435037441878938E-002
   6.5994086724364409E-002
   6.6555468672800905E-002
   6.7119757665911495E-002
   6.7686024744326487E-002
   6.8254980371586491E-002
   6.8826324169550090E-002
   6.9400147579983029E-002
   6.9976395060165869E-002
   7.0555041044908909E-002
   7.1136231025296620E-002
   7.1719846027061093E-002
   7.2305807412627363E-002
   7.2894233619795634E-002
   7.3485139021553542E-002
   7.4078286944159050E-002
   7.4674114596237351E-002
   7.5272202982784531E-002
   7.5872694745965016E-002
   7.6475627837195331E-002
   7.7080818707201945E-002
   7.7688606437021690E-002
   7.8298609798569979E-002
   7.8911054537213907E-002
   7.9525859802491564E-002
   8.0142955438490107E-002
   8.0762621342311394E-002
   8.1384553049720892E-002
   8.2008845784150894E-002
   8.2635463150338193E-002
   8.3264480478587366E-002
   8.3895727525990768E-002
   8.4529486601168852E-002
   8.5165283900632660E-002
   8.5803692848012120E-002
   8.6444304575884742E-002
   8.7087354410291223E-002
   8.7732530689217422E-002
   8.8380062211759050E-002
   8.9029883576123306E-002
   8.9681918017876505E-002
   9.0336398620935926E-002
   9.0993082503804723E-002
   9.1652043754702359E-002
   9.2313320422981335E-002
   9.2976890676458701E-002
   9.3642710036952501E-002
   9.4310740054073167E-002
   9.4980996199706069E-002
   9.5653408643543852E-002
   9.6328187510062432E-002
   9.7005189916248943E-002
   9.7684399506415678E-002
   9.8365838049936052E-002
   9.9049435311226799E-002
   9.9735271897639782E-002
  0.10042326678475716     
  0.10111345134197881     
  0.10180586515536265     
  0.10250045332401492     
  0.10319725670090962     
  0.10389619282697950     
  0.10459728058466644     
  0.10530053968286839     
  0.10600594323508104     
  0.10671350304308805     
  0.10742321570400989     
  0.10813508749073979     
  0.10884905039324937     
  0.10956491407435356     
  0.11028327077667993     
  0.11100354522819748     
  0.11172603462458991     
  0.11245031715848242     
  0.11317685286794615     
  0.11390554253789213     
  0.11463624277544095     
  0.11536897947173148     
  0.11610390907687151     
  0.11684086410918057     
  0.11757988015292960     
  0.11832095919733039     
  0.11906401238234439     
  0.11980909598008828     
  0.12055617157229691     
  0.12130526101502169     
  0.12205633996736387     
  0.12280933884183598     
  0.12356449674601326     
  0.12432151655891643     
  0.12508048871712732     
  0.12584154739910475     
  0.12660449982811064     
  0.12736956291721374     
  0.12813655478186289     
  0.12890531601691957     
  0.12967596982193100     
  0.13044899689020426     
  0.13122359902991404     
  0.13200020388695144     
  0.13277863933306353     
  0.13355909365672228     
  0.13434142318719722     
  0.13512566620442215     
  0.13591180827418567     
  0.13669981432891098     
  0.13748942010562465     
  0.13828169956457509     
  0.13907508091822215     
  0.13987038207065394     
  0.14066736943792718     
  0.14146681900329480     
  0.14226758129194547     
  0.14307031003392356     
  0.14387479854567162     
  0.14468114737675164     
  0.14548938740653378     
  0.14629933790232905     
  0.14711125364005143     
  0.14792475354155724     
  0.14874010954482583     
  0.14955727080925663     
  0.15037612326708436     
  0.15119677636325088     
  0.15201904174476999     
  0.15284299063832135     
  0.15366911853774937     
  0.15449659070127997     
  0.15532586560362716     
  0.15615691044606236     
  0.15698936583057982     
  0.15782429306450163     
  0.15866012056997847     
  0.15949778264440287     
  0.16033709962913770     
  0.16117809377721803     
  0.16202086738384147     
  0.16286535980578218     
  0.16371149257793358     
  0.16455928153121105     
  0.16540860102853056     
  0.16625977434786035     
  0.16711208468345376     
  0.16796615270917395     
  0.16882187425404163     
  0.16967923002649105     
  0.17053818031939258     
  0.17139872592818101     
  0.17226085538601207     
  0.17312454253530685     
  0.17398978712481114     
  0.17485658099563034     
  0.17572486743963173     
  0.17659462122052089     
  0.17746604655584466     
  0.17833900752470694     
  0.17921353056885597     
  0.18008948583645809     
  0.18096700344234889     
  0.18184612359646546     
  0.18272647524135388     
  0.18360837331231206     
  0.18449179697994952     
  0.18537668094464471     
  0.18626308941566930     
  0.18715091782058760     
  0.18804018811857559     
  0.18893081177122104     
  0.18982297122840672     
  0.19071650684079269     
  0.19161144544063999     
  0.19250783977454802     
  0.19340560111704716     
  0.19430468122516678     
  0.19520514772423822     
  0.19610697330968618     
  0.19701013406908197     
  0.19791459172649775     
  0.19882061472264009     
  0.19972790500129992     
  0.20063671460059357     
  0.20154672646363994     
  0.20245814394146963     
  0.20337094602833164     
  0.20428503411326263     
  0.20520043000098226     
  0.20611712975665006     
  0.20703511742657094     
  0.20795438977686645     
  0.20887494447316990     
  0.20979675917706392     
  0.21071977938511177     
  0.21164413166442017     
  0.21256977613597611     
  0.21349668518737216     
  0.21442498019479406     
  0.21535426186779960     
  0.21628476902029817     
  0.21721646734476732     
  0.21814926895502096     
  0.21908330534163981     
  0.22001850723972946     
  0.22095505531462878     
  0.22189262930376924     
  0.22283150930580123     
  0.22377157430068936     
  0.22471294792056604     
  0.22565551301623854     
  0.22659915083371071     
  0.22754435593552924     
  0.22849015400097231     
  0.22943740385714814     
  0.23038543371255973     
  0.23133494017214143     
  0.23228519442969259     
  0.23323673381735868     
  0.23418924663132221     
  0.23514284536920074     
  0.23609762345149879     
  0.23705352444583366     
  0.23801050996734532     
  0.23896855383670257     
  0.23992756509324151     
  0.24088766200900982     
  0.24184878372829027     
  0.24281092815845559     
  0.24377408813104726     
  0.24473826055877582     
  0.24570344424573176     
  0.24666962815595320     
  0.24763680589990486     
  0.24860497418399896     
  0.24957412617684591     
  0.25054425549760290     
  0.25151535441911649     
  0.25248733156591940     
  0.25346021689743015     
  0.25443404167618827     
  0.25540878147990165     
  0.25638439776524197     
  0.25736096988546792     
  0.25833858509846458     
  0.25931726921925707     
  0.26029676722196343     
  0.26127752503861457     
  0.26225823440066887     
  0.26324153833029973     
  0.26422415975428371     
  0.26520822754367218     
  0.26619310860360768     
  0.26717875352456921     
  0.26816554679138760     
  0.26915305598348405     
  0.27014108477387366     
  0.27112994281965169     
  0.27212056049103278     
  0.27311100368472890     
  0.27410272199843272     
  0.27509519662500209     
  0.27608832640269665     
  0.27708244800117598     
  0.27807747292106927     
  0.27907334028208552     
  0.28006988564912361     
  0.28106710318321226     
  0.28206503393288634     
  0.28306367341308869     
  0.28406310123442030     
  0.28506326782986968     
  0.28606443528728054     
  0.28706631234663643     
  0.28806912400182966     
  0.28907252552209101     
  0.29007669872776393     
  0.29108154214064019     
  0.29208711512665053     
  0.29309322518603759     
  0.29410002025415349     
  0.29510725006374028     
  0.29611555209146229     
  0.29712440566760095     
  0.29813405093341622     
  0.29914434308242688     
  0.30015536300937778     
  0.30116703412062928     
  0.30217933805966884     
  0.30319227279323535     
  0.30420572159775716     
  0.30522002697574829     
  0.30623481881248510     
  0.30725023952297931     
  0.30826627282695246     
  0.30928315561521763     
  0.31029995005276773     
  0.31131823317921631     
  0.31233658921921675     
  0.31335517947059571     
  0.31437444079834870     
  0.31539472157932735     
  0.31641526131223546     
  0.31743653016910689     
  0.31845843483692182     
  0.31948099261756574     
  0.32050393179531100     
  0.32152734337414823     
  0.32255153903648359     
  0.32357621351145111     
  0.32460105329563393     
  0.32562702358163298     
  0.32665301637062372     
  0.32767982993953038     
  0.32870669431609445     
  0.32973410357071925     
  0.33076205008473319     
  0.33179032434608596     
  0.33281935931328738     
  0.33384865199179170     
  0.33487834133273225     
  0.33590852528835652     
  0.33693944203472109     
  0.33797062422661389     
  0.33900230381235347     
  0.34003455101189856     
  0.34106718843378625     
  0.34210017990957847     
  0.34313389679260220     
  0.34416768986640106     
  0.34520224894362894     
  0.34623705210342309     
  0.34727220058343888     
  0.34830781068218875     
  0.34934370971915124     
  0.35038031066020092     
  0.35141698058053078     
  0.35245369982945995     
  0.35349084521038404     
  0.35452870621073346     
  0.35556690015332043     
  0.35660547168598122     
  0.35764396606273291     
  0.35868338854942033     
  0.35972284150486744     
  0.36076274026003258     
  0.36180285964222270     
  0.36284303745885227     
  0.36388365496938324     
  0.36492474595528546     
  0.36596604561756096     
  0.36700771013336780     
  0.36804936818371164     
  0.36909140214001790     
  0.37013398693405319     
  0.37117671342772929     
  0.37222011033841929     
  0.37326309478043113     
  0.37430687062844498     
  0.37535081608791804     
  0.37639474391769417     
  0.37743947233644565     
  0.37848359575896334     
  0.37952868612893359     
  0.38057350422735481     
  0.38161861852121570     
  0.38266405010184834     
  0.38370985690292553     
  0.38475554589668315     
  0.38580188921218156     
  0.38684813560760556     
  0.38789463363783805     
  0.38894124475644248     
  0.38998844851216780     
  0.39103578537392208     
  0.39208284699793172     
  0.39313056785561717     
  0.39417816694131735     
  0.39522602908945431     
  0.39627413406609047     
  0.39732216041886065     
  0.39837049528936724     
  0.39941896851104469     
  0.40046753378235617     
  0.40151620483777212     
  0.40256514504785867     
  0.40361400215863208     
  0.40466297172855248     
  0.40571206144266775     
  0.40676118367230141     
  0.40781085133632611     
  0.40886022281967632     
  0.40990969386549753     
  0.41095962916856693     
  0.41200942120970169     
  0.41305940481004555     
  0.41410955878799688     
  0.41515931173413867     
  0.41620953535866301     
  0.41725973097378538     
  0.41830973337275679     
  0.41936032899486375     
  0.42041048358659899     
  0.42146108979417596     
  0.42251159421849926     
  0.42356188826427515     
  0.42461212657346198     
  0.42566267661751145     
  0.42671330280012937     
  0.42776410093617229     
  0.42881481533262383     
  0.42986543891823842     
  0.43091625215888879     
  0.43196687155801966     
  0.43301763222324002     
  0.43406840608690828     
  0.43511897414248829     
  0.43616964154066823     
  0.43722036253207885     
  0.43827089151439774     
  0.43932178895564217     
  0.44037239077846130     
  0.44142307704138001     
  0.44247383994435424     
  0.44352436076400353     
  0.44457466523238187     
  0.44562494109313827     
  0.44667530518418835     
  0.44772543321952102     
  0.44877546989255218     
  0.44982591724798715     
  0.45087623972258045     
  0.45192648130762003     
  0.45297623253157260     
  0.45402619849377968     
  0.45507610103210078     
  0.45612599485696953     
  0.45717583080198160     
  0.45822518223283909     
  0.45927434243282272     
  0.46032364368342449     
  0.46137300177182139     
  0.46242216469393210     
  0.46347111752137082     
  0.46451974295453896     
  0.46556861507070879     
  0.46661728362113797     
  0.46766586299030660     
  0.46871440330396097     
  0.46976295947164032     
  0.47081101657469993     
  0.47185884250841603     
  0.47290659191836609     
  0.47395416588101524     
  0.47500163203751178     
  0.47604890248996240     
  0.47709627152705109     
  0.47814319406723466     
  0.47919011725883148     
  0.48023689187131374     
  0.48128314989042409     
  0.48232933147851692     
  0.48337569514002177     
  0.48442120506677433     
  0.48546628320590313     
  0.48651197656267225     
  0.48755777531601768     
  0.48860321433840787     
  0.48964813987345696     
  0.49069289204551031     
  0.49173774933632197     
  0.49278201597637050     
  0.49382611200064574     
  0.49487017895690466     
  0.49591384075345812     
  0.49695771409456685     
  0.49800107365286389     
  0.49904409035951175     
  0.50008654427807464     
  0.50112880272783122     
  0.50217097989273074     
  0.50321338802765625     
  0.50425526083116912     
  0.50529673598869052     
  0.50633791948091345     
  0.50737884206338502     
  0.50841949787801610     
  0.50945986153111134     
  0.51049999695409665     
  0.51153984782739570     
  0.51257942243625509     
  0.51361882984369689     
  0.51465777087170195     
  0.51569617313465987     
  0.51673407845850317     
  0.51777200823443881     
  0.51880996626040510     
  0.51984752869163864     
  0.52088478405142380     
  0.52192184385431051     
  0.52295821948404475     
  0.52399465612467011     
  0.52503065472971000     
  0.52606632469354708     
  0.52710167251286899     
  0.52813681024632331     
  0.52917115761419276     
  0.53020516839981924     
  0.53123967703938046     
  0.53227376145254990     
  0.53330689934428643     
  0.53433973879233321     
  0.53537211800380147     
  0.53640417097656656     
  0.53743596689938522     
  0.53846739731678517     
  0.53949858133715722     
  0.54052929132512362     
  0.54155927455329733     
  0.54258831952523168     
  0.54361813689121197     
  0.54464821398079033     
  0.54567781894112211     
  0.54670687696277520     
  0.54773471053166423     
  0.54876252029671857     
  0.54979051035421322     
  0.55081808252902242     
  0.55184508748314820     
  0.55287178693696781     
  0.55389788845058952     
  0.55492361541836455     
  0.55594889319133556     
  0.55697356416259758     
  0.55799804398830888     
  0.55902218130541648     
  0.56004591362901779     
  0.56106909812607608     
  0.56209174697193454     
  0.56311408425010634     
  0.56413584362820079     
  0.56515731497551080     
  0.56617827825173062     
  0.56719887817905545     
  0.56821893622200514     
  0.56923862253072355     
  0.57025764446750615     
  0.57127645501024760     
  0.57229468730264943     
  0.57331238889716929     
  0.57432933406890208     
  0.57534630339515369     
  0.57636220214610145     
  0.57737763659526098     
  0.57839294103214145     
  0.57940820631874801     
  0.58042269778711975     
  0.58143669870531600     
  0.58245052238571460     
  0.58346380945980791     
  0.58447684250478804     
  0.58548915807548518     
  0.58650129729420486     
  0.58751274642864382     
  0.58852360854086316     
  0.58953406322766522     
  0.59054404357930934     
  0.59155344771630292     
  0.59256240366501778     
  0.59357067278128806     
  0.59457848853077311     
  0.59558589787156724     
  0.59659289058721054     
  0.59759934312015683     
  0.59860526646871726     
  0.59961061242246116     
  0.60061556767226298     
  0.60161966846849180     
  0.60262348339913718     
  0.60362675652055686     
  0.60462951173810597     
  0.60563172013317457     
  0.60663337930294914     
  0.60763387106312328     
  0.60863396390844093     
  0.60963404369825180     
  0.61063361068913469     
  0.61163262623357872     
  0.61263092672962660     
  0.61362814453868564     
  0.61462525698172044     
  0.61562230147706709     
  0.61661880974032657     
  0.61761472491268632     
  0.61861003545591675     
  0.61960476029555922     
  0.62059888209975711     
  0.62159241460001180     
  0.62258558137912712     
  0.62357746148562754     
  0.62456872716326861     
  0.62555943433868477     
  0.62654977200693129     
  0.62754032586786324     
  0.62853005712220422     
  0.62951894918716700     
  0.63050752293597478     
  0.63149518406184524     
  0.63248244596380843     
  0.63346928607497022     
  0.63445527219328990     
  0.63544105857853195     
  0.63642652022235457     
  0.63741047397550721     
  0.63839407786300006     
  0.63937773588623048     
  0.64036049111458282     
  0.64134288609353141     
  0.64232437574756807     
  0.64330506597871806     
  0.64428524439884338     
  0.64526511720870461     
  0.64624368809362753     
  0.64722139227792297     
  0.64819871742347113     
  0.64917524252792036     
  0.65015189867837064     
  0.65112837798544632     
  0.65210364528914855     
  0.65307761104885875     
  0.65405176569487089     
  0.65502587711966120     
  0.65599924116150632     
  0.65697191984084558     
  0.65794390327611030     
  0.65891471421919490     
  0.65988486388285506     
  0.66085438393568852     
  0.66182330987893900     
  0.66279192435473444     
  0.66375965227052114     
  0.66472696761737537     
  0.66569346792575157     
  0.66665956651075298     
  0.66762452762692015     
  0.66858897531076622     
  0.66955319471397023     
  0.67051628654397111     
  0.67147835988610272     
  0.67244009413176464     
  0.67340160479827715     
