0.47656
0.47745
0.47833
0.47922
0.4801
0.48099
0.48188
0.48276
0.48365
0.48453
0.48542
0.48631
0.48719
0.48808
0.48896
0.48985
0.49073
0.49162
0.49251
0.49339
0.49428
0.49516
0.49605
0.49694
0.49782
0.49871
0.49959
0.50048
0.50137
0.50225
0.50314
0.50402
0.50491
0.50579
0.50668
0.50757
0.50845
0.50934
0.51022
0.51111
0.512
0.51288
0.51377
0.51465
0.51554
0.51642
0.51731
0.5182
0.51908
0.51997
0.52085
0.52174
0.52263
0.52351
0.5244
0.52528
0.52617
0.52706
0.52794
0.52883
0.52971
0.52978
0.52985
0.52991
0.52998
0.53004
0.53011
0.53018
0.53024
0.53031
0.53038
0.53044
0.53051
0.53058
0.53064
0.53071
0.53077
0.53084
0.53091
0.53097
0.53104
0.53111
0.53117
0.53124
0.53131
0.53137
0.53144
0.53151
0.53157
0.53164
0.5317
0.53177
0.53184
0.5319
0.53197
0.53204
0.5321
0.53217
0.53224
0.5323
0.53237
0.53243
0.5325
0.53257
0.53263
0.5327
0.53277
0.53283
0.5329
0.53297
0.53303
0.5331
0.53316
0.53323
0.5333
0.53336
0.53343
0.5335
0.53356
0.53363
0.5337
0.53345
0.5332
0.53296
0.53271
0.53247
0.53222
0.53198
0.53173
0.53149
0.53124
0.53099
0.53075
0.5305
0.53026
0.53001
0.52977
0.52952
0.52928
0.52903
0.52878
0.52854
0.52829
0.52805
0.5278
0.52756
0.52731
0.52707
0.52682
0.52657
0.52633
0.52608
0.52584
0.52559
0.52535
0.5251
0.52486
0.52461
0.52436
0.52412
0.52387
0.52363
0.52338
0.52314
0.52289
0.52265
0.5224
0.52215
0.52191
0.52166
0.52142
0.52117
0.52093
0.52068
0.52044
0.52019
0.51994
0.5197
0.51945
0.51921
0.51896
0.5181
0.51723
0.51636
0.5155
0.51463
0.51377
0.5129
0.51204
0.51117
0.5103
0.50944
0.50857
0.50771
0.50684
0.50597
0.50511
0.50424
0.50338
0.50251
0.50165
0.50078
0.49991
0.49905
0.49818
0.49732
0.49645
0.49558
0.49472
0.49385
0.49299
0.49212
0.49125
0.49039
0.48952
0.48866
0.48779
0.48693
0.48606
0.48519
0.48433
0.48346
0.4826
0.48173
0.48086
0.48
0.47913
0.47827
0.4774
0.47654
0.47567
0.4748
0.47394
0.47307
0.47221
0.47134
0.47047
0.46961
0.46874
0.46788
0.46701
0.46638
0.46575
0.46512
0.46449
0.46386
0.46323
0.4626
0.46198
0.46135
0.46072
0.46009
0.45946
0.45883
0.4582
0.45757
0.45694
0.45631
0.45568
0.45505
0.45442
0.45379
0.45316
0.45253
0.4519
0.45128
0.45065
0.45002
0.44939
0.44876
0.44813
0.4475
0.44687
0.44624
0.44561
0.44498
0.44435
0.44372
0.44309
0.44246
0.44183
0.4412
0.44057
0.43995
0.43932
0.43869
0.43806
0.43743
0.4368
0.43617
0.43554
0.43491
0.43428
0.43365
0.43302
0.43239
0.43176
0.43113
0.4305
0.42987
0.42925
0.42931
0.42938
0.42945
0.42951
0.42958
0.42965
0.42972
0.42978
0.42985
0.42992
0.42998
0.43005
0.43012
0.43019
0.43025
0.43032
0.43039
0.43045
0.43052
0.43059
0.43066
0.43072
0.43079
0.43086
0.43092
0.43099
0.43106
0.43113
0.43119
0.43126
0.43133
0.43139
0.43146
0.43153
0.4316
0.43166
0.43173
0.4318
0.43187
0.43193
0.432
0.43207
0.43213
0.4322
0.43227
0.43234
0.4324
0.43247
0.43254
0.4326
0.43267
0.43274
0.43281
0.43287
0.43294
0.43301
0.43307
0.43314
0.43321
0.43328
0.43336
0.43344
0.43353
0.43361
0.4337
0.43378
0.43387
0.43395
0.43404
0.43412
0.4342
0.43429
0.43437
0.43446
0.43454
0.43463
0.43471
0.4348
0.43488
0.43496
0.43505
0.43513
0.43522
0.4353
0.43539
0.43547
0.43555
0.43564
0.43572
0.43581
0.43589
0.43598
0.43606
0.43615
0.43623
0.43631
0.4364
0.43648
0.43657
0.43665
0.43674
0.43682
0.43691
0.43699
0.43707
0.43716
0.43724
0.43733
0.43741
0.4375
0.43758
0.43766
0.43775
0.43783
0.43792
0.438
0.43809
0.43817
0.43826
0.43834
0.43825
0.43815
0.43806
0.43797
0.43787
0.43778
0.43769
0.43759
0.4375
0.43741
0.43731
0.43722
0.43713
0.43703
0.43694
0.43685
0.43675
0.43666
0.43657
0.43647
0.43638
0.43629
0.43619
0.4361
0.43601
0.43591
0.43582
0.43573
0.43564
0.43554
0.43545
0.43536
0.43526
0.43517
0.43508
0.43498
0.43489
0.4348
0.4347
0.43461
0.43452
0.43442
0.43433
0.43424
0.43414
0.43405
0.43396
0.43386
0.43377
0.43368
0.43358
0.43349
0.4334
0.4333
0.43321
0.43312
0.43302
0.43293
0.43284
0.43274
0.43264
0.43254
0.43243
0.43233
0.43223
0.43213
0.43202
0.43192
0.43182
0.43171
0.43161
0.43151
0.4314
0.4313
0.4312
0.43109
0.43099
0.43089
0.43079
0.43068
0.43058
0.43048
0.43037
0.43027
0.43017
0.43006
0.42996
0.42986
0.42975
0.42965
0.42955
0.42945
0.42934
0.42924
0.42914
0.42903
0.42893
0.42883
0.42872
0.42862
0.42852
0.42841
0.42831
0.42821
0.42811
0.428
0.4279
0.4278
0.42769
0.42759
0.42749
0.42738
0.42728
0.42718
0.42707
0.42697
0.42687
0.42677
0.42666
0.42656
0.42645
0.42634
0.42623
0.42612
0.42601
0.4259
0.42579
0.42568
0.42557
0.42545
0.42534
0.42523
0.42512
0.42501
0.4249
0.42479
0.42468
0.42457
0.42446
0.42435
0.42424
0.42413
0.42402
0.42391
0.4238
0.42369
0.42358
0.42347
0.42336
0.42325
0.42314
0.42303
0.42292
0.4228
0.42269
0.42258
0.42247
0.42236
0.42225
0.42214
0.42203
0.42192
0.42181
0.4217
0.42159
0.42148
0.42137
0.42126
0.42115
0.42104
0.42093
0.42082
0.42071
0.4206
0.42049
0.42038
0.42027
0.42015
0.42004
0.41993
0.41961
0.41928
0.41895
0.41863
0.4183
0.41798
0.41765
0.41732
0.417
0.41667
0.41634
0.41602
0.41569
0.41537
0.41504
0.41471
0.41439
0.41406
0.41373
0.41341
0.41308
0.41275
0.41243
0.4121
0.41178
0.41145
0.41112
0.4108
0.41047
0.41014
0.40982
0.40949
0.40917
0.40884
0.40851
0.40819
0.40786
0.40753
0.40721
0.40688
0.40655
0.40623
0.4059
0.40558
0.40525
0.40492
0.4046
0.40427
0.40394
0.40362
0.40329
0.40296
0.40264
0.40231
0.40199
0.40166
0.40133
0.40101
0.40068
0.40035
0.39831
0.39626
0.39422
0.39217
0.39013
0.38808
0.38603
0.38399
0.38194
0.3799
0.37785
0.37581
0.37376
0.37172
0.36967
0.36762
0.36558
0.36353
0.36149
0.35944
0.3574
0.35535
0.3533
0.35126
0.34921
0.34717
0.34512
0.34308
0.34103
0.33898
0.33694
0.33489
0.33285
0.3308
0.32876
0.32671
0.32467
0.32262
0.32057
0.31853
0.31648
0.31444
0.31239
0.31035
0.3083
0.30625
0.30421
0.30216
0.30012
0.29807
0.29603
0.29398
0.29194
0.28989
0.28784
0.2858
0.28375
0.28171
0.27966
0.27762
0.27717
0.27672
0.27627
0.27583
0.27538
0.27493
0.27448
0.27403
0.27359
0.27314
0.27269
0.27224
0.2718
0.27135
0.2709
0.27045
0.27001
0.26956
0.26911
0.26866
0.26822
0.26777
0.26732
0.26687
0.26643
0.26598
0.26553
0.26508
0.26464
0.26419
0.26374
0.26329
0.26285
0.2624
0.26195
0.2615
0.26106
0.26061
0.26016
0.25971
0.25926
0.25882
0.25837
0.25792
0.25747
0.25703
0.25658
0.25613
0.25568
0.25524
0.25479
0.25434
0.25389
0.25345
0.253
0.25255
0.2521
0.25166
0.25121
0.25076
0.25054
0.25033
0.25011
0.24989
0.24967
0.24945
0.24924
0.24902
0.2488
0.24858
0.24837
0.24815
0.24793
0.24771
0.2475
0.24728
0.24706
0.24684
0.24663
0.24641
0.24619
0.24597
0.24576
0.24554
0.24532
0.2451
0.24488
0.24467
0.24445
0.24423
0.24401
0.2438
0.24358
0.24336
0.24314
0.24293
0.24271
0.24249
0.24227
0.24206
0.24184
0.24162
0.2414
0.24118
0.24097
0.24075
0.24053
0.24031
0.2401
0.23988
0.23966
0.23944
0.23923
0.23901
0.23879
0.23857
0.23836
0.23814
0.23792
0.2377
0.2376
0.2375
0.23739
0.23729
0.23719
0.23709
0.23698
0.23688
0.23678
0.23667
0.23657
0.23647
0.23637
0.23626
0.23616
0.23606
0.23595
0.23585
0.23575
0.23564
0.23554
0.23544
0.23534
0.23523
0.23513
0.23503
0.23492
0.23482
0.23472
0.23462
0.23451
0.23441
0.23431
0.2342
0.2341
0.234
0.2339
0.23379
0.23369
0.23359
0.23348
0.23338
0.23328
0.23318
0.23307
0.23297
0.23287
0.23276
0.23266
0.23256
0.23246
0.23235
0.23225
0.23215
0.23204
0.23194
0.23184
0.23174
0.23163
0.23153
0.23202
0.2325
0.23299
0.23347
0.23396
0.23444
0.23493
0.23542
0.2359
0.23639
0.23687
0.23736
0.23785
0.23833
0.23882
0.2393
0.23979
0.24028
0.24076
0.24125
0.24173
0.24222
0.2427
0.24319
0.24368
0.24416
0.24465
0.24513
0.24562
0.24611
0.24659
0.24708
0.24756
0.24805
0.24854
0.24902
0.24951
0.24999
0.25048
0.25096
0.25145
0.25194
0.25242
0.25291
0.25339
0.25388
0.25437
0.25485
0.25534
0.25582
0.25631
0.2568
0.25728
0.25777
0.25825
0.25874
0.25922
0.25971
0.2602
0.26068
0.26115
0.26161
0.26207
0.26254
0.263
0.26346
0.26393
0.26439
0.26485
0.26532
0.26578
0.26625
0.26671
0.26717
0.26764
0.2681
0.26856
0.26903
0.26949
0.26995
0.27042
0.27088
0.27135
0.27181
0.27227
0.27274
0.2732
0.27366
0.27413
0.27459
0.27505
0.27552
0.27598
0.27645
0.27691
0.27737
0.27784
0.2783
0.27876
0.27923
0.27969
0.28015
0.28062
0.28108
0.28154
0.28201
0.28247
0.28294
0.2834
0.28386
0.28433
0.28479
0.28525
0.28572
0.28618
0.28664
0.28711
0.28757
0.28804
0.2885
0.28885
0.2892
0.28956
0.28991
0.29026
0.29061
0.29097
0.29132
0.29167
0.29202
0.29238
0.29273
0.29308
0.29343
0.29379
0.29414
0.29449
0.29485
0.2952
0.29555
0.2959
0.29626
0.29661
0.29696
0.29731
0.29767
0.29802
0.29837
0.29872
0.29908
0.29943
0.29978
0.30013
0.30049
0.30084
0.30119
0.30154
0.3019
0.30225
0.3026
0.30295
0.30331
0.30366
0.30401
0.30436
0.30472
0.30507
0.30542
0.30577
0.30613
0.30648
0.30683
0.30719
0.30754
0.30789
0.30824
0.3086
0.30895
0.3093
0.30965
0.31025
0.31084
0.31144
0.31203
0.31263
0.31322
0.31382
0.31441
0.31501
0.3156
0.3162
0.31679
0.31739
0.31798
0.31858
0.31918
0.31977
0.32037
0.32096
0.32156
0.32215
0.32275
0.32334
0.32394
0.32453
0.32513
0.32572
0.32632
0.32691
0.32751
0.3281
0.3287
0.32929
0.32989
0.33048
0.33108
0.33167
0.33227
0.33286
0.33346
0.33405
0.33465
0.33524
0.33584
0.33643
0.33703
0.33762
0.33822
0.33881
0.33941
0.34
0.3406
0.3412
0.34179
0.34239
0.34298
0.34358
0.34417
0.34477
0.34536
0.34556
0.34576
0.34596
0.34615
0.34635
0.34655
0.34675
0.34695
0.34714
0.34734
0.34754
0.34774
0.34794
0.34813
0.34833
0.34853
0.34873
0.34893
0.34912
0.34932
0.34952
0.34972
0.34992
0.35011
0.35031
0.35051
0.35071
0.35091
0.3511
0.3513
0.3515
0.3517
0.3519
0.35209
0.35229
0.35249
0.35269
0.35289
0.35308
0.35328
0.35348
0.35368
0.35388
0.35407
0.35427
0.35447
0.35467
0.35487
0.35507
0.35526
0.35546
0.35566
0.35586
0.35606
0.35625
0.35645
0.35665
0.35685
0.35705
0.35724
0.35794
0.35864
0.35934
0.36005
0.36075
0.36145
0.36215
0.36285
0.36355
0.36425
0.36495
0.36565
0.36635
0.36705
0.36775
0.36845
0.36915
0.36985
0.37055
0.37125
0.37195
0.37265
0.37335
0.37405
0.37475
0.37545
0.37616
0.37686
0.37756
0.37826
0.37896
0.37966
0.38036
0.38106
0.38176
0.38246
0.38316
0.38386
0.38456
0.38526
0.38596
0.38666
0.38736
0.38806
0.38876
0.38946
0.39016
0.39086
0.39156
0.39227
0.39297
0.39367
0.39437
0.39507
0.39577
0.39647
0.39717
0.39787
0.39857
0.39927
0.39946
0.39966
0.39985
0.40005
0.40024
0.40043
0.40063
0.40082
0.40102
0.40121
0.4014
0.4016
0.40179
0.40199
0.40218
0.40237
0.40257
0.40276
0.40296
0.40315
0.40334
0.40354
0.40373
0.40393
0.40412
0.40431
0.40451
0.4047
0.40489
0.40509
0.40528
0.40548
0.40567
0.40586
0.40606
0.40625
0.40645
0.40664
0.40683
0.40703
0.40722
0.40742
0.40761
0.4078
0.408
0.40819
0.40839
0.40858
0.40877
0.40897
0.40916
0.40936
0.40955
0.40974
0.40994
0.41013
0.41033
0.41052
0.41071
0.41091
0.41025
0.40959
0.40893
0.40827
0.40762
0.40696
0.4063
0.40564
0.40498
0.40432
0.40366
0.403
0.40235
0.40169
0.40103
0.40037
0.39971
0.39905
0.39839
0.39774
0.39708
0.39642
0.39576
0.3951
0.39444
0.39378
0.39313
0.39247
0.39181
0.39115
0.39049
0.38983
0.38917
0.38852
0.38786
0.3872
0.38654
0.38588
0.38522
0.38456
0.38391
0.38325
0.38259
0.38193
0.38127
0.38061
0.37995
0.3793
0.37864
0.37798
0.37732
0.37666
0.376
0.37534
0.37468
0.37403
0.37337
0.37271
0.37205
0.37139
0.37135
0.37131
0.37126
0.37122
0.37117
0.37113
0.37109
0.37104
0.371
0.37096
0.37091
0.37087
0.37083
0.37078
0.37074
0.3707
0.37065
0.37061
0.37057
0.37052
0.37048
0.37044
0.37039
0.37035
0.37031
0.37026
0.37022
0.37018
0.37013
0.37009
0.37005
0.37
0.36996
0.36992
0.36987
0.36983
0.36979
0.36974
0.3697
0.36966
0.36961
0.36957
0.36953
0.36948
0.36944
0.3694
0.36935
0.36931
0.36927
0.36922
0.36918
0.36913
0.36909
0.36905
0.369
0.36896
0.36892
0.36887
0.36883
0.36879
0.36871
0.36864
0.36856
0.36849
0.36842
0.36834
0.36827
0.36819
0.36812
0.36804
0.36797
0.36789
0.36782
0.36774
0.36767
0.3676
0.36752
0.36745
0.36737
0.3673
0.36722
0.36715
0.36707
0.367
0.36693
0.36685
0.36678
0.3667
0.36663
0.36655
0.36648
0.3664
0.36633
0.36625
0.36618
0.36611
0.36603
0.36596
0.36588
0.36581
0.36573
0.36566
0.36558
0.36551
0.36543
0.36536
0.36529
0.36521
0.36514
0.36506
0.36499
0.36491
0.36484
0.36476
0.36469
0.36462
0.36454
0.36447
0.36439
0.36432
0.3644
0.36447
0.36455
0.36463
0.36471
0.36479
0.36486
0.36494
0.36502
0.3651
0.36518
0.36525
0.36533
0.36541
0.36549
0.36557
0.36564
0.36572
0.3658
0.36588
0.36596
0.36603
0.36611
0.36619
0.36627
0.36635
0.36642
0.3665
0.36658
0.36666
0.36674
0.36681
0.36689
0.36697
0.36705
0.36713
0.3672
0.36728
0.36736
0.36744
0.36752
0.36759
0.36767
0.36775
0.36783
0.36791
0.36798
0.36806
0.36814
0.36822
0.3683
0.36837
0.36845
0.36853
0.36861
0.36869
0.36876
0.36884
0.36892
0.369
0.36899
0.36899
0.36898
0.36898
0.36897
0.36897
0.36896
0.36895
0.36895
0.36894
0.36894
0.36893
0.36893
0.36892
0.36892
0.36891
0.36891
0.3689
0.3689
0.36889
0.36888
0.36888
0.36887
0.36887
0.36886
0.36886
0.36885
0.36885
0.36884
0.36884
0.36883
0.36883
0.36882
0.36881
0.36881
0.3688
0.3688
0.36879
0.36879
0.36878
0.36878
0.36877
0.36877
0.36876
0.36876
0.36875
0.36874
0.36874
0.36873
0.36873
0.36872
0.36872
0.36871
0.36871
0.3687
0.3687
0.36869
0.36869
0.36868
0.36868
0.36922
0.36976
0.37031
0.37085
0.3714
0.37194
0.37248
0.37303
0.37357
0.37412
0.37466
0.3752
0.37575
0.37629
0.37684
0.37738
0.37793
0.37847
0.37901
0.37956
0.3801
0.38065
0.38119
0.38173
0.38228
0.38282
0.38337
0.38391
0.38446
0.385
0.38554
0.38609
0.38663
0.38718
0.38772
0.38826
0.38881
0.38935
0.3899
0.39044
0.39099
0.39153
0.39207
0.39262
0.39316
0.39371
0.39425
0.39479
0.39534
0.39588
0.39643
0.39697
0.39752
0.39806
0.3986
0.39915
0.39969
0.40024
0.40078
0.40132
0.40214
0.40296
0.40378
0.4046
0.40542
0.40624
0.40706
0.40788
0.4087
0.40952
0.41034
0.41116
0.41198
0.41279
0.41361
0.41443
0.41525
0.41607
0.41689
0.41771
0.41853
0.41935
0.42017
0.42099
0.42181
0.42263
0.42345
0.42427
0.42509
0.4259
0.42672
0.42754
0.42836
0.42918
0.43
0.43082
0.43164
0.43246
0.43328
0.4341
0.43492
0.43574
0.43656
0.43738
0.43819
0.43901
0.43983
0.44065
0.44147
0.44229
0.44311
0.44393
0.44475
0.44557
0.44639
0.44721
0.44803
0.44885
0.44967
0.45048
0.45103
0.45157
0.45211
0.45265
0.45319
0.45373
0.45428
0.45482
0.45536
0.4559
0.45644
0.45698
0.45752
0.45807
0.45861
0.45915
0.45969
0.46023
0.46077
0.46131
0.46186
0.4624
0.46294
0.46348
0.46402
0.46456
0.46511
0.46565
0.46619
0.46673
0.46727
0.46781
0.46835
0.4689
0.46944
0.46998
0.47052
0.47106
0.4716
0.47215
0.47269
0.47323
0.47377
0.47431
0.47485
0.47539
0.47594
0.47648
0.47702
0.47756
0.4781
0.47864
0.47919
0.47973
0.48027
0.48081
0.48135
0.48189
0.48243
0.48298
0.48219
0.4814
0.48061
0.47983
0.47904
0.47825
0.47747
0.47668
0.47589
0.4751
0.47432
0.47353
0.47274
0.47195
0.47117
0.47038
0.46959
0.46881
0.46802
0.46723
0.46644
0.46566
0.46487
0.46408
0.4633
0.46251
0.46172
0.46093
0.46015
0.45936
0.45857
0.45778
0.457
0.45621
0.45542
0.45464
0.45385
0.45306
0.45227
0.45149
0.4507
0.44991
0.44913
0.44834
0.44755
0.44676
0.44598
0.44519
0.4444
0.44361
0.44283
0.44204
0.44125
0.44047
0.43968
0.43889
0.4381
0.43732
0.43653
0.43574
0.43564
0.43554
0.43544
0.43534
0.43524
0.43513
0.43503
0.43493
0.43483
0.43473
0.43463
0.43453
0.43443
0.43432
0.43422
0.43412
0.43402
0.43392
0.43382
0.43372
0.43362
0.43351
0.43341
0.43331
0.43321
0.43311
0.43301
0.43291
0.43281
0.4327
0.4326
0.4325
0.4324
0.4323
0.4322
0.4321
0.432
0.43189
0.43179
0.43169
0.43159
0.43149
0.43139
0.43129
0.43119
0.43108
0.43098
0.43088
0.43078
0.43068
0.43058
0.43048
0.43038
0.43027
0.43017
0.43007
0.42997
0.42987
0.42977
0.42967
0.42936
0.42906
0.42876
0.42846
0.42816
0.42786
0.42755
0.42725
0.42695
0.42665
0.42635
0.42605
0.42574
0.42544
0.42514
0.42484
0.42454
0.42424
0.42393
0.42363
0.42333
0.42303
0.42273
0.42243
0.42212
0.42182
0.42152
0.42122
0.42092
0.42062
0.42031
0.42001
0.41971
0.41941
0.41911
0.41881
0.4185
0.4182
0.4179
0.4176
0.4173
0.417
0.41669
0.41639
0.41609
0.41579
0.41549
0.41519
0.41488
0.41458
0.41428
0.41398
0.41368
0.41337
0.41307
0.41277
0.41247
0.41217
0.41187
0.41156
0.41092
0.41028
0.40964
0.40899
0.40835
0.40771
0.40706
0.40642
0.40578
0.40513
0.40449
0.40385
0.4032
0.40256
0.40192
0.40127
0.40063
0.39999
0.39935
0.3987
0.39806
0.39742
0.39677
0.39613
0.39549
0.39484
0.3942
0.39356
0.39291
0.39227
0.39163
0.39098
0.39034
0.3897
0.38906
0.38841
0.38777
0.38713
0.38648
0.38584
0.3852
0.38455
0.38391
0.38327
0.38262
0.38198
0.38134
0.38069
0.38005
0.37941
0.37877
0.37812
0.37748
0.37684
0.37619
0.37555
0.37491
0.37426
0.37362
0.37298
0.37231
0.37165
0.37099
0.37032
0.36966
0.369
0.36833
0.36767
0.36701
0.36634
0.36568
0.36502
0.36436
0.36369
0.36303
0.36237
0.3617
0.36104
0.36038
0.35971
0.35905
0.35839
0.35772
0.35706
0.3564
0.35573
0.35507
0.35441
0.35374
0.35308
0.35242
0.35175
0.35109
0.35043
0.34977
0.3491
0.34844
0.34778
0.34711
0.34645
0.34579
0.34512
0.34446
0.3438
0.34313
0.34247
0.34181
0.34114
0.34048
0.33982
0.33915
0.33849
0.33783
0.33716
0.3365
0.33584
0.33517
0.33451
0.33385
0.33319
0.33279
0.3324
0.33201
0.33161
0.33122
0.33083
0.33043
0.33004
0.32965
0.32925
0.32886
0.32847
0.32807
0.32768
0.32729
0.32689
0.3265
0.32611
0.32571
0.32532
0.32493
0.32453
0.32414
0.32375
0.32335
0.32296
0.32257
0.32217
0.32178
0.32139
0.32099
0.3206
0.32021
0.31981
0.31942
0.31903
0.31863
0.31824
0.31785
0.31745
0.31706
0.31667
0.31627
0.31588
0.31549
0.31509
0.3147
0.31431
0.31391
0.31352
0.31313
0.31273
0.31234
0.31195
0.31155
0.31116
0.31077
0.31037
0.30998
0.30959
0.30959
0.30958
0.30958
0.30958
0.30958
0.30958
0.30958
0.30958
0.30957
0.30957
0.30957
0.30957
0.30957
0.30957
0.30957
0.30957
0.30956
0.30956
0.30956
0.30956
0.30956
0.30956
0.30956
0.30955
0.30955
0.30955
0.30955
0.30955
0.30955
0.30955
0.30955
0.30954
0.30954
0.30954
0.30954
0.30954
0.30954
0.30954
0.30954
0.30953
0.30953
0.30953
0.30953
0.30953
0.30953
0.30953
0.30952
0.30952
0.30952
0.30952
0.30952
0.30952
0.30952
0.30952
0.30951
0.30951
0.30951
0.30951
0.30951
0.30951
0.30947
0.30942
0.30938
0.30934
0.3093
0.30926
0.30921
0.30917
0.30913
0.30909
0.30905
0.309
0.30896
0.30892
0.30888
0.30884
0.30879
0.30875
0.30871
0.30867
0.30863
0.30858
0.30854
0.3085
0.30846
0.30842
0.30837
0.30833
0.30829
0.30825
0.30821
0.30816
0.30812
0.30808
0.30804
0.308
0.30795
0.30791
0.30787
0.30783
0.30779
0.30774
0.3077
0.30766
0.30762
0.30758
0.30753
0.30749
0.30745
0.30741
0.30737
0.30732
0.30728
0.30724
0.3072
0.30716
0.30711
0.30707
0.30703
0.30699
0.30686
0.30673
0.3066
0.30647
0.30634
0.30621
0.30608
0.30595
0.30582
0.30569
0.30556
0.30543
0.3053
0.30517
0.30504
0.30491
0.30478
0.30465
0.30452
0.30439
0.30426
0.30413
0.304
0.30387
0.30374
0.30361
0.30349
0.30336
0.30323
0.3031
0.30297
0.30284
0.30271
0.30258
0.30245
0.30232
0.30219
0.30206
0.30193
0.3018
0.30167
0.30154
0.30141
0.30128
0.30115
0.30102
0.30089
0.30076
0.30063
0.3005
0.30037
0.30024
0.30011
0.29998
0.29985
0.29972
0.29959
0.29946
0.29933
0.2992
0.2994
0.2996
0.2998
0.29999
0.30019
0.30039
0.30059
0.30079
0.30098
0.30118
0.30138
0.30158
0.30178
0.30197
0.30217
0.30237
0.30257
0.30277
0.30296
0.30316
0.30336
0.30356
0.30376
0.30395
0.30415
0.30435
0.30455
0.30475
0.30494
0.30514
0.30534
0.30554
0.30574
0.30593
0.30613
0.30633
0.30653
0.30673
0.30692
0.30712
0.30732
0.30752
0.30772
0.30791
0.30811
0.30831
0.30851
0.30871
0.3089
0.3091
0.3093
0.3095
0.3097
0.30989
0.31009
0.31029
0.31049
0.31069
0.31088
0.31108
0.31119
0.31129
0.3114
0.3115
0.31161
0.31171
0.31182
0.31192
0.31202
0.31213
0.31223
0.31234
0.31244
0.31255
0.31265
0.31276
0.31286
0.31297
0.31307
0.31318
0.31328
0.31339
0.31349
0.3136
0.3137
0.31381
0.31391
0.31401
0.31412
0.31422
0.31433
0.31443
0.31454
0.31464
0.31475
0.31485
0.31496
0.31506
0.31517
0.31527
0.31538
0.31548
0.31559
0.31569
0.3158
0.3159
0.31601
0.31611
0.31621
0.31632
0.31642
0.31653
0.31663
0.31674
0.31684
0.31695
0.31705
0.31716
0.31726
0.31737
0.31771
0.31804
0.31838
0.31872
0.31906
0.3194
0.31974
0.32008
0.32042
0.32076
0.3211
0.32144
0.32178
0.32211
0.32245
0.32279
0.32313
0.32347
0.32381
0.32415
0.32449
0.32483
0.32517
0.32551
0.32584
0.32618
0.32652
0.32686
0.3272
0.32754
0.32788
0.32822
0.32856
0.3289
0.32924
0.32957
0.32991
0.33025
0.33059
0.33093
0.33127
0.33161
0.33195
0.33229
0.33263
0.33297
0.3333
0.33364
0.33398
0.33432
0.33466
0.335
0.33534
0.33568
0.33602
0.33636
0.3367
0.33703
0.33737
0.33771
0.33806
0.33841
0.33876
0.3391
0.33945
0.3398
0.34015
0.3405
0.34084
0.34119
0.34154
0.34189
0.34223
0.34258
0.34293
0.34328
0.34363
0.34397
0.34432
0.34467
0.34502
0.34537
0.34571
0.34606
0.34641
0.34676
0.3471
0.34745
0.3478
0.34815
0.3485
0.34884
0.34919
0.34954
0.34989
0.35023
0.35058
0.35093
0.35128
0.35163
0.35197
0.35232
0.35267
0.35302
0.35337
0.35371
0.35406
0.35441
0.35476
0.3551
0.35545
0.3558
0.35615
0.3565
0.35684
0.35719
0.35754
0.35789
0.35823
0.35858
0.35906
0.35954
0.36002
0.36049
0.36097
0.36145
0.36193
0.36241
0.36288
0.36336
0.36384
0.36432
0.36479
0.36527
0.36575
0.36623
0.36671
0.36718
0.36766
0.36814
0.36862
0.3691
0.36957
0.37005
0.37053
0.37101
0.37149
0.37196
0.37244
0.37292
0.3734
0.37387
0.37435
0.37483
0.37531
0.37579
0.37626
0.37674
0.37722
0.3777
0.37818
0.37865
0.37913
0.37961
0.38009
0.38056
0.38104
0.38152
0.382
0.38248
0.38295
0.38343
0.38391
0.38439
0.38487
0.38534
0.38582
0.3863
0.38678
0.38726
0.38738
0.3875
0.38762
0.38774
0.38786
0.38798
0.3881
0.38823
0.38835
0.38847
0.38859
0.38871
0.38883
0.38895
0.38908
0.3892
0.38932
0.38944
0.38956
0.38968
0.3898
0.38993
0.39005
0.39017
0.39029
0.39041
0.39053
0.39065
0.39077
0.3909
0.39102
0.39114
0.39126
0.39138
0.3915
0.39162
0.39175
0.39187
0.39199
0.39211
0.39223
0.39235
0.39247
0.3926
0.39272
0.39284
0.39296
0.39308
0.3932
0.39332
0.39345
0.39357
0.39369
0.39381
0.39393
0.39405
0.39417
0.39429
0.39442
0.39454
0.39399
0.39344
0.39289
0.39234
0.39179
0.39124
0.39069
0.39014
0.38959
0.38904
0.3885
0.38795
0.3874
0.38685
0.3863
0.38575
0.3852
0.38465
0.3841
0.38355
0.383
0.38245
0.3819
0.38135
0.3808
0.38026
0.37971
0.37916
0.37861
0.37806
0.37751
0.37696
0.37641
0.37586
0.37531
0.37476
0.37421
0.37366
0.37311
0.37257
0.37202
0.37147
0.37092
0.37037
0.36982
0.36927
0.36872
0.36817
0.36762
0.36707
0.36652
0.36597
0.36542
0.36488
0.36433
0.36378
0.36323
0.36268
0.36213
0.36158
0.36139
0.36121
0.36102
0.36083
0.36065
0.36046
0.36028
0.36009
0.3599
0.35972
0.35953
0.35934
0.35916
0.35897
0.35879
0.3586
0.35841
0.35823
0.35804
0.35785
0.35767
0.35748
0.3573
0.35711
0.35692
0.35674
0.35655
0.35636
0.35618
0.35599
0.35581
0.35562
0.35543
0.35525
0.35506
0.35487
0.35469
0.3545
0.35432
0.35413
0.35394
0.35376
0.35357
0.35338
0.3532
0.35301
0.35283
0.35264
0.35245
0.35227
0.35208
0.35189
0.35171
0.35152
0.35134
0.35115
0.35096
0.35078
0.35059
0.3504
0.34934
0.34828
0.34722
0.34616
0.3451
0.34404
0.34298
0.34191
0.34085
0.33979
0.33873
0.33767
0.33661
0.33555
0.33448
0.33342
0.33236
0.3313
0.33024
0.32918
0.32812
0.32706
0.32599
0.32493
0.32387
0.32281
0.32175
0.32069
0.31963
0.31856
0.3175
0.31644
0.31538
0.31432
0.31326
0.3122
0.31114
0.31007
0.30901
0.30795
0.30689
0.30583
0.30477
0.30371
0.30264
0.30158
0.30052
0.29946
0.2984
0.29734
0.29628
0.29522
0.29415
0.29309
0.29203
0.29097
0.28991
0.28885
0.28779
0.28672
0.28738
0.28804
0.2887
0.28935
0.29001
0.29067
0.29132
0.29198
0.29264
0.2933
0.29395
0.29461
0.29527
0.29592
0.29658
0.29724
0.29789
0.29855
0.29921
0.29987
0.30052
0.30118
0.30184
0.30249
0.30315
0.30381
0.30447
0.30512
0.30578
0.30644
0.30709
0.30775
0.30841
0.30907
0.30972
0.31038
0.31104
0.31169
0.31235
0.31301
0.31366
0.31432
0.31498
0.31564
0.31629
0.31695
0.31761
0.31826
0.31892
0.31958
0.32024
0.32089
0.32155
0.32221
0.32286
0.32352
0.32418
0.32484
0.32549
0.32615
0.32643
0.32671
0.32698
0.32726
0.32754
0.32782
0.3281
0.32838
0.32866
0.32893
0.32921
0.32949
0.32977
0.33005
0.33033
0.3306
0.33088
0.33116
0.33144
0.33172
0.332
0.33227
0.33255
0.33283
0.33311
0.33339
0.33367
0.33395
0.33422
0.3345
0.33478
0.33506
0.33534
0.33562
0.33589
0.33617
0.33645
0.33673
0.33701
0.33729
0.33757
0.33784
0.33812
0.3384
0.33868
0.33896
0.33924
0.33951
0.33979
0.34007
0.34035
0.34063
0.34091
0.34118
0.34146
0.34174
0.34202
0.3423
0.34258
0.34286
0.34221
0.34157
0.34092
0.34028
0.33963
0.33899
0.33834
0.3377
0.33706
0.33641
0.33577
0.33512
0.33448
0.33383
0.33319
0.33254
0.3319
0.33126
0.33061
0.32997
0.32932
0.32868
0.32803
0.32739
0.32674
0.3261
0.32546
0.32481
0.32417
0.32352
0.32288
0.32223
0.32159
0.32094
0.3203
0.31966
0.31901
0.31837
0.31772
0.31708
0.31643
0.31579
0.31514
0.3145
0.31386
0.31321
0.31257
0.31192
0.31128
0.31063
0.30999
0.30934
0.3087
0.30806
0.30741
0.30677
0.30612
0.30548
0.30483
0.30419
0.30391
0.30363
0.30335
0.30307
0.30279
0.30251
0.30223
0.30195
0.30167
0.30139
0.30111
0.30083
0.30054
0.30026
0.29998
0.2997
0.29942
0.29914
0.29886
0.29858
0.2983
0.29802
0.29774
0.29746
0.29718
0.2969
0.29662
0.29634
0.29606
0.29578
0.2955
0.29522
0.29494
0.29466
0.29438
0.2941
0.29382
0.29354
0.29326
0.29298
0.29269
0.29241
0.29213
0.29185
0.29157
0.29129
0.29101
0.29073
0.29045
0.29017
0.28989
0.28961
0.28933
0.28905
0.28877
0.28849
0.28821
0.28793
0.28765
0.28737
0.28645
0.28553
0.28461
0.28369
0.28277
0.28185
0.28093
0.28001
0.27909
0.27817
0.27725
0.27633
0.27541
0.27449
0.27358
0.27266
0.27174
0.27082
0.2699
0.26898
0.26806
0.26714
0.26622
0.2653
0.26438
0.26346
0.26254
0.26162
0.2607
0.25978
0.25886
0.25794
0.25702
0.2561
0.25519
0.25427
0.25335
0.25243
0.25151
0.25059
0.24967
0.24875
0.24783
0.24691
0.24599
0.24507
0.24415
0.24323
0.24231
0.24139
0.24047
0.23955
0.23863
0.23771
0.23679
0.23588
0.23496
0.23404
0.23312
0.2322
0.23269
0.23318
0.23367
0.23417
0.23466
0.23515
0.23564
0.23613
0.23663
0.23712
0.23761
0.2381
0.23859
0.23909
0.23958
0.24007
0.24056
0.24106
0.24155
0.24204
0.24253
0.24302
0.24352
0.24401
0.2445
0.24499
0.24548
0.24598
0.24647
0.24696
0.24745
0.24795
0.24844
0.24893
0.24942
0.24991
0.25041
0.2509
0.25139
0.25188
0.25237
0.25287
0.25336
0.25385
0.25434
0.25484
0.25533
0.25582
0.25631
0.2568
0.2573
0.25779
0.25828
0.25877
0.25926
0.25976
0.26025
0.26074
0.26123
0.26172
0.26174
0.26176
0.26177
0.26179
0.26181
0.26182
0.26184
0.26185
0.26187
0.26189
0.2619
0.26192
0.26194
0.26195
0.26197
0.26198
0.262
0.26202
0.26203
0.26205
0.26207
0.26208
0.2621
0.26211
0.26213
0.26215
0.26216
0.26218
0.2622
0.26221
0.26223
0.26224
0.26226
0.26228
0.26229
0.26231
0.26233
0.26234
0.26236
0.26237
0.26239
0.26241
0.26242
0.26244
0.26246
0.26247
0.26249
0.2625
0.26252
0.26254
0.26255
0.26257
0.26259
0.2626
0.26262
0.26263
0.26265
0.26267
0.26268
0.2627
0.26281
0.26292
0.26302
0.26313
0.26324
0.26335
0.26346
0.26356
0.26367
0.26378
0.26389
0.264
0.2641
0.26421
0.26432
0.26443
0.26454
0.26464
0.26475
0.26486
0.26497
0.26508
0.26519
0.26529
0.2654
0.26551
0.26562
0.26573
0.26583
0.26594
0.26605
0.26616
0.26627
0.26637
0.26648
0.26659
0.2667
0.26681
0.26691
0.26702
0.26713
0.26724
0.26735
0.26745
0.26756
0.26767
0.26778
0.26789
0.26799
0.2681
0.26821
0.26832
0.26843
0.26853
0.26864
0.26875
0.26886
0.26897
0.26908
0.26918
0.26911
0.26904
0.26897
0.2689
0.26883
0.26876
0.26868
0.26861
0.26854
0.26847
0.2684
0.26833
0.26826
0.26819
0.26811
0.26804
0.26797
0.2679
0.26783
0.26776
0.26769
0.26762
0.26754
0.26747
0.2674
0.26733
0.26726
0.26719
0.26712
0.26704
0.26697
0.2669
0.26683
0.26676
0.26669
0.26662
0.26655
0.26647
0.2664
0.26633
0.26626
0.26619
0.26612
0.26605
0.26598
0.2659
0.26583
0.26576
0.26569
0.26562
0.26555
0.26548
0.26541
0.26533
0.26526
0.26519
0.26512
0.26505
0.26498
0.26491
0.26456
0.26421
0.26386
0.26352
0.26317
0.26282
0.26248
0.26213
0.26178
0.26144
0.26109
0.26074
0.26039
0.26005
0.2597
0.25935
0.25901
0.25866
0.25831
0.25796
0.25762
0.25727
0.25692
0.25658
0.25623
0.25588
0.25553
0.25519
0.25484
0.25449
0.25415
0.2538
0.25345
0.2531
0.25276
0.25241
0.25206
0.25172
0.25137
0.25102
0.25067
0.25033
0.24998
0.24963
0.24929
0.24894
0.24859
0.24824
0.2479
0.24755
0.2472
0.24686
0.24651
0.24616
0.24581
0.24547
0.24512
0.24477
0.24443
0.24408
0.24413
0.24419
0.24425
0.2443
0.24436
0.24441
0.24447
0.24453
0.24458
0.24464
0.2447
0.24475
0.24481
0.24486
0.24492
0.24498
0.24503
0.24509
0.24514
0.2452
0.24526
0.24531
0.24537
0.24542
0.24548
0.24554
0.24559
0.24565
0.24571
0.24576
0.24582
0.24587
0.24593
0.24599
0.24604
0.2461
0.24615
0.24621
0.24627
0.24632
0.24638
0.24643
0.24649
0.24655
0.2466
0.24666
0.24672
0.24677
0.24683
0.24688
0.24694
0.247
0.24705
0.24711
0.24716
0.24722
0.24728
0.24733
0.24739
0.24744
0.24672
0.24599
0.24526
0.24453
0.24381
0.24308
0.24235
0.24162
0.24089
0.24017
0.23944
0.23871
0.23798
0.23725
0.23653
0.2358
0.23507
0.23434
0.23361
0.23289
0.23216
0.23143
0.2307
0.22998
0.22925
0.22852
0.22779
0.22706
0.22634
0.22561
0.22488
0.22415
0.22342
0.2227
0.22197
0.22124
0.22051
0.21978
0.21906
0.21833
0.2176
0.21687
0.21615
0.21542
0.21469
0.21396
0.21323
0.21251
0.21178
0.21105
0.21032
0.20959
0.20887
0.20814
0.20741
0.20668
0.20595
0.20523
0.2045
0.20377
0.20305
0.20232
0.20159
0.20087
0.20014
0.19942
0.19869
0.19796
0.19724
0.19651
0.19579
0.19506
0.19434
0.19361
0.19288
0.19216
0.19143
0.19071
0.18998
0.18926
0.18853
0.1878
0.18708
0.18635
0.18563
0.1849
0.18417
0.18345
0.18272
0.182
0.18127
0.18055
0.17982
0.17909
0.17837
0.17764
0.17692
0.17619
0.17547
0.17474
0.17401
0.17329
0.17256
0.17184
0.17111
0.17038
0.16966
0.16893
0.16821
0.16748
0.16676
0.16603
0.1653
0.16458
0.16385
0.16313
0.1624
0.16168
0.16095
0.16022
0.16002
0.15981
0.1596
0.15939
0.15919
0.15898
0.15877
0.15856
0.15836
0.15815
0.15794
0.15773
0.15753
0.15732
0.15711
0.1569
0.1567
0.15649
0.15628
0.15607
0.15586
0.15566
0.15545
0.15524
0.15503
0.15483
0.15462
0.15441
0.1542
0.154
0.15379
0.15358
0.15337
0.15317
0.15296
0.15275
0.15254
0.15234
0.15213
0.15192
0.15171
0.15151
0.1513
0.15109
0.15088
0.15068
0.15047
0.15026
0.15005
0.14985
0.14964
0.14943
0.14922
0.14902
0.14881
0.1486
0.14839
0.14819
0.14798
0.14777
0.14903
0.15029
0.15155
0.15282
0.15408
0.15534
0.1566
0.15786
0.15912
0.16038
0.16165
0.16291
0.16417
0.16543
0.16669
0.16795
0.16921
0.17048
0.17174
0.173
0.17426
0.17552
0.17678
0.17804
0.1793
0.18057
0.18183
0.18309
0.18435
0.18561
0.18687
0.18813
0.1894
0.19066
0.19192
0.19318
0.19444
0.1957
0.19696
0.19823
0.19949
0.20075
0.20201
0.20327
0.20453
0.20579
0.20706
0.20832
0.20958
0.21084
0.2121
0.21336
0.21462
0.21588
0.21715
0.21841
0.21967
0.22093
0.22219
0.22345
0.2238
0.22415
0.2245
0.22485
0.2252
0.22555
0.2259
0.22625
0.2266
0.22695
0.2273
0.22764
0.22799
0.22834
0.22869
0.22904
0.22939
0.22974
0.23009
0.23044
0.23079
0.23114
0.23149
0.23184
0.23219
0.23253
0.23288
0.23323
0.23358
0.23393
0.23428
0.23463
0.23498
0.23533
0.23568
0.23603
0.23638
0.23673
0.23708
0.23743
0.23777
0.23812
0.23847
0.23882
0.23917
0.23952
0.23987
0.24022
0.24057
0.24092
0.24127
0.24162
0.24197
0.24232
0.24266
0.24301
0.24336
0.24371
0.24406
0.24441
0.24443
0.24444
0.24446
0.24448
0.24449
0.24451
0.24452
0.24454
0.24455
0.24457
0.24459
0.2446
0.24462
0.24463
0.24465
0.24467
0.24468
0.2447
0.24471
0.24473
0.24475
0.24476
0.24478
0.24479
0.24481
0.24483
0.24484
0.24486
0.24487
0.24489
0.24491
0.24492
0.24494
0.24495
0.24497
0.24498
0.245
0.24502
0.24503
0.24505
0.24506
0.24508
0.2451
0.24511
0.24513
0.24514
0.24516
0.24518
0.24519
0.24521
0.24522
0.24524
0.24526
0.24527
0.24529
0.2453
0.24532
0.24534
0.24535
0.24537
0.24517
0.24496
0.24476
0.24456
0.24436
0.24415
0.24395
0.24375
0.24355
0.24335
0.24314
0.24294
0.24274
0.24254
0.24233
0.24213
0.24193
0.24173
0.24153
0.24132
0.24112
0.24092
0.24072
0.24051
0.24031
0.24011
0.23991
0.23971
0.2395
0.2393
0.2391
0.2389
0.2387
0.23849
0.23829
0.23809
0.23789
0.23768
0.23748
0.23728
0.23708
0.23688
0.23667
0.23647
0.23627
0.23607
0.23586
0.23566
0.23546
0.23526
0.23506
0.23485
0.23465
0.23445
0.23425
0.23404
0.23384
0.23364
0.23344
0.23324
0.23382
0.2344
0.23498
0.23556
0.23614
0.23672
0.2373
0.23788
0.23846
0.23904
0.23962
0.2402
0.24078
0.24136
0.24194
0.24252
0.2431
0.24368
0.24426
0.24484
0.24542
0.246
0.24658
0.24716
0.24774
0.24832
0.2489
0.24948
0.25006
0.25064
0.25122
0.2518
0.25238
0.25296
0.25354
0.25412
0.2547
0.25528
0.25586
0.25644
0.25702
0.2576
0.25818
0.25876
0.25934
0.25992
0.2605
0.26108
0.26166
0.26224
0.26282
0.2634
0.26398
0.26456
0.26514
0.26572
0.2663
0.26688
0.26746
0.26804
0.26789
0.26774
0.2676
0.26745
0.2673
0.26715
0.267
0.26686
0.26671
0.26656
0.26641
0.26626
0.26611
0.26597
0.26582
0.26567
0.26552
0.26537
0.26523
0.26508
0.26493
0.26478
0.26463
0.26448
0.26434
0.26419
0.26404
0.26389
0.26374
0.2636
0.26345
0.2633
0.26315
0.263
0.26285
0.26271
0.26256
0.26241
0.26226
0.26211
0.26197
0.26182
0.26167
0.26152
0.26137
0.26123
0.26108
0.26093
0.26078
0.26063
0.26048
0.26034
0.26019
0.26004
0.25989
0.25974
0.2596
0.25945
0.2593
0.25915
0.25955
0.25995
0.26035
0.26075
0.26114
0.26154
0.26194
0.26234
0.26274
0.26314
0.26354
0.26394
0.26433
0.26473
0.26513
0.26553
0.26593
0.26633
0.26673
0.26712
0.26752
0.26792
0.26832
0.26872
0.26912
0.26952
0.26992
0.27031
0.27071
0.27111
0.27151
0.27191
0.27231
0.27271
0.2731
0.2735
0.2739
0.2743
0.2747
0.2751
0.2755
0.2759
0.27629
0.27669
0.27709
0.27749
0.27789
0.27829
0.27869
0.27908
0.27948
0.27988
0.28028
0.28068
0.28108
0.28148
0.28188
0.28227
0.28267
0.28307
0.28303
0.28298
0.28294
0.28289
0.28285
0.2828
0.28276
0.28272
0.28267
0.28263
0.28258
0.28254
0.28249
0.28245
0.2824
0.28236
0.28231
0.28227
0.28222
0.28218
0.28214
0.28209
0.28205
0.282
0.28196
0.28191
0.28187
0.28182
0.28178
0.28173
0.28169
0.28165
0.2816
0.28156
0.28151
0.28147
0.28142
0.28138
0.28133
0.28129
0.28124
0.2812
0.28116
0.28111
0.28107
0.28102
0.28098
0.28093
0.28089
0.28084
0.2808
0.28075
0.28071
0.28067
0.28062
0.28058
0.28053
0.28049
0.28044
0.2804
0.28066
0.28092
0.28118
0.28144
0.2817
0.28196
0.28222
0.28248
0.28274
0.283
0.28326
0.28352
0.28378
0.28404
0.2843
0.28456
0.28482
0.28508
0.28534
0.2856
0.28586
0.28612
0.28638
0.28665
0.28691
0.28717
0.28743
0.28769
0.28795
0.28821
0.28847
0.28873
0.28899
0.28925
0.28951
0.28977
0.29003
0.29029
0.29055
0.29081
0.29107
0.29133
0.29159
0.29185
0.29211
0.29237
0.29263
0.29289
0.29315
0.29341
0.29367
0.29393
0.29419
0.29445
0.29471
0.29498
0.29524
0.2955
0.29576
0.29602
0.29642
0.29682
0.29722
0.29762
0.29803
0.29843
0.29883
0.29923
0.29964
0.30004
0.30044
0.30084
0.30124
0.30165
0.30205
0.30245
0.30285
0.30325
0.30366
0.30406
0.30446
0.30486
0.30527
0.30567
0.30607
0.30647
0.30687
0.30728
0.30768
0.30808
0.30848
0.30888
0.30929
0.30969
0.31009
0.31049
0.3109
0.3113
0.3117
0.3121
0.3125
0.31291
0.31331
0.31371
0.31411
0.31452
0.31492
0.31532
0.31572
0.31612
0.31653
0.31693
0.31733
0.31773
0.31813
0.31854
0.31894
0.31934
0.31974
0.32015
0.31962
0.31909
0.31856
0.31803
0.31751
0.31698
0.31645
0.31592
0.3154
0.31487
0.31434
0.31381
0.31328
0.31276
0.31223
0.3117
0.31117
0.31065
0.31012
0.30959
0.30906
0.30853
0.30801
0.30748
0.30695
0.30642
0.3059
0.30537
0.30484
0.30431
0.30378
0.30326
0.30273
0.3022
0.30167
0.30115
0.30062
0.30009
0.29956
0.29903
0.29851
0.29798
0.29745
0.29692
0.2964
0.29587
0.29534
0.29481
0.29428
0.29376
0.29323
0.2927
0.29217
0.29165
0.29112
0.29059
0.29006
0.28954
0.28901
0.28848
0.2887
0.28891
0.28913
0.28935
0.28956
0.28978
0.29
0.29021
0.29043
0.29065
0.29087
0.29108
0.2913
0.29152
0.29173
0.29195
0.29217
0.29238
0.2926
0.29282
0.29303
0.29325
0.29347
0.29369
0.2939
0.29412
0.29434
0.29455
0.29477
0.29499
0.2952
0.29542
0.29564
0.29585
0.29607
0.29629
0.29651
0.29672
0.29694
0.29716
0.29737
0.29759
0.29781
0.29802
0.29824
0.29846
0.29867
0.29889
0.29911
0.29933
0.29954
0.29976
0.29998
0.30019
0.30041
0.30063
0.30084
0.30106
0.30128
0.30149
0.30211
0.30272
0.30334
0.30395
0.30457
0.30518
0.3058
0.30641
0.30703
0.30764
0.30826
0.30887
0.30948
0.3101
0.31071
0.31133
0.31194
0.31256
0.31317
0.31379
0.3144
0.31502
0.31563
0.31624
0.31686
0.31747
0.31809
0.3187
0.31932
0.31993
0.32055
0.32116
0.32178
0.32239
0.32301
0.32362
0.32423
0.32485
0.32546
0.32608
0.32669
0.32731
0.32792
0.32854
0.32915
0.32977
0.33038
0.331
0.33161
0.33222
0.33284
0.33345
0.33407
0.33468
0.3353
0.33591
0.33653
0.33714
0.33776
0.33837
0.33878
0.3392
0.33961
0.34002
0.34044
0.34085
0.34126
0.34168
0.34209
0.3425
0.34292
0.34333
0.34374
0.34416
0.34457
0.34498
0.3454
0.34581
0.34622
0.34664
0.34705
0.34746
0.34788
0.34829
0.3487
0.34912
0.34953
0.34994
0.35036
0.35077
0.35119
0.3516
0.35201
0.35243
0.35284
0.35325
0.35367
0.35408
0.35449
0.35491
0.35532
0.35573
0.35615
0.35656
0.35697
0.35739
0.3578
0.35821
0.35863
0.35904
0.35945
0.35987
0.36028
0.36069
0.36111
0.36152
0.36193
0.36235
0.36276
0.36317
0.3636
0.36402
0.36445
0.36487
0.3653
0.36572
0.36615
0.36657
0.36699
0.36742
0.36784
0.36827
0.36869
0.36912
0.36954
0.36997
0.37039
0.37082
0.37124
0.37167
0.37209
0.37252
0.37294
0.37336
0.37379
0.37421
0.37464
0.37506
0.37549
0.37591
0.37634
0.37676
0.37719
0.37761
0.37804
0.37846
0.37888
0.37931
0.37973
0.38016
0.38058
0.38101
0.38143
0.38186
0.38228
0.38271
0.38313
0.38356
0.38398
0.38441
0.38483
0.38525
0.38568
0.3861
0.38653
0.38695
0.38738
0.3878
0.38823
0.38865
0.38906
0.38947
0.38988
0.39029
0.3907
0.39111
0.39152
0.39193
0.39234
0.39275
0.39316
0.39357
0.39398
0.39439
0.3948
0.39521
0.39562
0.39603
0.39644
0.39685
0.39726
0.39767
0.39808
0.39849
0.3989
0.39931
0.39972
0.40013
0.40054
0.40095
0.40136
0.40177
0.40218
0.40259
0.40299
0.4034
0.40381
0.40422
0.40463
0.40504
0.40545
0.40586
0.40627
0.40668
0.40709
0.4075
0.40791
0.40832
0.40873
0.40914
0.40955
0.40996
0.41037
0.41078
0.41119
0.4116
0.41201
0.41242
0.41283
0.41324
0.41076
0.40828
0.4058
0.40332
0.40083
0.39835
0.39587
0.39339
0.39091
0.38843
0.38595
0.38347
0.38098
0.3785
0.37602
0.37354
0.37106
0.36858
0.3661
0.36362
0.36113
0.35865
0.35617
0.35369
0.35121
0.34873
0.34625
0.34377
0.34129
0.3388
0.33632
0.33384
0.33136
0.32888
0.3264
0.32392
0.32144
0.31895
0.31647
0.31399
0.31151
0.30903
0.30655
0.30407
0.30159
0.2991
0.29662
0.29414
0.29166
0.28918
0.2867
0.28422
0.28174
0.27926
0.27677
0.27429
0.27181
0.26933
0.26685
0.26437
0.26593
0.2675
0.26907
0.27063
0.2722
0.27377
0.27533
0.2769
0.27846
0.28003
0.2816
0.28316
0.28473
0.28629
0.28786
0.28943
0.29099
0.29256
0.29413
0.29569
0.29726
0.29882
0.30039
0.30196
0.30352
0.30509
0.30666
0.30822
0.30979
0.31135
0.31292
0.31449
0.31605
0.31762
0.31919
0.32075
0.32232
0.32388
0.32545
0.32702
0.32858
0.33015
0.33172
0.33328
0.33485
0.33641
0.33798
0.33955
0.34111
0.34268
0.34424
0.34581
0.34738
0.34894
0.35051
0.35208
0.35364
0.35521
0.35677
0.35834
0.35619
0.35403
0.35188
0.34972
0.34757
0.34542
0.34326
0.34111
0.33895
0.3368
0.33464
0.33249
0.33034
0.32818
0.32603
0.32387
0.32172
0.31956
0.31741
0.31526
0.3131
0.31095
0.30879
0.30664
0.30448
0.30233
0.30018
0.29802
0.29587
0.29371
0.29156
0.2894
0.28725
0.2851
0.28294
0.28079
0.27863
0.27648
0.27432
0.27217
0.27002
0.26786
0.26571
0.26355
0.2614
0.25924
0.25709
0.25494
0.25278
0.25063
0.24847
0.24632
0.24416
0.24201
0.23986
0.2377
0.23555
0.23339
0.23124
0.22909
0.23107
0.23305
0.23503
0.23702
0.239
0.24098
0.24297
0.24495
0.24693
0.24891
0.2509
0.25288
0.25486
0.25684
0.25883
0.26081
0.26279
0.26478
0.26676
0.26874
0.27072
0.27271
0.27469
0.27667
0.27866
0.28064
0.28262
0.2846
0.28659
0.28857
0.29055
0.29254
0.29452
0.2965
0.29848
0.30047
0.30245
0.30443
0.30642
0.3084
0.31038
0.31236
0.31435
0.31633
0.31831
0.3203
0.32228
0.32426
0.32624
0.32823
0.33021
0.33219
0.33418
0.33616
0.33814
0.34012
0.34211
0.34409
0.34607
0.34806
0.34695
0.34584
0.34473
0.34362
0.34251
0.3414
0.34029
0.33918
0.33807
0.33696
0.33585
0.33474
0.33364
0.33253
0.33142
0.33031
0.3292
0.32809
0.32698
0.32587
0.32476
0.32365
0.32254
0.32143
0.32032
0.31921
0.3181
0.317
0.31589
0.31478
0.31367
0.31256
0.31145
0.31034
0.30923
0.30812
0.30701
0.3059
0.30479
0.30368
0.30257
0.30147
0.30036
0.29925
0.29814
0.29703
0.29592
0.29481
0.2937
0.29259
0.29148
0.29037
0.28926
0.28815
0.28704
0.28594
0.28483
0.28372
0.28261
0.2815
0.28044
0.27937
0.27831
0.27725
0.27619
0.27513
0.27406
0.273
0.27194
0.27088
0.26981
0.26875
0.26769
0.26663
0.26557
0.2645
0.26344
0.26238
0.26132
0.26025
0.25919
0.25813
0.25707
0.25601
0.25494
0.25388
0.25282
0.25176
0.25069
0.24963
0.24857
0.24751
0.24645
0.24538
0.24432
0.24326
0.2422
0.24114
0.24007
0.23901
0.23795
0.23689
0.23582
0.23476
0.2337
0.23264
0.23158
0.23051
0.22945
0.22839
0.22733
0.22626
0.2252
0.22414
0.22308
0.22202
0.22095
0.21989
0.21883
0.21777
0.21947
0.22118
0.22288
0.22459
0.22629
0.228
0.2297
0.23141
0.23311
0.23482
0.23652
0.23823
0.23993
0.24164
0.24334
0.24505
0.24675
0.24846
0.25016
0.25187
0.25357
0.25528
0.25698
0.25869
0.26039
0.2621
0.2638
0.26551
0.26721
0.26891
0.27062
0.27232
0.27403
0.27573
0.27744
0.27914
0.28085
0.28255
0.28426
0.28596
0.28767
0.28937
0.29108
0.29278
0.29449
0.29619
0.2979
0.2996
0.30131
0.30301
0.30472
0.30642
0.30813
0.30983
0.31154
0.31324
0.31495
0.31665
0.31836
0.32006
0.31955
0.31904
0.31853
0.31802
0.31751
0.31701
0.3165
0.31599
0.31548
0.31497
0.31446
0.31395
0.31344
0.31293
0.31242
0.31191
0.3114
0.31089
0.31038
0.30987
0.30936
0.30885
0.30834
0.30783
0.30732
0.30681
0.3063
0.30579
0.30529
0.30478
0.30427
0.30376
0.30325
0.30274
0.30223
0.30172
0.30121
0.3007
0.30019
0.29968
0.29917
0.29866
0.29815
0.29764
0.29713
0.29662
0.29611
0.2956
0.29509
0.29458
0.29407
0.29357
0.29306
0.29255
0.29204
0.29153
0.29102
0.29051
0.29
0.28949
0.28886
0.28822
0.28759
0.28696
0.28633
0.2857
0.28507
0.28443
0.2838
0.28317
0.28254
0.28191
0.28127
0.28064
0.28001
0.27938
0.27875
0.27811
0.27748
0.27685
0.27622
0.27559
0.27495
0.27432
0.27369
0.27306
0.27243
0.27179
0.27116
0.27053
0.2699
0.26927
0.26863
0.268
0.26737
0.26674
0.26611
0.26547
0.26484
0.26421
0.26358
0.26295
0.26231
0.26168
0.26105
0.26042
0.25979
0.25915
0.25852
0.25789
0.25726
0.25663
0.256
0.25536
0.25473
0.2541
0.25347
0.25284
0.2522
0.25157
0.25293
0.2543
0.25566
0.25702
0.25838
0.25975
0.26111
0.26247
0.26383
0.26519
0.26656
0.26792
0.26928
0.27064
0.27201
0.27337
0.27473
0.27609
0.27745
0.27882
0.28018
0.28154
0.2829
0.28427
0.28563
0.28699
0.28835
0.28972
0.29108
0.29244
0.2938
0.29516
0.29653
0.29789
0.29925
0.30061
0.30198
0.30334
0.3047
0.30606
0.30742
0.30879
0.31015
0.31151
0.31287
0.31424
0.3156
0.31696
0.31832
0.31969
0.32105
0.32241
0.32377
0.32513
0.3265
0.32786
0.32922
0.33058
0.33195
0.33331
0.33272
0.33213
0.33154
0.33095
0.33036
0.32977
0.32918
0.32859
0.328
0.32741
0.32682
0.32623
0.32564
0.32505
0.32447
0.32388
0.32329
0.3227
0.32211
0.32152
0.32093
0.32034
0.31975
0.31916
0.31857
0.31798
0.31739
0.3168
0.31621
0.31562
0.31503
0.31444
0.31385
0.31326
0.31267
0.31208
0.3115
0.31091
0.31032
0.30973
0.30914
0.30855
0.30796
0.30737
0.30678
0.30619
0.3056
0.30501
0.30442
0.30383
0.30324
0.30265
0.30206
0.30147
0.30088
0.30029
0.2997
0.29911
0.29853
0.29794
0.29812
0.29831
0.2985
0.29869
0.29888
0.29906
0.29925
0.29944
0.29963
0.29982
0.30001
0.30019
0.30038
0.30057
0.30076
0.30095
0.30113
0.30132
0.30151
0.3017
0.30189
0.30207
0.30226
0.30245
0.30264
0.30283
0.30301
0.3032
0.30339
0.30358
0.30377
0.30396
0.30414
0.30433
0.30452
0.30471
0.3049
0.30508
0.30527
0.30546
0.30565
0.30584
0.30602
0.30621
0.3064
0.30659
0.30678
0.30696
0.30715
0.30734
0.30753
0.30772
0.30791
0.30809
0.30828
0.30847
0.30866
0.30885
0.30903
0.30922
0.30932
0.30943
0.30953
0.30963
0.30973
0.30984
0.30994
0.31004
0.31014
0.31025
0.31035
0.31045
0.31055
0.31066
0.31076
0.31086
0.31096
0.31106
0.31117
0.31127
0.31137
0.31147
0.31158
0.31168
0.31178
0.31188
0.31199
0.31209
0.31219
0.31229
0.3124
0.3125
0.3126
0.3127
0.31281
0.31291
0.31301
0.31311
0.31322
0.31332
0.31342
0.31352
0.31362
0.31373
0.31383
0.31393
0.31403
0.31414
0.31424
0.31434
0.31444
0.31455
0.31465
0.31475
0.31485
0.31496
0.31506
0.31516
0.31526
0.31537
0.3152
0.31504
0.31488
0.31472
0.31456
0.3144
0.31424
0.31407
0.31391
0.31375
0.31359
0.31343
0.31327
0.3131
0.31294
0.31278
0.31262
0.31246
0.3123
0.31214
0.31197
0.31181
0.31165
0.31149
0.31133
0.31117
0.31101
0.31084
0.31068
0.31052
0.31036
0.3102
0.31004
0.30988
0.30971
0.30955
0.30939
0.30923
0.30907
0.30891
0.30875
0.30858
0.30842
0.30826
0.3081
0.30794
0.30778
0.30762
0.30745
0.30729
0.30713
0.30697
0.30681
0.30665
0.30649
0.30632
0.30616
0.306
0.30584
0.30568
0.30592
0.30616
0.3064
0.30664
0.30688
0.30712
0.30735
0.30759
0.30783
0.30807
0.30831
0.30855
0.30879
0.30903
0.30927
0.30951
0.30975
0.30999
0.31023
0.31047
0.31071
0.31095
0.31119
0.31143
0.31167
0.31191
0.31215
0.31239
0.31263
0.31286
0.3131
0.31334
0.31358
0.31382
0.31406
0.3143
0.31454
0.31478
0.31502
0.31526
0.3155
0.31574
0.31598
0.31622
0.31646
0.3167
0.31694
0.31718
0.31742
0.31766
0.3179
0.31813
0.31837
0.31861
0.31885
0.31909
0.31933
0.31957
0.31981
0.32005
0.3201
0.32014
0.32019
0.32024
0.32028
0.32033
0.32038
0.32042
0.32047
0.32051
0.32056
0.32061
0.32065
0.3207
0.32075
0.32079
0.32084
0.32088
0.32093
0.32098
0.32102
0.32107
0.32112
0.32116
0.32121
0.32125
0.3213
0.32135
0.32139
0.32144
0.32149
0.32153
0.32158
0.32162
0.32167
0.32172
0.32176
0.32181
0.32186
0.3219
0.32195
0.32199
0.32204
0.32209
0.32213
0.32218
0.32223
0.32227
0.32232
0.32236
0.32241
0.32246
0.3225
0.32255
0.3226
0.32264
0.32269
0.32273
0.32278
0.32283
0.32239
0.32196
0.32153
0.3211
0.32067
0.32023
0.3198
0.31937
0.31894
0.3185
0.31807
0.31764
0.31721
0.31678
0.31634
0.31591
0.31548
0.31505
0.31461
0.31418
0.31375
0.31332
0.31288
0.31245
0.31202
0.31159
0.31116
0.31072
0.31029
0.30986
0.30943
0.30899
0.30856
0.30813
0.3077
0.30726
0.30683
0.3064
0.30597
0.30554
0.3051
0.30467
0.30424
0.30381
0.30337
0.30294
0.30251
0.30208
0.30165
0.30121
0.30078
0.30035
0.29992
0.29948
0.29905
0.29862
0.29819
0.29775
0.29732
0.29689
0.29694
0.297
0.29705
0.2971
0.29715
0.29721
0.29726
0.29731
0.29736
0.29742
0.29747
0.29752
0.29757
0.29763
0.29768
0.29773
0.29779
0.29784
0.29789
0.29794
0.298
0.29805
0.2981
0.29815
0.29821
0.29826
0.29831
0.29837
0.29842
0.29847
0.29852
0.29858
0.29863
0.29868
0.29873
0.29879
0.29884
0.29889
0.29894
0.299
0.29905
0.2991
0.29916
0.29921
0.29926
0.29931
0.29937
0.29942
0.29947
0.29952
0.29958
0.29963
0.29968
0.29974
0.29979
0.29984
0.29989
0.29995
0.3
0.30005
0.30024
0.30043
0.30061
0.3008
0.30099
0.30118
0.30136
0.30155
0.30174
0.30193
0.30211
0.3023
0.30249
0.30268
0.30286
0.30305
0.30324
0.30343
0.30361
0.3038
0.30399
0.30418
0.30436
0.30455
0.30474
0.30493
0.30511
0.3053
0.30549
0.30568
0.30586
0.30605
0.30624
0.30643
0.30661
0.3068
0.30699
0.30718
0.30736
0.30755
0.30774
0.30793
0.30811
0.3083
0.30849
0.30868
0.30887
0.30905
0.30924
0.30943
0.30962
0.3098
0.30999
0.31018
0.31037
0.31055
0.31074
0.31093
0.31112
0.3113
0.31142
0.31154
0.31166
0.31177
0.31189
0.31201
0.31213
0.31225
0.31236
0.31248
0.3126
0.31272
0.31283
0.31295
0.31307
0.31319
0.31331
0.31342
0.31354
0.31366
0.31378
0.31389
0.31401
0.31413
0.31425
0.31437
0.31448
0.3146
0.31472
0.31484
0.31495
0.31507
0.31519
0.31531
0.31543
0.31554
0.31566
0.31578
0.3159
0.31601
0.31613
0.31625
0.31637
0.31649
0.3166
0.31672
0.31684
0.31696
0.31707
0.31719
0.31731
0.31743
0.31755
0.31766
0.31778
0.3179
0.31802
0.31813
0.31825
0.31837
0.31827
0.31816
0.31806
0.31796
0.31785
0.31775
0.31765
0.31755
0.31744
0.31734
0.31724
0.31713
0.31703
0.31693
0.31683
0.31672
0.31662
0.31652
0.31641
0.31631
0.31621
0.3161
0.316
0.3159
0.3158
0.31569
0.31559
0.31549
0.31538
0.31528
0.31518
0.31507
0.31497
0.31487
0.31477
0.31466
0.31456
0.31446
0.31435
0.31425
0.31415
0.31405
0.31394
0.31384
0.31374
0.31363
0.31353
0.31343
0.31332
0.31322
0.31312
0.31302
0.31291
0.31281
0.31271
0.3126
0.3125
0.3124
0.31229
0.31219
0.31216
0.31212
0.31208
0.31205
0.31201
0.31197
0.31194
0.3119
0.31186
0.31183
0.31179
0.31175
0.31172
0.31168
0.31165
0.31161
0.31157
0.31154
0.3115
0.31146
0.31143
0.31139
0.31135
0.31132
0.31128
0.31125
0.31121
0.31117
0.31114
0.3111
0.31106
0.31103
0.31099
0.31095
0.31092
0.31088
0.31084
0.31081
0.31077
0.31074
0.3107
0.31066
0.31063
0.31059
0.31055
0.31052
0.31048
0.31044
0.31041
0.31037
0.31033
0.3103
0.31026
0.31023
0.31019
0.31015
0.31012
0.31008
0.31004
0.31001
0.30989
0.30976
0.30964
0.30952
0.3094
0.30927
0.30915
0.30903
0.30891
0.30879
0.30866
0.30854
0.30842
0.3083
0.30817
0.30805
0.30793
0.30781
0.30769
0.30756
0.30744
0.30732
0.3072
0.30707
0.30695
0.30683
0.30671
0.30659
0.30646
0.30634
0.30622
0.3061
0.30597
0.30585
0.30573
0.30561
0.30549
0.30536
0.30524
0.30512
0.305
0.30487
0.30475
0.30463
0.30451
0.30439
0.30426
0.30414
0.30402
0.3039
0.30377
0.30365
0.30353
0.30341
0.30329
0.30316
0.30304
0.30292
0.3028
0.30267
0.30266
0.30264
0.30262
0.30261
0.30259
0.30257
0.30256
0.30254
0.30252
0.3025
0.30249
0.30247
0.30245
0.30244
0.30242
0.3024
0.30239
0.30237
0.30235
0.30233
0.30232
0.3023
0.30228
0.30227
0.30225
0.30223
0.30222
0.3022
0.30218
0.30216
0.30215
0.30213
0.30211
0.3021
0.30208
0.30206
0.30204
0.30203
0.30201
0.30199
0.30198
0.30196
0.30194
0.30193
0.30191
0.30189
0.30187
0.30186
0.30184
0.30182
0.30181
0.30179
0.30177
0.30176
0.30174
0.30172
0.3017
0.30169
0.30167
0.30165
0.30172
0.30178
0.30185
0.30191
0.30198
0.30204
0.30211
0.30217
0.30224
0.3023
0.30237
0.30243
0.30249
0.30256
0.30262
0.30269
0.30275
0.30282
0.30288
0.30295
0.30301
0.30308
0.30314
0.30321
0.30327
0.30334
0.3034
0.30347
0.30353
0.30359
0.30366
0.30372
0.30379
0.30385
0.30392
0.30398
0.30405
0.30411
0.30418
0.30424
0.30431
0.30437
0.30444
0.3045
0.30457
0.30463
0.30469
0.30476
0.30482
0.30489
0.30495
0.30502
0.30508
0.30515
0.30521
0.30528
0.30534
0.30541
0.30547
0.30554
0.30563
0.30572
0.30581
0.30591
0.306
0.30609
0.30618
0.30628
0.30637
0.30646
0.30655
0.30664
0.30674
0.30683
0.30692
0.30701
0.30711
0.3072
0.30729
0.30738
0.30748
0.30757
0.30766
0.30775
0.30785
0.30794
0.30803
0.30812
0.30822
0.30831
0.3084
0.30849
0.30858
0.30868
0.30877
0.30886
0.30895
0.30905
0.30914
0.30923
0.30932
0.30942
0.30951
0.3096
0.30969
0.30979
0.30988
0.30997
0.31006
0.31016
0.31025
0.31034
0.31043
0.31053
0.31062
0.31071
0.3108
0.31089
0.31099
0.31108
0.31092
0.31077
0.31061
0.31046
0.3103
0.31014
0.30999
0.30983
0.30968
0.30952
0.30937
0.30921
0.30905
0.3089
0.30874
0.30859
0.30843
0.30828
0.30812
0.30796
0.30781
0.30765
0.3075
0.30734
0.30718
0.30703
0.30687
0.30672
0.30656
0.30641
0.30625
0.30609
0.30594
0.30578
0.30563
0.30547
0.30532
0.30516
0.305
0.30485
0.30469
0.30454
0.30438
0.30423
0.30407
0.30391
0.30376
0.3036
0.30345
0.30329
0.30313
0.30298
0.30282
0.30267
0.30251
0.30236
0.3022
0.30204
0.30189
0.30173
0.30163
0.30152
0.30142
0.30131
0.30121
0.3011
0.301
0.30089
0.30079
0.30068
0.30058
0.30047
0.30037
0.30026
0.30015
0.30005
0.29994
0.29984
0.29973
0.29963
0.29952
0.29942
0.29931
0.29921
0.2991
0.299
0.29889
0.29879
0.29868
0.29858
0.29847
0.29837
0.29826
0.29816
0.29805
0.29795
0.29784
0.29774
0.29763
0.29753
0.29742
0.29731
0.29721
0.2971
0.297
0.29689
0.29679
0.29668
0.29658
0.29647
0.29637
0.29626
0.29616
0.29605
0.29595
0.29584
0.29574
0.29563
0.29553
0.29542
0.29523
0.29503
0.29484
0.29465
0.29445
0.29426
0.29407
0.29387
0.29368
0.29349
0.29329
0.2931
0.29291
0.29271
0.29252
0.29233
0.29213
0.29194
0.29175
0.29155
0.29136
0.29117
0.29097
0.29078
0.29059
0.29039
0.2902
0.29001
0.28981
0.28962
0.28943
0.28923
0.28904
0.28885
0.28865
0.28846
0.28827
0.28807
0.28788
0.28769
0.28749
0.2873
0.28711
0.28691
0.28672
0.28653
0.28633
0.28614
0.28595
0.28575
0.28556
0.28537
0.28517
0.28498
0.28479
0.28459
0.2844
0.28421
0.28401
0.28382
0.28319
0.28256
0.28194
0.28131
0.28068
0.28005
0.27942
0.27879
0.27816
0.27754
0.27691
0.27628
0.27565
0.27502
0.27439
0.27377
0.27314
0.27251
0.27188
0.27125
0.27062
0.27
0.26937
0.26874
0.26811
0.26748
0.26685
0.26623
0.2656
0.26497
0.26434
0.26371
0.26308
0.26246
0.26183
0.2612
0.26057
0.25994
0.25931
0.25869
0.25806
0.25743
0.2568
0.25617
0.25554
0.25492
0.25429
0.25366
0.25303
0.2524
0.25177
0.25115
0.25052
0.24989
0.24926
0.24863
0.248
0.24737
0.24675
0.24612
0.24605
0.24598
0.24592
0.24585
0.24578
0.24571
0.24564
0.24558
0.24551
0.24544
0.24537
0.24531
0.24524
0.24517
0.2451
0.24504
0.24497
0.2449
0.24483
0.24476
0.2447
0.24463
0.24456
0.24449
0.24443
0.24436
0.24429
0.24422
0.24416
0.24409
0.24402
0.24395
0.24388
0.24382
0.24375
0.24368
0.24361
0.24355
0.24348
0.24341
0.24334
0.24328
0.24321
0.24314
0.24307
0.24301
0.24294
0.24287
0.2428
0.24273
0.24267
0.2426
0.24253
0.24246
0.2424
0.24233
0.24226
0.24219
0.24213
0.24206
0.24162
0.24118
0.24074
0.2403
0.23986
0.23942
0.23898
0.23854
0.2381
0.23766
0.23722
0.23678
0.23634
0.2359
0.23546
0.23502
0.23458
0.23414
0.2337
0.23326
0.23282
0.23238
0.23194
0.2315
0.23106
0.23062
0.23018
0.22974
0.2293
0.22886
0.22843
0.22799
0.22755
0.22711
0.22667
0.22623
0.22579
0.22535
0.22491
0.22447
0.22403
0.22359
0.22315
0.22271
0.22227
0.22183
0.22139
0.22095
0.22051
0.22007
0.21963
0.21919
0.21875
0.21831
0.21787
0.21743
0.21699
0.21655
0.21611
0.21567
0.21517
0.21468
0.21418
0.21368
0.21319
0.21269
0.21219
0.21169
0.2112
0.2107
0.2102
0.20971
0.20921
0.20871
0.20822
0.20772
0.20722
0.20672
0.20623
0.20573
0.20523
0.20474
0.20424
0.20374
0.20324
0.20275
0.20225
0.20175
0.20126
0.20076
0.20026
0.19976
0.19927
0.19877
0.19827
0.19778
0.19728
0.19678
0.19628
0.19579
0.19529
0.19479
0.1943
0.1938
0.1933
0.1928
0.19231
0.19181
0.19131
0.19082
0.19032
0.18982
0.18932
0.18883
0.18833
0.18783
0.18734
0.18684
0.18634
0.18584
0.1862
0.18656
0.18692
0.18727
0.18763
0.18799
0.18835
0.1887
0.18906
0.18942
0.18978
0.19013
0.19049
0.19085
0.1912
0.19156
0.19192
0.19228
0.19263
0.19299
0.19335
0.19371
0.19406
0.19442
0.19478
0.19514
0.19549
0.19585
0.19621
0.19656
0.19692
0.19728
0.19764
0.19799
0.19835
0.19871
0.19907
0.19942
0.19978
0.20014
0.2005
0.20085
0.20121
0.20157
0.20192
0.20228
0.20264
0.203
0.20335
0.20371
0.20407
0.20443
0.20478
0.20514
0.2055
0.20586
0.20621
0.20657
0.20693
0.20728
0.2065
0.20572
0.20494
0.20416
0.20338
0.2026
0.20182
0.20104
0.20026
0.19948
0.1987
0.19792
0.19714
0.19636
0.19558
0.1948
0.19402
0.19324
0.19246
0.19168
0.1909
0.19012
0.18933
0.18855
0.18777
0.18699
0.18621
0.18543
0.18465
0.18387
0.18309
0.18231
0.18153
0.18075
0.17997
0.17919
0.17841
0.17763
0.17685
0.17607
0.17529
0.17451
0.17373
0.17295
0.17217
0.17138
0.1706
0.16982
0.16904
0.16826
0.16748
0.1667
0.16592
0.16514
0.16436
0.16358
0.1628
0.16202
0.16124
0.16046
0.15997
0.15947
0.15898
0.15849
0.158
0.15751
0.15701
0.15652
0.15603
0.15554
0.15504
0.15455
0.15406
0.15357
0.15308
0.15258
0.15209
0.1516
0.15111
0.15061
0.15012
0.14963
0.14914
0.14865
0.14815
0.14766
0.14717
0.14668
0.14618
0.14569
0.1452
0.14471
0.14422
0.14372
0.14323
0.14274
0.14225
0.14175
0.14126
0.14077
0.14028
0.13979
0.13929
0.1388
0.13831
0.13782
0.13732
0.13683
0.13634
0.13585
0.13536
0.13486
0.13437
0.13388
0.13339
0.13289
0.1324
0.13191
0.13142
0.13093
0.13034
0.12975
0.12916
0.12858
0.12799
0.1274
0.12681
0.12623
0.12564
0.12505
0.12447
0.12388
0.12329
0.1227
0.12212
0.12153
0.12094
0.12036
0.11977
0.11918
0.11859
0.11801
0.11742
0.11683
0.11624
0.11566
0.11507
0.11448
0.1139
0.11331
0.11272
0.11213
0.11155
0.11096
0.11037
0.10978
0.1092
0.10861
0.10802
0.10744
0.10685
0.10626
0.10567
0.10509
0.1045
0.10391
0.10333
0.10274
0.10215
0.10156
0.10098
0.10039
0.099802
0.099215
0.098627
0.09804
0.097453
0.096866
0.096278
0.095691
0.095285
0.094878
0.094471
0.094065
0.093658
0.093251
0.092845
0.092438
0.092032
0.091625
0.091218
0.090812
0.090405
0.089998
0.089592
0.089185
0.088779
0.088372
0.087965
0.087559
0.087152
0.086746
0.086339
0.085932
0.085526
0.085119
0.084712
0.084306
0.083899
0.083493
0.083086
0.082679
0.082273
0.081866
0.08146
0.081053
0.080646
0.08024
0.079833
0.079426
0.07902
0.078613
0.078207
0.0778
0.077393
0.076987
0.07658
0.076174
0.075767
0.07536
0.074954
0.074547
0.07414
0.073734
0.073327
0.072921
0.072514
0.072107
0.071701
0.071294
0.071206
0.071117
0.071029
0.07094
0.070851
0.070763
0.070674
0.070586
0.070497
0.070409
0.07032
0.070232
0.070143
0.070055
0.069966
0.069878
0.069789
0.069701
0.069612
0.069524
0.069435
0.069347
0.069258
0.06917
0.069081
0.068993
0.068904
0.068816
0.068727
0.068639
0.06855
0.068461
0.068373
0.068284
0.068196
0.068107
0.068019
0.06793
0.067842
0.067753
0.067665
0.067576
0.067488
0.067399
0.067311
0.067222
0.067134
0.067045
0.066957
0.066868
0.06678
0.066691
0.066603
0.066514
0.066426
0.066337
0.066249
0.06616
0.066071
0.065983
0.06627
0.066558
0.066846
0.067133
0.067421
0.067708
0.067996
0.068283
0.068571
0.068858
0.069146
0.069433
0.069721
0.070008
0.070296
0.070583
0.070871
0.071158
0.071446
0.071733
0.072021
0.072308
0.072596
0.072883
0.073171
0.073458
0.073746
0.074033
0.074321
0.074609
0.074896
0.075184
0.075471
0.075759
0.076046
0.076334
0.076621
0.076909
0.077196
0.077484
0.077771
0.078059
0.078346
0.078634
0.078921
0.079209
0.079496
0.079784
0.080071
0.080359
0.080646
0.080934
0.081221
0.081509
0.081796
0.082084
0.082372
0.082659
0.082947
0.083234
0.083571
0.083909
0.084246
0.084583
0.084921
0.085258
0.085595
0.085933
0.08627
0.086608
0.086945
0.087282
0.08762
0.087957
0.088294
0.088632
0.088969
0.089306
0.089644
0.089981
0.090318
0.090656
0.090993
0.09133
0.091668
0.092005
0.092342
0.09268
0.093017
0.093354
0.093692
0.094029
0.094366
0.094704
0.095041
0.095379
0.095716
0.096053
0.096391
0.096728
0.097065
0.097403
0.09774
0.098077
0.098415
0.098752
0.099089
0.099427
0.099764
0.1001
0.10044
0.10078
0.10111
0.10145
0.10179
0.10213
0.10246
0.1028
0.10314
0.10347
0.10395
0.10443
0.1049
0.10538
0.10585
0.10633
0.10681
0.10728
0.10776
0.10823
0.10871
0.10919
0.10966
0.11014
0.11061
0.11109
0.11157
0.11204
0.11252
0.11299
0.11347
0.11395
0.11442
0.1149
0.11537
0.11585
0.11633
0.1168
0.11728
0.11775
0.11823
0.11871
0.11918
0.11966
0.12013
0.12061
0.12108
0.12156
0.12204
0.12251
0.12299
0.12346
0.12394
0.12442
0.12489
0.12537
0.12584
0.12632
0.1268
0.12727
0.12775
0.12822
0.1287
0.12918
0.12965
0.13013
0.1306
0.13108
0.13156
0.13203
0.13165
0.13126
0.13088
0.1305
0.13011
0.12973
0.12934
0.12896
0.12857
0.12819
0.12781
0.12742
0.12704
0.12665
0.12627
0.12589
0.1255
0.12512
0.12473
0.12435
0.12397
0.12358
0.1232
0.12281
0.12243
0.12205
0.12166
0.12128
0.12089
0.12051
0.12012
0.11974
0.11936
0.11897
0.11859
0.1182
0.11782
0.11744
0.11705
0.11667
0.11628
0.1159
0.11552
0.11513
0.11475
0.11436
0.11398
0.11359
0.11321
0.11283
0.11244
0.11206
0.11167
0.11129
0.11091
0.11052
0.11014
0.10975
0.10937
0.10899
0.11026
0.11153
0.1128
0.11407
0.11535
0.11662
0.11789
0.11916
0.12043
0.12171
0.12298
0.12425
0.12552
0.12679
0.12807
0.12934
0.13061
0.13188
0.13315
0.13443
0.1357
0.13697
0.13824
0.13951
0.14079
0.14206
0.14333
0.1446
0.14587
0.14715
0.14842
0.14969
0.15096
0.15223
0.15351
0.15478
0.15605
0.15732
0.15859
0.15987
0.16114
0.16241
0.16368
0.16496
0.16623
0.1675
0.16877
0.17004
0.17132
0.17259
0.17386
0.17513
0.1764
0.17768
0.17895
0.18022
0.18149
0.18276
0.18404
0.18531
0.1857
0.18609
0.18648
0.18688
0.18727
0.18766
0.18805
0.18845
0.18884
0.18923
0.18962
0.19001
0.19041
0.1908
0.19119
0.19158
0.19198
0.19237
0.19276
0.19315
0.19354
0.19394
0.19433
0.19472
0.19511
0.19551
0.1959
0.19629
0.19668
0.19707
0.19747
0.19786
0.19825
0.19864
0.19904
0.19943
0.19982
0.20021
0.2006
0.201
0.20139
0.20178
0.20217
0.20257
0.20296
0.20335
0.20374
0.20414
0.20453
0.20492
0.20531
0.2057
0.2061
0.20649
0.20688
0.20727
0.20767
0.20806
0.20845
0.20884
0.20935
0.20986
0.21037
0.21088
0.2114
0.21191
0.21242
0.21293
0.21344
0.21395
0.21446
0.21497
0.21548
0.21599
0.2165
0.21701
0.21752
0.21803
0.21854
0.21905
0.21957
0.22008
0.22059
0.2211
0.22161
0.22212
0.22263
0.22314
0.22365
0.22416
0.22467
0.22518
0.22569
0.2262
0.22671
0.22722
0.22774
0.22825
0.22876
0.22927
0.22978
0.23029
0.2308
0.23131
0.23182
0.23233
0.23284
0.23335
0.23386
0.23437
0.23488
0.23539
0.23591
0.23642
0.23693
0.23744
0.23795
0.23846
0.23897
0.23948
0.23967
0.23985
0.24004
0.24023
0.24042
0.2406
0.24079
0.24098
0.24116
0.24135
0.24154
0.24172
0.24191
0.2421
0.24229
0.24247
0.24266
0.24285
0.24303
0.24322
0.24341
0.2436
0.24378
0.24397
0.24416
0.24434
0.24453
0.24472
0.24491
0.24509
0.24528
0.24547
0.24565
0.24584
0.24603
0.24622
0.2464
0.24659
0.24678
0.24696
0.24715
0.24734
0.24752
0.24771
0.2479
0.24809
0.24827
0.24846
0.24865
0.24883
0.24902
0.24921
0.2494
0.24958
0.24977
0.24996
0.25014
0.25033
0.25052
0.25071
0.25093
0.25116
0.25138
0.25161
0.25184
0.25206
0.25229
0.25252
0.25274
0.25297
0.25319
0.25342
0.25365
0.25387
0.2541
0.25432
0.25455
0.25478
0.255
0.25523
0.25546
0.25568
0.25591
0.25613
0.25636
0.25659
0.25681
0.25704
0.25727
0.25749
0.25772
0.25794
0.25817
0.2584
0.25862
0.25885
0.25908
0.2593
0.25953
0.25975
0.25998
0.26021
0.26043
0.26066
0.26088
0.26111
0.26134
0.26156
0.26179
0.26202
0.26224
0.26247
0.26269
0.26292
0.26315
0.26337
0.2636
0.26383
0.26405
0.26428
0.26437
0.26445
0.26454
0.26463
0.26472
0.26481
0.2649
0.26499
0.26507
0.26516
0.26525
0.26534
0.26543
0.26552
0.2656
0.26569
0.26578
0.26587
0.26596
0.26605
0.26613
0.26622
0.26631
0.2664
0.26649
0.26658
0.26666
0.26675
0.26684
0.26693
0.26702
0.26711
0.2672
0.26728
0.26737
0.26746
0.26755
0.26764
0.26773
0.26781
0.2679
0.26799
0.26808
0.26817
0.26826
0.26834
0.26843
0.26852
0.26861
0.2687
0.26879
0.26887
0.26896
0.26905
0.26914
0.26923
0.26932
0.2694
0.26949
0.26958
0.26979
0.27
0.27021
0.27041
0.27062
0.27083
0.27104
0.27124
0.27145
0.27166
0.27187
0.27208
0.27228
0.27249
0.2727
0.27291
0.27311
0.27332
0.27353
0.27374
0.27395
0.27415
0.27436
0.27457
0.27478
0.27499
0.27519
0.2754
0.27561
0.27582
0.27602
0.27623
0.27644
0.27665
0.27686
0.27706
0.27727
0.27748
0.27769
0.2779
0.2781
0.27831
0.27852
0.27873
0.27893
0.27914
0.27935
0.27956
0.27977
0.27997
0.28018
0.28039
0.2806
0.2808
0.28101
0.28122
0.28143
0.28164
0.28184
0.28205
0.28043
0.27881
0.27719
0.27556
0.27394
0.27232
0.2707
0.26908
0.26746
0.26583
0.26421
0.26259
0.26097
0.25935
0.25773
0.2561
0.25448
0.25286
0.25124
0.24962
0.248
0.24637
0.24475
0.24313
0.24151
0.23989
0.23827
0.23664
0.23502
0.2334
0.23178
0.23016
0.22854
0.22691
0.22529
0.22367
0.22205
0.22043
0.21881
0.21718
0.21556
0.21394
0.21232
0.2107
0.20908
0.20745
0.20583
0.20421
0.20259
0.20097
0.19935
0.19772
0.1961
0.19448
0.19286
0.19124
0.18961
0.18799
0.18637
0.18475
0.18503
0.18531
0.18558
0.18586
0.18614
0.18642
0.18669
0.18697
0.18725
0.18753
0.18781
0.18808
0.18836
0.18864
0.18892
0.1892
0.18947
0.18975
0.19003
0.19031
0.19058
0.19086
0.19114
0.19142
0.1917
0.19197
0.19225
0.19253
0.19281
0.19309
0.19336
0.19364
0.19392
0.1942
0.19447
0.19475
0.19503
0.19531
0.19559
0.19586
0.19614
0.19642
0.1967
0.19698
0.19725
0.19753
0.19781
0.19809
0.19836
0.19864
0.19892
0.1992
0.19948
0.19975
0.20003
0.20031
0.20059
0.20087
0.20114
0.20142
0.20155
0.20168
0.20181
0.20194
0.20207
0.20219
0.20232
0.20245
0.20258
0.20271
0.20284
0.20297
0.2031
0.20322
0.20335
0.20348
0.20361
0.20374
0.20387
0.204
0.20413
0.20426
0.20438
0.20451
0.20464
0.20477
0.2049
0.20503
0.20516
0.20529
0.20542
0.20554
0.20567
0.2058
0.20593
0.20606
0.20619
0.20632
0.20645
0.20657
0.2067
0.20683
0.20696
0.20709
0.20722
0.20735
0.20748
0.20761
0.20773
0.20786
0.20799
0.20812
0.20825
0.20838
0.20851
0.20864
0.20876
0.20889
0.20902
0.20915
0.20921
0.20928
0.20934
0.2094
0.20946
0.20952
0.20959
0.20965
0.20971
0.20977
0.20983
0.2099
0.20996
0.21002
0.21008
0.21014
0.21021
0.21027
0.21033
0.21039
0.21045
0.21052
0.21058
0.21064
0.2107
0.21076
0.21083
0.21089
0.21095
0.21101
0.21107
0.21114
0.2112
0.21126
0.21132
0.21138
0.21145
0.21151
0.21157
0.21163
0.21169
0.21176
0.21182
0.21188
0.21194
0.212
0.21207
0.21213
0.21219
0.21225
0.21231
0.21238
0.21244
0.2125
0.21256
0.21262
0.21269
0.21275
0.21281
0.21287
0.21222
0.21157
0.21093
0.21028
0.20963
0.20898
0.20833
0.20768
0.20703
0.20638
0.20573
0.20509
0.20444
0.20379
0.20314
0.20249
0.20184
0.20119
0.20054
0.19989
0.19925
0.1986
0.19795
0.1973
0.19665
0.196
0.19535
0.1947
0.19405
0.19341
0.19276
0.19211
0.19146
0.19081
0.19016
0.18951
0.18886
0.18821
0.18757
0.18692
0.18627
0.18562
0.18497
0.18432
0.18367
0.18302
0.18237
0.18173
0.18108
0.18043
0.17978
0.17913
0.17848
0.17783
0.17718
0.17653
0.17589
0.17524
0.17459
0.17394
0.17406
0.17419
0.17431
0.17444
0.17456
0.17469
0.17481
0.17494
0.17506
0.17519
0.17531
0.17544
0.17556
0.17569
0.17581
0.17594
0.17606
0.17619
0.17631
0.17644
0.17656
0.17669
0.17681
0.17694
0.17706
0.17719
0.17731
0.17744
0.17756
0.17769
0.17781
0.17793
0.17806
0.17818
0.17831
0.17843
0.17856
0.17868
0.17881
0.17893
0.17906
0.17918
0.17931
0.17943
0.17956
0.17968
0.17981
0.17993
0.18006
0.18018
0.18031
0.18043
0.18056
0.18068
0.18081
0.18093
0.18106
0.18118
0.18131
0.18143
0.18149
0.18156
0.18162
0.18168
0.18174
0.18181
0.18187
0.18193
0.18199
0.18205
0.18212
0.18218
0.18224
0.1823
0.18237
0.18243
0.18249
0.18255
0.18261
0.18268
0.18274
0.1828
0.18286
0.18293
0.18299
0.18305
0.18311
0.18318
0.18324
0.1833
0.18336
0.18342
0.18349
0.18355
0.18361
0.18367
0.18374
0.1838
0.18386
0.18392
0.18398
0.18405
0.18411
0.18417
0.18423
0.1843
0.18436
0.18442
0.18448
0.18454
0.18461
0.18467
0.18473
0.18479
0.18486
0.18492
0.18498
0.18504
0.18511
0.18517
0.18455
0.18393
0.1833
0.18268
0.18206
0.18144
0.18082
0.1802
0.17958
0.17896
0.17834
0.17771
0.17709
0.17647
0.17585
0.17523
0.17461
0.17399
0.17337
0.17275
0.17213
0.1715
0.17088
0.17026
0.16964
0.16902
0.1684
0.16778
0.16716
0.16654
0.16591
0.16529
0.16467
0.16405
0.16343
0.16281
0.16219
0.16157
0.16095
0.16033
0.1597
0.15908
0.15846
0.15784
0.15722
0.1566
0.15598
0.15536
0.15474
0.15412
0.15349
0.15287
0.15225
0.15163
0.15101
0.15039
0.14977
0.14915
0.14853
0.1479
0.14809
0.14827
0.14845
0.14863
0.14881
0.14899
0.14918
0.14936
0.14954
0.14972
0.1499
0.15009
0.15027
0.15045
0.15063
0.15081
0.15099
0.15118
0.15136
0.15154
0.15172
0.1519
0.15208
0.15227
0.15245
0.15263
0.15281
0.15299
0.15318
0.15336
0.15354
0.15372
0.1539
0.15408
0.15427
0.15445
0.15463
0.15481
0.15499
0.15517
0.15536
0.15554
0.15572
0.1559
0.15608
0.15626
0.15645
0.15663
0.15681
0.15699
0.15717
0.15736
0.15754
0.15772
0.1579
0.15808
0.15826
0.15845
0.15863
0.15881
0.15879
0.15877
0.15876
0.15874
0.15872
0.1587
0.15869
0.15867
0.15865
0.15863
0.15862
0.1586
0.15858
0.15856
0.15855
0.15853
0.15851
0.15849
0.15848
0.15846
0.15844
0.15842
0.15841
0.15839
0.15837
0.15836
0.15834
0.15832
0.1583
0.15829
0.15827
0.15825
0.15823
0.15822
0.1582
0.15818
0.15816
0.15815
0.15813
0.15811
0.15809
0.15808
0.15806
0.15804
0.15802
0.15801
0.15799
0.15797
0.15795
0.15794
0.15792
0.1579
0.15788
0.15787
0.15785
0.15783
0.15781
0.1578
0.15778
0.15776
0.15746
0.15716
0.15687
0.15657
0.15627
0.15597
0.15567
0.15538
0.15508
0.15478
0.15448
0.15418
0.15388
0.15359
0.15329
0.15299
0.15269
0.15239
0.1521
0.1518
0.1515
0.1512
0.1509
0.1506
0.15031
0.15001
0.14971
0.14941
0.14911
0.14882
0.14852
0.14822
0.14792
0.14762
0.14732
0.14703
0.14673
0.14643
0.14613
0.14583
0.14553
0.14524
0.14494
0.14464
0.14434
0.14404
0.14375
0.14345
0.14315
0.14285
0.14255
0.14225
0.14196
0.14166
0.14136
0.14106
0.14076
0.14047
0.14017
0.13987
0.13994
0.14002
0.1401
0.14017
0.14025
0.14032
0.1404
0.14048
0.14055
0.14063
0.14071
0.14078
0.14086
0.14093
0.14101
0.14109
0.14116
0.14124
0.14131
0.14139
0.14147
0.14154
0.14162
0.14169
0.14177
0.14185
0.14192
0.142
0.14207
0.14215
0.14223
0.1423
0.14238
0.14245
0.14253
0.14261
0.14268
0.14276
0.14283
0.14291
0.14299
0.14306
0.14314
0.14321
0.14329
0.14337
0.14344
0.14352
0.14359
0.14367
0.14375
0.14382
0.1439
0.14397
0.14405
0.14413
0.1442
0.14428
0.14435
0.14443
0.14447
0.14451
0.14455
0.14459
0.14463
0.14467
0.14471
0.14475
0.14479
0.14483
0.14488
0.14492
0.14496
0.145
0.14504
0.14508
0.14512
0.14516
0.1452
0.14524
0.14528
0.14532
0.14536
0.1454
0.14544
0.14548
0.14552
0.14556
0.1456
0.14564
0.14568
0.14572
0.14576
0.14581
0.14585
0.14589
0.14593
0.14597
0.14601
0.14605
0.14609
0.14613
0.14617
0.14621
0.14625
0.14629
0.14633
0.14637
0.14641
0.14645
0.14649
0.14653
0.14657
0.14661
0.14665
0.14669
0.14674
0.14678
0.14682
0.14686
0.14714
0.14742
0.14771
0.14799
0.14828
0.14856
0.14885
0.14913
0.14941
0.1497
0.14998
0.15027
0.15055
0.15083
0.15112
0.1514
0.15169
0.15197
0.15225
0.15254
0.15282
0.15311
0.15339
0.15367
0.15396
0.15424
0.15453
0.15481
0.15509
0.15538
0.15566
0.15595
0.15623
0.15652
0.1568
0.15708
0.15737
0.15765
0.15794
0.15822
0.1585
0.15879
0.15907
0.15936
0.15964
0.15992
0.16021
0.16049
0.16078
0.16106
0.16134
0.16163
0.16191
0.1622
0.16248
0.16277
0.16305
0.16333
0.16362
0.1639
0.16397
0.16403
0.1641
0.16416
0.16423
0.16429
0.16436
0.16442
0.16449
0.16455
0.16462
0.16468
0.16474
0.16481
0.16487
0.16494
0.165
0.16507
0.16513
0.1652
0.16526
0.16533
0.16539
0.16546
0.16552
0.16559
0.16565
0.16572
0.16578
0.16585
0.16591
0.16598
0.16604
0.16611
0.16617
0.16624
0.1663
0.16637
0.16643
0.1665
0.16656
0.16663
0.16669
0.16676
0.16682
0.16689
0.16695
0.16702
0.16708
0.16714
0.16721
0.16727
0.16734
0.1674
0.16747
0.16753
0.1676
0.16766
0.16773
0.16779
0.16799
0.16818
0.16838
0.16857
0.16876
0.16896
0.16915
0.16935
0.16954
0.16974
0.16993
0.17012
0.17032
0.17051
0.17071
0.1709
0.1711
0.17129
0.17148
0.17168
0.17187
0.17207
0.17226
0.17246
0.17265
0.17284
0.17304
0.17323
0.17343
0.17362
0.17382
0.17401
0.1742
0.1744
0.17459
0.17479
0.17498
0.17518
0.17537
0.17556
0.17576
0.17595
0.17615
0.17634
0.17654
0.17673
0.17692
0.17712
0.17731
0.17751
0.1777
0.1779
0.17809
0.17828
0.17848
0.17867
0.17887
0.17906
0.17926
0.17945
0.18104
0.18264
0.18423
0.18583
0.18742
0.18901
0.19061
0.1922
0.19379
0.19539
0.19698
0.19857
0.20017
0.20176
0.20336
0.20495
0.20654
0.20814
0.20973
0.21132
0.21292
0.21451
0.21611
0.2177
0.21929
0.22089
0.22248
0.22407
0.22567
0.22726
0.22886
0.23045
0.23204
0.23364
0.23523
0.23682
0.23842
0.24001
0.24161
0.2432
0.24479
0.24639
0.24798
0.24957
0.25117
0.25276
0.25435
0.25595
0.25754
0.25914
0.26073
0.26232
0.26392
0.26551
0.2671
0.2687
0.27029
0.27189
0.27348
0.27507
0.27536
0.27565
0.27594
0.27623
0.27651
0.2768
0.27709
0.27738
0.27767
0.27796
0.27824
0.27853
0.27882
0.27911
0.2794
0.27969
0.27997
0.28026
0.28055
0.28084
0.28113
0.28142
0.2817
0.28199
0.28228
0.28257
0.28286
0.28315
0.28343
0.28372
0.28401
0.2843
0.28459
0.28487
0.28516
0.28545
0.28574
0.28603
0.28632
0.2866
0.28689
0.28718
0.28747
0.28776
0.28805
0.28833
0.28862
0.28891
0.2892
0.28949
0.28978
0.29006
0.29035
0.29064
0.29093
0.29122
0.29151
0.29179
0.29208
0.29237
0.29291
0.29345
0.29399
0.29452
0.29506
0.2956
0.29614
0.29668
0.29722
0.29775
0.29829
0.29883
0.29937
0.29991
0.30045
0.30098
0.30152
0.30206
0.3026
0.30314
0.30368
0.30422
0.30475
0.30529
0.30583
0.30637
0.30691
0.30745
0.30798
0.30852
0.30906
0.3096
0.31014
0.31068
0.31121
0.31175
0.31229
0.31283
0.31337
0.31391
0.31445
0.31498
0.31552
0.31606
0.3166
0.31714
0.31768
0.31821
0.31875
0.31929
0.31983
0.32037
0.32091
0.32144
0.32198
0.32252
0.32306
0.3236
0.32414
0.32467
0.32671
0.32874
0.33078
0.33281
0.33485
0.33688
0.33892
0.34095
0.34298
0.34502
0.34705
0.34909
0.35112
0.35316
0.35519
0.35722
0.35926
0.36129
0.36333
0.36536
0.3674
0.36943
0.37147
0.3735
0.37553
0.37757
0.3796
0.38164
0.38367
0.38571
0.38774
0.38977
0.39181
0.39384
0.39588
0.39791
0.39995
0.40198
0.40401
0.40605
0.40808
0.41012
0.41215
0.41419
0.41622
0.41826
0.42029
0.42232
0.42436
0.42639
0.42843
0.43046
0.4325
0.43453
0.43656
0.4386
0.44063
0.44267
0.4447
0.44674
0.44661
0.44648
0.44635
0.44622
0.44609
0.44596
0.44583
0.4457
0.44557
0.44544
0.44531
0.44518
0.44505
0.44492
0.44479
0.44466
0.44453
0.4444
0.44427
0.44414
0.44401
0.44388
0.44375
0.44362
0.44349
0.44336
0.44323
0.4431
0.44297
0.44284
0.44271
0.44258
0.44245
0.44232
0.44219
0.44206
0.44193
0.4418
0.44167
0.44154
0.44141
0.44128
0.44115
0.44102
0.44089
0.44076
0.44063
0.4405
0.44037
0.44024
0.44011
0.43998
0.43985
0.43972
0.43959
0.43946
0.43933
0.4392
0.43907
0.43894
0.43909
0.43924
0.43938
0.43953
0.43968
0.43983
0.43998
0.44013
0.44027
0.44042
0.44057
0.44072
0.44087
0.44101
0.44116
0.44131
0.44146
0.44161
0.44176
0.4419
0.44205
0.4422
0.44235
0.4425
0.44264
0.44279
0.44294
0.44309
0.44324
0.44339
0.44353
0.44368
0.44383
0.44398
0.44413
0.44428
0.44442
0.44457
0.44472
0.44487
0.44502
0.44516
0.44531
0.44546
0.44561
0.44576
0.44591
0.44605
0.4462
0.44635
0.4465
0.44665
0.44679
0.44694
0.44709
0.44724
0.44739
0.44754
0.44768
0.44783
0.44755
0.44728
0.447
0.44672
0.44644
0.44616
0.44589
0.44561
0.44533
0.44505
0.44477
0.4445
0.44422
0.44394
0.44366
0.44339
0.44311
0.44283
0.44255
0.44227
0.442
0.44172
0.44144
0.44116
0.44088
0.44061
0.44033
0.44005
0.43977
0.43949
0.43922
0.43894
0.43866
0.43838
0.4381
0.43783
0.43755
0.43727
0.43699
0.43671
0.43644
0.43616
0.43588
0.4356
0.43532
0.43505
0.43477
0.43449
0.43421
0.43393
0.43366
0.43338
0.4331
0.43282
0.43254
0.43227
0.43199
0.43171
0.43143
0.43116
0.43088
0.4306
0.43032
0.43005
0.42977
0.42949
0.42922
0.42894
0.42866
0.42838
0.42811
0.42783
0.42755
0.42727
0.427
0.42672
0.42644
0.42617
0.42589
0.42561
0.42533
0.42506
0.42478
0.4245
0.42423
0.42395
0.42367
0.42339
0.42312
0.42284
0.42256
0.42229
0.42201
0.42173
0.42145
0.42118
0.4209
0.42062
0.42035
0.42007
0.41979
0.41951
0.41924
0.41896
0.41868
0.41841
0.41813
0.41785
0.41757
0.4173
0.41702
0.41674
0.41647
0.41619
0.41591
0.41563
0.41536
0.41508
0.4148
0.41453
0.41525
0.41597
0.41669
0.41742
0.41814
0.41886
0.41958
0.42031
0.42103
0.42175
0.42248
0.4232
0.42392
0.42464
0.42537
0.42609
0.42681
0.42753
0.42826
0.42898
0.4297
0.43042
0.43115
0.43187
0.43259
0.43332
0.43404
0.43476
0.43548
0.43621
0.43693
0.43765
0.43837
0.4391
0.43982
0.44054
0.44126
0.44199
0.44271
0.44343
0.44416
0.44488
0.4456
0.44632
0.44705
0.44777
0.44849
0.44921
0.44994
0.45066
0.45138
0.4521
0.45283
0.45355
0.45427
0.455
0.45572
0.45644
0.45716
0.45789
0.45763
0.45737
0.45712
0.45686
0.45661
0.45635
0.4561
0.45584
0.45558
0.45533
0.45507
0.45482
0.45456
0.4543
0.45405
0.45379
0.45354
0.45328
0.45303
0.45277
0.45251
0.45226
0.452
0.45175
0.45149
0.45123
0.45098
0.45072
0.45047
0.45021
0.44996
0.4497
0.44944
0.44919
0.44893
0.44868
0.44842
0.44816
0.44791
0.44765
0.4474
0.44714
0.44689
0.44663
0.44637
0.44612
0.44586
0.44561
0.44535
0.44509
0.44484
0.44458
0.44433
0.44407
0.44382
0.44356
0.4433
0.44305
0.44279
0.44254
0.44121
0.43989
0.43856
0.43724
0.43591
0.43459
0.43326
0.43194
0.43062
0.42929
0.42797
0.42664
0.42532
0.42399
0.42267
0.42134
0.42002
0.4187
0.41737
0.41605
0.41472
0.4134
0.41207
0.41075
0.40942
0.4081
0.40677
0.40545
0.40413
0.4028
0.40148
0.40015
0.39883
0.3975
0.39618
0.39485
0.39353
0.3922
0.39088
0.38956
0.38823
0.38691
0.38558
0.38426
0.38293
0.38161
0.38028
0.37896
0.37764
0.37631
0.37499
0.37366
0.37234
0.37101
0.36969
0.36836
0.36704
0.36571
0.36439
0.36307
0.36172
0.36038
0.35904
0.35769
0.35635
0.35501
0.35367
0.35232
0.35098
0.34964
0.3483
0.34695
0.34561
0.34427
0.34293
0.34158
0.34024
0.3389
0.33756
0.33621
0.33487
0.33353
0.33218
0.33084
0.3295
0.32816
0.32681
0.32547
0.32413
0.32279
0.32144
0.3201
0.31876
0.31742
0.31607
0.31473
0.31339
0.31204
0.3107
0.30936
0.30802
0.30667
0.30533
0.30399
0.30265
0.3013
0.29996
0.29862
0.29728
0.29593
0.29459
0.29325
0.29191
0.29056
0.28922
0.28788
0.28653
0.28519
0.28385
0.28251
0.28122
0.27994
0.27866
0.27738
0.27609
0.27481
0.27353
0.27225
0.27096
0.26968
0.2684
0.26712
0.26583
0.26455
0.26327
0.26198
0.2607
0.25942
0.25814
0.25685
0.25557
0.25429
0.25301
0.25172
0.25044
0.24916
0.24788
0.24659
0.24531
0.24403
0.24275
0.24146
0.24018
0.2389
0.23762
0.23633
0.23505
0.23377
0.23249
0.2312
0.22992
0.22864
0.22735
0.22607
0.22479
0.22351
0.22222
0.22094
0.21966
0.21838
0.21709
0.21581
0.21453
0.21325
0.21196
0.21068
0.2094
0.20812
0.20683
0.20555
0.20578
0.20601
0.20624
0.20647
0.2067
0.20693
0.20716
0.20739
0.20762
0.20785
0.20808
0.20831
0.20854
0.20877
0.209
0.20923
0.20946
0.20969
0.20992
0.21015
0.21038
0.21061
0.21084
0.21107
0.2113
0.21153
0.21176
0.21199
0.21222
0.21245
0.21268
0.21291
0.21314
0.21337
0.2136
0.21383
0.21406
0.21429
0.21452
0.21475
0.21498
0.21521
0.21544
0.21567
0.2159
0.21613
0.21636
0.21659
0.21682
0.21705
0.21728
0.21751
0.21774
0.21797
0.2182
0.21843
0.21866
0.21889
0.21912
0.21936
0.21995
0.22055
0.22115
0.22175
0.22235
0.22295
0.22355
0.22415
0.22475
0.22535
0.22595
0.22655
0.22715
0.22775
0.22835
0.22895
0.22955
0.23015
0.23075
0.23135
0.23195
0.23255
0.23315
0.23375
0.23435
0.23495
0.23555
0.23615
0.23675
0.23735
0.23795
0.23855
0.23915
0.23975
0.24035
0.24095
0.24154
0.24214
0.24274
0.24334
0.24394
0.24454
0.24514
0.24574
0.24634
0.24694
0.24754
0.24814
0.24874
0.24934
0.24994
0.25054
0.25114
0.25174
0.25234
0.25294
0.25354
0.25414
0.25474
0.25534
0.25541
0.25548
0.25555
0.25562
0.25569
0.25576
0.25583
0.2559
0.25597
0.25604
0.25611
0.25618
0.25625
0.25632
0.25639
0.25646
0.25653
0.2566
0.25667
0.25674
0.25681
0.25688
0.25695
0.25702
0.25709
0.25716
0.25723
0.2573
0.25737
0.25744
0.25751
0.25758
0.25765
0.25772
0.25779
0.25786
0.25793
0.258
0.25807
0.25814
0.25821
0.25828
0.25835
0.25842
0.25849
0.25856
0.25863
0.2587
0.25877
0.25884
0.25891
0.25898
0.25905
0.25912
0.25919
0.25926
0.25933
0.2594
0.25947
0.25954
0.25955
0.25956
0.25956
0.25957
0.25958
0.25958
0.25959
0.2596
0.2596
0.25961
0.25961
0.25962
0.25963
0.25963
0.25964
0.25965
0.25965
0.25966
0.25967
0.25967
0.25968
0.25969
0.25969
0.2597
0.2597
0.25971
0.25972
0.25972
0.25973
0.25974
0.25974
0.25975
0.25976
0.25976
0.25977
0.25977
0.25978
0.25979
0.25979
0.2598
0.25981
0.25981
0.25982
0.25983
0.25983
0.25984
0.25984
0.25985
0.25986
0.25986
0.25987
0.25988
0.25988
0.25989
0.2599
0.2599
0.25991
0.25992
0.25992
0.25993
0.25979
0.25965
0.25951
0.25937
0.25922
0.25908
0.25894
0.2588
0.25866
0.25852
0.25838
0.25824
0.2581
0.25796
0.25782
0.25768
0.25754
0.25739
0.25725
0.25711
0.25697
0.25683
0.25669
0.25655
0.25641
0.25627
0.25613
0.25599
0.25585
0.25571
0.25556
0.25542
0.25528
0.25514
0.255
0.25486
0.25472
0.25458
0.25444
0.2543
0.25416
0.25402
0.25388
0.25373
0.25359
0.25345
0.25331
0.25317
0.25303
0.25289
0.25275
0.25261
0.25247
0.25233
0.25219
0.25205
0.2519
0.25176
0.25162
0.25148
0.25128
0.25108
0.25088
0.25068
0.25047
0.25027
0.25007
0.24987
0.24967
0.24946
0.24926
0.24906
0.24886
0.24866
0.24846
0.24825
0.24805
0.24785
0.24765
0.24745
0.24725
0.24704
0.24684
0.24664
0.24644
0.24624
0.24603
0.24583
0.24563
0.24543
0.24523
0.24503
0.24482
0.24462
0.24442
0.24422
0.24402
0.24381
0.24361
0.24341
0.24321
0.24301
0.24281
0.2426
0.2424
0.2422
0.242
0.2418
0.2416
0.24139
0.24119
0.24099
0.24079
0.24059
0.24038
0.24018
0.23998
0.23978
0.23958
0.23938
0.23856
0.23775
0.23694
0.23613
0.23532
0.23451
0.2337
0.23288
0.23207
0.23126
0.23045
0.22964
0.22883
0.22802
0.2272
0.22639
0.22558
0.22477
0.22396
0.22315
0.22234
0.22152
0.22071
0.2199
0.21909
0.21828
0.21747
0.21666
0.21584
0.21503
0.21422
0.21341
0.2126
0.21179
0.21098
0.21016
0.20935
0.20854
0.20773
0.20692
0.20611
0.2053
0.20448
0.20367
0.20286
0.20205
0.20124
0.20043
0.19962
0.1988
0.19799
0.19718
0.19637
0.19556
0.19475
0.19394
0.19312
0.19231
0.1915
0.19069
0.19134
0.19198
0.19263
0.19328
0.19393
0.19458
0.19522
0.19587
0.19652
0.19717
0.19781
0.19846
0.19911
0.19976
0.2004
0.20105
0.2017
0.20235
0.20299
0.20364
0.20429
0.20494
0.20559
0.20623
0.20688
0.20753
0.20818
0.20882
0.20947
0.21012
0.21077
0.21141
0.21206
0.21271
0.21336
0.214
0.21465
0.2153
0.21595
0.2166
0.21724
0.21789
0.21854
0.21919
0.21983
0.22048
0.22113
0.22178
0.22242
0.22307
0.22372
0.22437
0.22502
0.22566
0.22631
0.22696
0.22761
0.22825
0.2289
0.22955
0.2292
0.22886
0.22851
0.22817
0.22782
0.22748
0.22713
0.22678
0.22644
0.22609
0.22575
0.2254
0.22506
0.22471
0.22436
0.22402
0.22367
0.22333
0.22298
0.22264
0.22229
0.22195
0.2216
0.22125
0.22091
0.22056
0.22022
0.21987
0.21953
0.21918
0.21884
0.21849
0.21814
0.2178
0.21745
0.21711
0.21676
0.21642
0.21607
0.21572
0.21538
0.21503
0.21469
0.21434
0.214
0.21365
0.21331
0.21296
0.21261
0.21227
0.21192
0.21158
0.21123
0.21089
0.21054
0.2102
0.20985
0.2095
0.20916
0.20881
0.20859
0.20836
0.20814
0.20791
0.20768
0.20746
0.20723
0.20701
0.20678
0.20655
0.20633
0.2061
0.20588
0.20565
0.20543
0.2052
0.20497
0.20475
0.20452
0.2043
0.20407
0.20384
0.20362
0.20339
0.20317
0.20294
0.20272
0.20249
0.20226
0.20204
0.20181
0.20159
0.20136
0.20114
0.20091
0.20068
0.20046
0.20023
0.20001
0.19978
0.19955
0.19933
0.1991
0.19888
0.19865
0.19843
0.1982
0.19797
0.19775
0.19752
0.1973
0.19707
0.19684
0.19662
0.19639
0.19617
0.19594
0.19572
0.19549
0.19526
0.195
0.19473
0.19446
0.1942
0.19393
0.19366
0.19339
0.19313
0.19286
0.19259
0.19233
0.19206
0.19179
0.19152
0.19126
0.19099
0.19072
0.19046
0.19019
0.18992
0.18966
0.18939
0.18912
0.18885
0.18859
0.18832
0.18805
0.18779
0.18752
0.18725
0.18698
0.18672
0.18645
0.18618
0.18592
0.18565
0.18538
0.18511
0.18485
0.18458
0.18431
0.18405
0.18378
0.18351
0.18325
0.18298
0.18271
0.18244
0.18218
0.18191
0.18164
0.18138
0.18111
0.18084
0.18057
0.18031
0.18004
0.17977
0.17951
0.17924
