140.5
140.35
140.2
140.05
139.9
139.75
139.6
139.45
139.3
139.15
139
138.85
138.7
138.55
138.4
138.25
138.1
137.95
137.8
137.65
137.5
137.35
137.2
137.05
136.9
136.75
136.6
136.45
136.3
136.15
136
135.85
135.7
135.55
135.4
135.25
135.1
134.95
134.8
134.65
134.5
134.35
134.2
134.05
133.9
133.75
133.6
133.45
133.3
133.15
133
132.85
132.7
132.55
132.4
132.25
132.1
131.95
131.8
131.65
131.5
131.53
131.56
131.59
131.61
131.64
131.67
131.7
131.73
131.75
131.78
131.81
131.84
131.87
131.9
131.93
131.95
131.98
132.01
132.04
132.07
132.09
132.12
132.15
132.18
132.21
132.24
132.26
132.29
132.32
132.35
132.38
132.41
132.44
132.46
132.49
132.52
132.55
132.58
132.6
132.63
132.66
132.69
132.72
132.75
132.77
132.8
132.83
132.86
132.89
132.92
132.94
132.97
133
133.03
133.06
133.09
133.11
133.14
133.17
133.2
132.98
132.76
132.54
132.32
132.1
131.88
131.66
131.44
131.22
131
130.78
130.56
130.34
130.12
129.9
129.68
129.46
129.24
129.02
128.8
128.58
128.36
128.14
127.92
127.7
127.48
127.26
127.04
126.82
126.6
126.38
126.16
125.94
125.72
125.5
125.28
125.06
124.84
124.62
124.4
124.18
123.96
123.74
123.52
123.3
123.08
122.86
122.64
122.42
122.2
121.98
121.76
121.54
121.32
121.1
120.88
120.66
120.44
120.22
120
119.74
119.49
119.23
118.97
118.72
118.46
118.2
117.95
117.69
117.43
117.18
116.92
116.66
116.41
116.15
115.89
115.64
115.38
115.12
114.87
114.61
114.35
114.1
113.84
113.58
113.33
113.07
112.81
112.56
112.3
112.04
111.79
111.53
111.27
111.02
110.76
110.5
110.25
109.99
109.73
109.48
109.22
108.96
108.71
108.45
108.19
107.94
107.68
107.42
107.17
106.91
106.65
106.4
106.14
105.88
105.63
105.37
105.11
104.86
104.6
106.84
109.08
111.32
113.57
115.81
118.05
120.29
122.53
124.78
127.02
129.26
131.5
133.74
135.98
138.22
140.47
142.71
144.95
147.19
149.43
151.67
153.92
156.16
158.4
160.64
162.88
165.13
167.37
169.61
171.85
174.09
176.33
178.57
180.82
183.06
185.3
187.54
189.78
192.03
194.27
196.51
198.75
200.99
203.23
205.47
207.72
209.96
212.2
214.44
216.68
218.92
221.17
223.41
225.65
227.89
230.13
232.38
234.62
236.86
239.1
239.67
240.24
240.8
241.37
241.94
242.51
243.08
243.65
244.22
244.78
245.35
245.92
246.49
247.06
247.63
248.19
248.76
249.33
249.9
250.47
251.03
251.6
252.17
252.74
253.31
253.88
254.44
255.01
255.58
256.15
256.72
257.29
257.85
258.42
258.99
259.56
260.13
260.7
261.26
261.83
262.4
262.97
263.54
264.11
264.67
265.24
265.81
266.38
266.95
267.52
268.08
268.65
269.22
269.79
270.36
270.93
271.5
272.06
272.63
273.2
276.36
279.53
282.69
285.85
289.02
292.18
295.34
298.51
301.67
304.83
308
311.16
314.32
317.49
320.65
323.81
326.98
330.14
333.3
336.47
339.63
342.79
345.96
349.12
352.28
355.45
358.61
361.77
364.94
368.1
371.26
374.43
377.59
380.75
383.92
387.08
390.24
393.41
396.57
399.73
402.9
406.06
409.22
412.39
415.55
418.71
421.88
425.04
428.2
431.37
434.53
437.69
440.86
444.02
447.18
450.35
453.51
456.67
459.84
463
469.14
475.29
481.43
487.57
493.72
499.86
506
512.15
518.29
524.43
530.58
536.72
542.86
549.01
555.15
561.29
567.44
573.58
579.72
585.87
592.01
598.15
604.3
610.44
616.58
622.73
628.87
635.01
641.16
647.3
653.44
659.59
665.73
671.87
678.02
684.16
690.3
696.45
702.59
708.73
714.88
721.02
727.16
733.31
739.45
745.59
751.74
757.88
764.02
770.17
776.31
782.45
788.6
794.74
800.88
807.03
813.17
819.31
825.46
831.6
832.87
834.14
835.42
836.69
837.96
839.23
840.5
841.77
843.04
844.32
845.59
846.86
848.13
849.4
850.68
851.95
853.22
854.49
855.76
857.03
858.3
859.58
860.85
862.12
863.39
864.66
865.93
867.21
868.48
869.75
871.02
872.29
873.57
874.84
876.11
877.38
878.65
879.92
881.2
882.47
883.74
885.01
886.28
887.55
888.82
890.1
891.37
892.64
893.91
895.18
896.45
897.73
899
900.27
901.54
902.81
904.08
905.36
906.63
907.9
907.75
907.59
907.44
907.29
907.13
906.98
906.83
906.67
906.52
906.37
906.21
906.06
905.91
905.75
905.6
905.45
905.29
905.14
904.99
904.83
904.68
904.53
904.37
904.22
904.07
903.91
903.76
903.61
903.45
903.3
903.15
902.99
902.84
902.69
902.53
902.38
902.23
902.07
901.92
901.77
901.61
901.46
901.31
901.15
901
900.85
900.69
900.54
900.39
900.23
900.08
899.93
899.77
899.62
899.47
899.31
899.16
899.01
898.85
898.7
896.35
894
891.65
889.31
886.96
884.61
882.26
879.91
877.57
875.22
872.87
870.52
868.17
865.82
863.48
861.13
858.78
856.43
854.08
851.73
849.38
847.04
844.69
842.34
839.99
837.64
835.3
832.95
830.6
828.25
825.9
823.55
821.2
818.86
816.51
814.16
811.81
809.46
807.11
804.77
802.42
800.07
797.72
795.37
793.02
790.68
788.33
785.98
783.63
781.28
778.93
776.59
774.24
771.89
769.54
767.19
764.85
762.5
760.15
757.8
757.35
756.89
756.44
755.99
755.53
755.08
754.63
754.17
753.72
753.27
752.81
752.36
751.91
751.45
751
750.55
750.09
749.64
749.19
748.73
748.28
747.83
747.37
746.92
746.47
746.01
745.56
745.11
744.65
744.2
743.75
743.29
742.84
742.39
741.93
741.48
741.03
740.57
740.12
739.67
739.21
738.76
738.31
737.85
737.4
736.95
736.49
736.04
735.59
735.13
734.68
734.23
733.77
733.32
732.87
732.41
731.96
731.51
731.05
730.6
730.77
730.94
731.11
731.28
731.45
731.62
731.79
731.96
732.13
732.3
732.47
732.64
732.81
732.98
733.15
733.32
733.49
733.66
733.83
734
734.17
734.34
734.51
734.68
734.85
735.02
735.19
735.36
735.53
735.7
735.87
736.04
736.21
736.38
736.55
736.72
736.89
737.06
737.23
737.4
737.57
737.74
737.91
738.08
738.25
738.42
738.59
738.76
738.93
739.1
739.27
739.44
739.61
739.78
739.95
740.12
740.29
740.46
740.63
740.8
741.12
741.43
741.75
742.06
742.37
742.69
743
743.32
743.63
743.95
744.26
744.58
744.89
745.21
745.52
745.84
746.15
746.47
746.78
747.1
747.41
747.73
748.04
748.36
748.67
748.99
749.31
749.62
749.93
750.25
750.57
750.88
751.19
751.51
751.83
752.14
752.46
752.77
753.09
753.4
753.72
754.03
754.35
754.66
754.98
755.29
755.61
755.92
756.24
756.55
756.87
757.18
757.5
757.81
758.13
758.44
758.75
759.07
759.38
759.7
759.45
759.2
758.96
758.71
758.46
758.21
757.96
757.71
757.47
757.22
756.97
756.72
756.47
756.22
755.98
755.73
755.48
755.23
754.98
754.73
754.49
754.24
753.99
753.74
753.49
753.24
753
752.75
752.5
752.25
752
751.75
751.5
751.26
751.01
750.76
750.51
750.26
750.01
749.77
749.52
749.27
749.02
748.77
748.52
748.28
748.03
747.78
747.53
747.28
747.03
746.79
746.54
746.29
746.04
745.79
745.54
745.3
745.05
744.8
742.31
739.83
737.34
734.85
732.37
729.88
727.39
724.91
722.42
719.93
717.45
714.96
712.47
709.99
707.5
705.01
702.53
700.04
697.55
695.07
692.58
690.09
687.61
685.12
682.63
680.15
677.66
675.17
672.69
670.2
667.71
665.23
662.74
660.25
657.77
655.28
652.79
650.31
647.82
645.33
642.85
640.36
637.87
635.39
632.9
630.41
627.93
625.44
622.95
620.47
617.98
615.49
613.01
610.52
608.03
605.55
603.06
600.57
598.09
595.6
594.52
593.45
592.37
591.29
590.22
589.14
588.06
586.99
585.91
584.83
583.76
582.68
581.6
580.53
579.45
578.37
577.3
576.22
575.14
574.07
572.99
571.91
570.84
569.76
568.68
567.61
566.53
565.45
564.38
563.3
562.22
561.15
560.07
558.99
557.92
556.84
555.76
554.69
553.61
552.53
551.46
550.38
549.3
548.23
547.15
546.07
545
543.92
542.84
541.77
540.69
539.61
538.54
537.46
536.38
535.31
534.23
533.15
532.08
531
532.36
533.72
535.08
536.43
537.79
539.15
540.51
541.87
543.22
544.58
545.94
547.3
548.66
550.02
551.38
552.73
554.09
555.45
556.81
558.17
559.53
560.88
562.24
563.6
564.96
566.32
567.67
569.03
570.39
571.75
573.11
574.47
575.83
577.18
578.54
579.9
581.26
582.62
583.97
585.33
586.69
588.05
589.41
590.77
592.13
593.48
594.84
596.2
597.56
598.92
600.28
601.63
602.99
604.35
605.71
607.07
608.42
609.78
611.14
612.5
612.08
611.66
611.25
610.83
610.41
609.99
609.57
609.15
608.74
608.32
607.9
607.48
607.06
606.64
606.23
605.81
605.39
604.97
604.55
604.13
603.71
603.3
602.88
602.46
602.04
601.62
601.21
600.79
600.37
599.95
599.53
599.11
598.69
598.28
597.86
597.44
597.02
596.6
596.19
595.77
595.35
594.93
594.51
594.09
593.67
593.26
592.84
592.42
592
591.58
591.16
590.75
590.33
589.91
589.49
589.07
588.65
588.24
587.82
587.4
585.08
582.76
580.44
578.13
575.81
573.49
571.17
568.85
566.54
564.22
561.9
559.58
557.26
554.94
552.63
550.31
547.99
545.67
543.35
541.03
538.71
536.4
534.08
531.76
529.44
527.12
524.81
522.49
520.17
517.85
515.53
513.21
510.89
508.58
506.26
503.94
501.62
499.3
496.99
494.67
492.35
490.03
487.71
485.39
483.08
480.76
478.44
476.12
473.8
471.48
469.16
466.85
464.53
462.21
459.89
457.57
455.26
452.94
450.62
448.3
445.24
442.18
439.12
436.06
433
429.94
426.88
423.82
420.76
417.7
414.64
411.58
408.52
405.46
402.4
399.34
396.28
393.22
390.16
387.1
384.04
380.98
377.92
374.86
371.8
368.74
365.68
362.62
359.56
356.5
353.44
350.38
347.32
344.26
341.2
338.14
335.08
332.02
328.96
325.9
322.84
319.78
316.72
313.66
310.6
307.54
304.48
301.42
298.36
295.3
292.24
289.18
286.12
283.06
280
276.94
273.88
270.82
267.76
264.7
263.7
262.7
261.7
260.71
259.71
258.71
257.71
256.71
255.72
254.72
253.72
252.72
251.72
250.72
249.72
248.73
247.73
246.73
245.73
244.73
243.73
242.74
241.74
240.74
239.74
238.74
237.75
236.75
235.75
234.75
233.75
232.75
231.75
230.76
229.76
228.76
227.76
226.76
225.77
224.77
223.77
222.77
221.77
220.77
219.78
218.78
217.78
216.78
215.78
214.78
213.78
212.79
211.79
210.79
209.79
208.79
207.8
206.8
205.8
204.8
203.8
202.8
201.79
200.79
199.79
198.79
197.79
196.79
195.79
194.78
193.78
192.78
191.78
190.78
189.78
188.77
187.77
186.77
185.77
184.77
183.76
182.76
181.76
180.76
179.76
178.76
177.76
176.75
175.75
174.75
173.75
172.75
171.74
170.74
169.74
168.74
167.74
166.74
165.74
164.73
163.73
162.73
161.73
160.73
159.72
158.72
157.72
156.72
155.72
154.72
153.71
152.71
151.71
150.71
149.71
148.71
147.71
146.7
145.7
144.7
144.86
145.02
145.18
145.34
145.5
145.66
145.82
145.98
146.14
146.3
146.46
146.62
146.78
146.94
147.1
147.26
147.42
147.58
147.74
147.9
148.06
148.22
148.38
148.54
148.7
148.86
149.02
149.18
149.34
149.5
149.66
149.82
149.98
150.14
150.3
150.46
150.62
150.78
150.94
151.1
151.26
151.42
151.58
151.74
151.9
152.06
152.22
152.38
152.54
152.7
152.86
153.02
153.18
153.34
153.5
153.66
153.82
153.98
154.14
154.3
155.34
156.39
157.44
158.48
159.52
160.57
161.62
162.66
163.7
164.75
165.8
166.84
167.88
168.93
169.98
171.02
172.07
173.11
174.15
175.2
176.25
177.29
178.33
179.38
180.43
181.47
182.51
183.56
184.61
185.65
186.69
187.74
188.79
189.83
190.87
191.92
192.97
194.01
195.05
196.1
197.15
198.19
199.23
200.28
201.32
202.37
203.42
204.46
205.5
206.55
207.6
208.64
209.68
210.73
211.78
212.82
213.86
214.91
215.96
217
218.21
219.43
220.64
221.85
223.07
224.28
225.49
226.71
227.92
229.13
230.35
231.56
232.77
233.99
235.2
236.41
237.63
238.84
240.05
241.27
242.48
243.69
244.91
246.12
247.33
248.55
249.76
250.97
252.19
253.4
254.61
255.83
257.04
258.25
259.47
260.68
261.89
263.11
264.32
265.53
266.75
267.96
269.17
270.39
271.6
272.81
274.03
275.24
276.45
277.67
278.88
280.09
281.31
282.52
283.73
284.95
286.16
287.37
288.59
289.8
290.85
291.9
292.95
294
295.05
296.1
297.15
298.2
299.25
300.3
301.35
302.4
303.45
304.5
305.55
306.6
307.65
308.7
309.75
310.8
311.85
312.9
313.95
315
316.05
317.1
318.15
319.2
320.25
321.3
322.35
323.4
324.45
325.5
326.55
327.6
328.65
329.7
330.75
331.8
332.85
333.9
334.95
336
337.05
338.1
339.15
340.2
341.25
342.3
343.35
344.4
345.45
346.5
347.55
348.6
349.65
350.7
351.75
352.8
353.59
354.39
355.19
355.98
356.77
357.57
358.37
359.16
359.95
360.75
361.55
362.34
363.13
363.93
364.73
365.52
366.32
367.11
367.9
368.7
369.5
370.29
371.08
371.88
372.68
373.47
374.26
375.06
375.86
376.65
377.44
378.24
379.04
379.83
380.62
381.42
382.22
383.01
383.8
384.6
385.39
386.19
386.98
387.78
388.57
389.37
390.17
390.96
391.75
392.55
393.35
394.14
394.93
395.73
396.53
397.32
398.12
398.91
399.71
400.5
400.55
400.6
400.65
400.69
400.74
400.79
400.84
400.89
400.94
400.98
401.03
401.08
401.13
401.18
401.23
401.27
401.32
401.37
401.42
401.47
401.51
401.56
401.61
401.66
401.71
401.76
401.81
401.85
401.9
401.95
402
402.05
402.09
402.14
402.19
402.24
402.29
402.34
402.38
402.43
402.48
402.53
402.58
402.63
402.67
402.72
402.77
402.82
402.87
402.92
402.96
403.01
403.06
403.11
403.16
403.21
403.25
403.3
403.35
403.4
403.62
403.83
404.05
404.27
404.48
404.7
404.92
405.13
405.35
405.57
405.78
406
406.22
406.43
406.65
406.87
407.08
407.3
407.52
407.73
407.95
408.17
408.38
408.6
408.82
409.03
409.25
409.47
409.68
409.9
410.12
410.33
410.55
410.77
410.98
411.2
411.42
411.63
411.85
412.07
412.28
412.5
412.72
412.93
413.15
413.37
413.58
413.8
414.02
414.23
414.45
414.67
414.88
415.1
415.32
415.53
415.75
415.97
416.18
416.4
416.42
416.44
416.45
416.47
416.49
416.51
416.53
416.55
416.56
416.58
416.6
416.62
416.64
416.66
416.67
416.69
416.71
416.73
416.75
416.77
416.78
416.8
416.82
416.84
416.86
416.88
416.89
416.91
416.93
416.95
416.97
416.99
417
417.02
417.04
417.06
417.08
417.1
417.12
417.13
417.15
417.17
417.19
417.21
417.23
417.24
417.26
417.28
417.3
417.32
417.33
417.35
417.37
417.39
417.41
417.43
417.44
417.46
417.48
417.5
417.79
418.08
418.38
418.67
418.96
419.25
419.54
419.83
420.12
420.42
420.71
421
421.29
421.58
421.88
422.17
422.46
422.75
423.04
423.33
423.63
423.92
424.21
424.5
424.79
425.08
425.38
425.67
425.96
426.25
426.54
426.83
427.13
427.42
427.71
428
428.29
428.58
428.88
429.17
429.46
429.75
430.04
430.33
430.63
430.92
431.21
431.5
431.79
432.08
432.38
432.67
432.96
433.25
433.54
433.83
434.13
434.42
434.71
435
434.99
434.97
434.96
434.94
434.93
434.91
434.89
434.88
434.87
434.85
434.83
434.82
434.81
434.79
434.77
434.76
434.75
434.73
434.72
434.7
434.69
434.67
434.66
434.64
434.63
434.61
434.6
434.58
434.57
434.55
434.53
434.52
434.5
434.49
434.48
434.46
434.45
434.43
434.42
434.4
434.38
434.37
434.36
434.34
434.33
434.31
434.3
434.28
434.26
434.25
434.24
434.22
434.21
434.19
434.18
434.16
434.14
434.13
434.12
434.1
434.06
434.03
433.99
433.95
433.92
433.88
433.84
433.81
433.77
433.73
433.7
433.66
433.62
433.59
433.55
433.51
433.48
433.44
433.4
433.37
433.33
433.29
433.26
433.22
433.18
433.15
433.11
433.07
433.04
433
432.96
432.93
432.89
432.85
432.82
432.78
432.74
432.71
432.67
432.63
432.6
432.56
432.52
432.49
432.45
432.41
432.38
432.34
432.3
432.27
432.23
432.19
432.16
432.12
432.08
432.05
432.01
431.97
431.94
431.9
431.75
431.59
431.44
431.28
431.12
430.97
430.81
430.66
430.5
430.35
430.19
430.04
429.88
429.73
429.57
429.42
429.27
429.11
428.95
428.8
428.64
428.49
428.34
428.18
428.03
427.87
427.71
427.56
427.4
427.25
427.1
426.94
426.79
426.63
426.47
426.32
426.16
426.01
425.86
425.7
425.55
425.39
425.24
425.08
424.93
424.77
424.62
424.46
424.31
424.15
424
423.84
423.69
423.53
423.38
423.22
423.06
422.91
422.75
422.6
423.16
423.72
424.28
424.85
425.41
425.97
426.53
427.09
427.65
428.22
428.78
429.34
429.9
430.46
431.03
431.59
432.15
432.71
433.27
433.83
434.4
434.96
435.52
436.08
436.64
437.2
437.77
438.33
438.89
439.45
440.01
440.57
441.13
441.7
442.26
442.82
443.38
443.94
444.5
445.07
445.63
446.19
446.75
447.31
447.88
448.44
449
449.56
450.12
450.68
451.25
451.81
452.37
452.93
453.49
454.05
454.62
455.18
455.74
456.3
456.28
456.26
456.24
456.22
456.2
456.18
456.16
456.14
456.12
456.1
456.08
456.06
456.04
456.02
456
455.98
455.96
455.94
455.92
455.9
455.88
455.86
455.84
455.82
455.8
455.78
455.76
455.74
455.72
455.7
455.68
455.66
455.64
455.62
455.6
455.58
455.56
455.54
455.52
455.5
455.48
455.46
455.44
455.42
455.4
455.38
455.36
455.34
455.32
455.3
455.28
455.26
455.24
455.22
455.2
455.18
455.16
455.14
455.12
455.1
455.65
456.2
456.74
457.29
457.84
458.39
458.94
459.49
460.03
460.58
461.13
461.68
462.23
462.78
463.33
463.87
464.42
464.97
465.52
466.07
466.62
467.16
467.71
468.26
468.81
469.36
469.91
470.45
471
471.55
472.1
472.65
473.19
473.74
474.29
474.84
475.39
475.94
476.48
477.03
477.58
478.13
478.68
479.23
479.77
480.32
480.87
481.42
481.97
482.52
483.07
483.61
484.16
484.71
485.26
485.81
486.36
486.9
487.45
488
485.83
483.67
481.5
479.33
477.17
475
472.83
470.67
468.5
466.33
464.17
462
459.83
457.67
455.5
453.33
451.17
449
446.83
444.67
442.5
440.33
438.17
436
433.83
431.67
429.5
427.33
425.17
423
420.83
418.67
416.5
414.33
412.17
410
407.83
405.67
403.5
401.33
399.17
397
394.83
392.67
390.5
388.33
386.17
384
381.83
379.67
377.5
375.33
373.17
371
368.83
366.67
364.5
362.33
360.17
358
358.03
358.07
358.1
358.13
358.17
358.2
358.23
358.27
358.3
358.33
358.37
358.4
358.43
358.47
358.5
358.53
358.57
358.6
358.63
358.67
358.7
358.73
358.77
358.8
358.83
358.87
358.9
358.93
358.97
359
359.03
359.07
359.1
359.13
359.17
359.2
359.23
359.27
359.3
359.33
359.37
359.4
359.43
359.47
359.5
359.53
359.57
359.6
359.63
359.67
359.7
359.73
359.77
359.8
359.83
359.87
359.9
359.93
359.97
360
360.06
360.13
360.19
360.25
360.32
360.38
360.44
360.51
360.57
360.63
360.7
360.76
360.82
360.89
360.95
361.01
361.08
361.14
361.2
361.27
361.33
361.39
361.46
361.52
361.58
361.65
361.71
361.77
361.84
361.9
361.96
362.03
362.09
362.15
362.22
362.28
362.34
362.41
362.47
362.53
362.6
362.66
362.72
362.79
362.85
362.91
362.98
363.04
363.1
363.17
363.23
363.29
363.36
363.42
363.48
363.55
363.61
363.67
363.74
363.8
363.9
363.99
364.09
364.19
364.28
364.38
364.48
364.57
364.67
364.77
364.86
364.96
365.06
365.15
365.25
365.35
365.44
365.54
365.64
365.73
365.83
365.93
366.02
366.12
366.22
366.31
366.41
366.51
366.6
366.7
366.8
366.89
366.99
367.09
367.18
367.28
367.38
367.47
367.57
367.67
367.76
367.86
367.96
368.05
368.15
368.25
368.34
368.44
368.54
368.63
368.73
368.83
368.92
369.02
369.12
369.21
369.31
369.41
369.5
369.6
369.63
369.66
369.7
369.73
369.76
369.79
369.82
369.85
369.88
369.92
369.95
369.98
370.01
370.04
370.08
370.11
370.14
370.17
370.2
370.23
370.26
370.3
370.33
370.36
370.39
370.42
370.46
370.49
370.52
370.55
370.58
370.61
370.64
370.68
370.71
370.74
370.77
370.8
370.84
370.87
370.9
370.93
370.96
370.99
371.02
371.06
371.09
371.12
371.15
371.18
371.22
371.25
371.28
371.31
371.34
371.37
371.4
371.44
371.47
371.5
371.44
371.39
371.33
371.28
371.22
371.17
371.11
371.06
371
370.95
370.89
370.84
370.79
370.73
370.68
370.62
370.56
370.51
370.45
370.4
370.35
370.29
370.24
370.18
370.13
370.07
370.01
369.96
369.9
369.85
369.79
369.74
369.69
369.63
369.57
369.52
369.47
369.41
369.36
369.3
369.25
369.19
369.13
369.08
369.02
368.97
368.91
368.86
368.8
368.75
368.69
368.64
368.59
368.53
368.48
368.42
368.37
368.31
368.25
368.2
368.14
368.09
368.04
367.98
367.93
367.87
367.81
367.76
367.71
367.65
367.59
367.54
367.48
367.43
367.38
367.32
367.26
367.21
367.15
367.1
367.04
366.99
366.94
366.88
366.83
366.77
366.71
366.66
366.61
366.55
366.5
366.44
366.38
366.33
366.27
366.22
366.16
366.11
366.05
366
365.94
365.89
365.83
365.78
365.72
365.67
365.62
365.56
365.5
365.45
365.39
365.34
365.28
365.23
365.17
365.12
365.06
365.01
364.95
364.9
364.83
364.77
364.7
364.63
364.57
364.5
364.43
364.37
364.3
364.23
364.17
364.1
364.03
363.97
363.9
363.83
363.77
363.7
363.63
363.57
363.5
363.43
363.37
363.3
363.23
363.17
363.1
363.03
362.97
362.9
362.83
362.77
362.7
362.63
362.57
362.5
362.43
362.37
362.3
362.23
362.17
362.1
362.03
361.97
361.9
361.83
361.77
361.7
361.63
361.57
361.5
361.43
361.37
361.3
361.23
361.17
361.1
361.03
360.97
360.9
361.02
361.14
361.25
361.37
361.49
361.61
361.73
361.85
361.96
362.08
362.2
362.32
362.44
362.56
362.67
362.79
362.91
363.03
363.15
363.27
363.38
363.5
363.62
363.74
363.86
363.98
364.1
364.21
364.33
364.45
364.57
364.69
364.8
364.92
365.04
365.16
365.28
365.4
365.51
365.63
365.75
365.87
365.99
366.11
366.23
366.34
366.46
366.58
366.7
366.82
366.94
367.05
367.17
367.29
367.41
367.53
367.65
367.76
367.88
368
367.9
367.81
367.71
367.61
367.52
367.42
367.32
367.23
367.13
367.03
366.94
366.84
366.74
366.65
366.55
366.45
366.36
366.26
366.16
366.07
365.97
365.87
365.78
365.68
365.58
365.49
365.39
365.29
365.2
365.1
365
364.91
364.81
364.71
364.62
364.52
364.42
364.33
364.23
364.13
364.04
363.94
363.84
363.75
363.65
363.55
363.46
363.36
363.26
363.17
363.07
362.97
362.88
362.78
362.68
362.59
362.49
362.39
362.3
362.2
361.98
361.77
361.56
361.34
361.12
360.91
360.69
360.48
360.27
360.05
359.84
359.62
359.4
359.19
358.97
358.76
358.55
358.33
358.11
357.9
357.68
357.47
357.25
357.04
356.83
356.61
356.39
356.18
355.96
355.75
355.54
355.32
355.11
354.89
354.67
354.46
354.25
354.03
353.81
353.6
353.39
353.17
352.95
352.74
352.53
352.31
352.1
351.88
351.66
351.45
351.23
351.02
350.81
350.59
350.38
350.16
349.94
349.73
349.52
349.3
349.19
349.08
348.97
348.85
348.74
348.63
348.52
348.41
348.3
348.18
348.07
347.96
347.85
347.74
347.63
347.51
347.4
347.29
347.18
347.07
346.95
346.84
346.73
346.62
346.51
346.4
346.28
346.17
346.06
345.95
345.84
345.73
345.62
345.5
345.39
345.28
345.17
345.06
344.95
344.83
344.72
344.61
344.5
344.39
344.28
344.16
344.05
343.94
343.83
343.72
343.61
343.49
343.38
343.27
343.16
343.05
342.94
342.82
342.71
342.6
342.13
341.66
341.2
340.73
340.26
339.79
339.32
338.85
338.39
337.92
337.45
336.98
336.51
336.04
335.58
335.11
334.64
334.17
333.7
333.23
332.76
332.3
331.83
331.36
330.89
330.42
329.95
329.49
329.02
328.55
328.08
327.61
327.15
326.68
326.21
325.74
325.27
324.8
324.34
323.87
323.4
322.93
322.46
321.99
321.52
321.06
320.59
320.12
319.65
319.18
318.71
318.25
317.78
317.31
316.84
316.37
315.9
315.44
314.97
314.5
314.47
314.45
314.43
314.4
314.38
314.35
314.32
314.3
314.27
314.25
314.23
314.2
314.17
314.15
314.13
314.1
314.08
314.05
314.02
314
313.98
313.95
313.92
313.9
313.88
313.85
313.82
313.8
313.77
313.75
313.73
313.7
313.68
313.65
313.63
313.6
313.57
313.55
313.52
313.5
313.48
313.45
313.43
313.4
313.38
313.35
313.32
313.3
313.27
313.25
313.23
313.2
313.18
313.15
313.13
313.1
313.07
313.05
313.03
313
313.27
313.53
313.8
314.07
314.33
314.6
314.87
315.13
315.4
315.67
315.93
316.2
316.47
316.73
317
317.27
317.53
317.8
318.07
318.33
318.6
318.87
319.13
319.4
319.67
319.93
320.2
320.47
320.73
321
321.27
321.53
321.8
322.07
322.33
322.6
322.87
323.13
323.4
323.67
323.93
324.2
324.47
324.73
325
325.27
325.53
325.8
326.07
326.33
326.6
326.87
327.13
327.4
327.67
327.93
328.2
328.47
328.73
329
329.11
329.22
329.33
329.44
329.55
329.66
329.77
329.88
329.99
330.1
330.21
330.32
330.43
330.54
330.65
330.76
330.87
330.98
331.09
331.2
331.31
331.42
331.53
331.64
331.75
331.86
331.97
332.08
332.19
332.3
332.41
332.52
332.63
332.74
332.85
332.96
333.07
333.18
333.29
333.4
333.51
333.62
333.73
333.84
333.95
334.06
334.17
334.28
334.39
334.5
334.61
334.72
334.83
334.94
335.05
335.16
335.27
335.38
335.49
335.6
335.99
336.38
336.77
337.17
337.56
337.95
338.34
338.73
339.13
339.52
339.91
340.3
340.69
341.08
341.48
341.87
342.26
342.65
343.04
343.43
343.83
344.22
344.61
345
345.39
345.78
346.18
346.57
346.96
347.35
347.74
348.13
348.52
348.92
349.31
349.7
350.09
350.48
350.88
351.27
351.66
352.05
352.44
352.83
353.23
353.62
354.01
354.4
354.79
355.18
355.58
355.97
356.36
356.75
357.14
357.53
357.93
358.32
358.71
359.1
359.74
360.39
361.03
361.67
362.32
362.96
363.6
364.25
364.89
365.53
366.18
366.82
367.46
368.11
368.75
369.39
370.04
370.68
371.32
371.97
372.61
373.25
373.9
374.54
375.18
375.83
376.47
377.11
377.76
378.4
379.04
379.69
380.33
380.97
381.62
382.26
382.9
383.55
384.19
384.83
385.48
386.12
386.76
387.41
388.05
388.69
389.34
389.98
390.62
391.27
391.91
392.55
393.2
393.84
394.48
395.13
395.77
396.41
397.06
397.7
397.89
398.09
398.28
398.47
398.67
398.86
399.05
399.25
399.44
399.63
399.83
400.02
400.21
400.41
400.6
400.79
400.99
401.18
401.37
401.57
401.76
401.95
402.15
402.34
402.53
402.73
402.92
403.11
403.31
403.5
403.69
403.89
404.08
404.27
404.47
404.66
404.85
405.05
405.24
405.43
405.63
405.82
406.01
406.21
406.4
406.59
406.79
406.98
407.17
407.37
407.56
407.75
407.95
408.14
408.33
408.53
408.72
408.91
409.11
409.3
409.48
409.65
409.83
410.01
410.18
410.36
410.54
410.71
410.89
411.07
411.24
411.42
411.6
411.77
411.95
412.13
412.3
412.48
412.66
412.83
413.01
413.19
413.36
413.54
413.72
413.89
414.07
414.25
414.42
414.6
414.78
414.95
415.13
415.31
415.48
415.66
415.84
416.01
416.19
416.37
416.54
416.72
416.9
417.07
417.25
417.43
417.6
417.78
417.96
418.13
418.31
418.49
418.66
418.84
419.02
419.19
419.37
419.55
419.72
419.9
419.91
419.93
419.94
419.96
419.98
419.99
420
420.02
420.03
420.05
420.06
420.08
420.09
420.11
420.12
420.14
420.16
420.17
420.18
420.2
420.21
420.23
420.25
420.26
420.27
420.29
420.31
420.32
420.34
420.35
420.37
420.38
420.39
420.41
420.42
420.44
420.46
420.47
420.49
420.5
420.51
420.53
420.54
420.56
420.58
420.59
420.61
420.62
420.63
420.65
420.67
420.68
420.69
420.71
420.72
420.74
420.75
420.77
420.79
420.8
421.43
422.06
422.69
423.33
423.96
424.59
425.22
425.85
426.49
427.12
427.75
428.38
429.01
429.64
430.28
430.91
431.54
432.17
432.8
433.43
434.07
434.7
435.33
435.96
436.59
437.22
437.86
438.49
439.12
439.75
440.38
441.01
441.64
442.28
442.91
443.54
444.17
444.8
445.43
446.07
446.7
447.33
447.96
448.59
449.22
449.86
450.49
451.12
451.75
452.38
453.02
453.65
454.28
454.91
455.54
456.17
456.81
457.44
458.07
458.7
458.71
458.72
458.72
458.73
458.74
458.75
458.76
458.77
458.77
458.78
458.79
458.8
458.81
458.82
458.82
458.83
458.84
458.85
458.86
458.87
458.88
458.88
458.89
458.9
458.91
458.92
458.92
458.93
458.94
458.95
458.96
458.97
458.98
458.98
458.99
459
459.01
459.02
459.02
459.03
459.04
459.05
459.06
459.07
459.07
459.08
459.09
459.1
459.11
459.12
459.13
459.13
459.14
459.15
459.16
459.17
459.18
459.18
459.19
459.2
459.19
459.18
459.17
459.16
459.15
459.14
459.13
459.12
459.11
459.1
459.09
459.08
459.07
459.06
459.05
459.04
459.03
459.02
459.01
459
458.99
458.98
458.97
458.96
458.95
458.94
458.93
458.92
458.91
458.9
458.89
458.88
458.87
458.86
458.85
458.84
458.83
458.82
458.81
458.8
458.79
458.78
458.77
458.76
458.75
458.74
458.73
458.72
458.71
458.7
458.69
458.68
458.67
458.66
458.65
458.64
458.63
458.62
458.61
458.6
457.82
457.04
456.27
455.49
454.71
453.93
453.15
452.37
451.6
450.82
450.04
449.26
448.48
447.7
446.93
446.15
445.37
444.59
443.81
443.03
442.25
441.48
440.7
439.92
439.14
438.36
437.58
436.81
436.03
435.25
434.47
433.69
432.92
432.14
431.36
430.58
429.8
429.02
428.25
427.47
426.69
425.91
425.13
424.35
423.57
422.8
422.02
421.24
420.46
419.68
418.9
418.13
417.35
416.57
415.79
415.01
414.23
413.46
412.68
411.9
411.88
411.85
411.83
411.81
411.78
411.76
411.74
411.71
411.69
411.67
411.64
411.62
411.6
411.57
411.55
411.53
411.5
411.48
411.46
411.43
411.41
411.39
411.36
411.34
411.32
411.29
411.27
411.25
411.22
411.2
411.18
411.15
411.13
411.11
411.08
411.06
411.04
411.01
410.99
410.97
410.94
410.92
410.9
410.87
410.85
410.83
410.8
410.78
410.76
410.73
410.71
410.69
410.66
410.64
410.62
410.59
410.57
410.55
410.52
410.5
410.54
410.58
410.62
410.65
410.69
410.73
410.77
410.81
410.85
410.88
410.92
410.96
411
411.04
411.07
411.11
411.15
411.19
411.23
411.27
411.3
411.34
411.38
411.42
411.46
411.5
411.54
411.57
411.61
411.65
411.69
411.73
411.76
411.8
411.84
411.88
411.92
411.96
412
412.03
412.07
412.11
412.15
412.19
412.23
412.26
412.3
412.34
412.38
412.42
412.45
412.49
412.53
412.57
412.61
412.65
412.69
412.72
412.76
412.8
412.84
412.89
412.93
412.97
413.02
413.06
413.1
413.15
413.19
413.23
413.28
413.32
413.36
413.41
413.45
413.49
413.54
413.58
413.62
413.67
413.71
413.75
413.8
413.84
413.88
413.93
413.97
414.01
414.06
414.1
414.14
414.19
414.23
414.27
414.32
414.36
414.4
414.45
414.49
414.53
414.58
414.62
414.66
414.71
414.75
414.79
414.84
414.88
414.92
414.97
415.01
415.05
415.1
415.14
415.18
415.23
415.27
415.31
415.36
415.4
415.14
414.88
414.62
414.35
414.09
413.83
413.57
413.31
413.04
412.78
412.52
412.26
412
411.74
411.47
411.21
410.95
410.69
410.43
410.17
409.91
409.64
409.38
409.12
408.86
408.6
408.33
408.07
407.81
407.55
407.29
407.03
406.77
406.5
406.24
405.98
405.72
405.46
405.19
404.93
404.67
404.41
404.15
403.89
403.63
403.36
403.1
402.84
402.58
402.32
402.06
401.79
401.53
401.27
401.01
400.75
400.48
400.22
399.96
399.7
399.33
398.96
398.59
398.22
397.85
397.48
397.11
396.74
396.37
396
395.63
395.26
394.89
394.52
394.15
393.78
393.41
393.04
392.67
392.3
391.93
391.56
391.19
390.82
390.45
390.08
389.71
389.34
388.97
388.6
388.23
387.86
387.49
387.12
386.75
386.38
386.01
385.64
385.27
384.9
384.53
384.16
383.79
383.42
383.05
382.68
382.31
381.94
381.57
381.2
380.83
380.46
380.09
379.72
379.35
378.98
378.61
378.24
377.87
377.5
377.35
377.19
377.04
376.88
376.73
376.57
376.42
376.26
376.1
375.95
375.79
375.64
375.49
375.33
375.18
375.02
374.87
374.71
374.56
374.4
374.25
374.09
373.93
373.78
373.63
373.47
373.31
373.16
373
372.85
372.69
372.54
372.38
372.23
372.08
371.92
371.77
371.61
371.45
371.3
371.14
370.99
370.83
370.68
370.52
370.37
370.21
370.06
369.9
369.75
369.6
369.44
369.28
369.13
368.97
368.82
368.66
368.51
368.35
368.2
368.03
367.85
367.68
367.51
367.33
367.16
366.99
366.81
366.64
366.47
366.29
366.12
365.95
365.77
365.6
365.43
365.25
365.08
364.91
364.73
364.56
364.39
364.21
364.04
363.87
363.69
363.52
363.35
363.17
363
362.83
362.65
362.48
362.31
362.13
361.96
361.79
361.61
361.44
361.27
361.09
360.92
360.75
360.57
360.4
360.23
360.05
359.88
359.71
359.53
359.36
359.19
359.01
358.84
358.67
358.49
358.32
358.15
357.97
357.8
357.8
357.79
357.79
357.78
357.78
357.77
357.77
357.76
357.75
357.75
357.75
357.74
357.74
357.73
357.73
357.72
357.72
357.71
357.71
357.7
357.69
357.69
357.69
357.68
357.68
357.67
357.67
357.66
357.65
357.65
357.64
357.64
357.63
357.63
357.63
357.62
357.62
357.61
357.61
357.6
357.6
357.59
357.58
357.58
357.57
357.57
357.56
357.56
357.56
357.55
357.54
357.54
357.53
357.53
357.52
357.52
357.51
357.51
357.5
357.5
357.4
357.29
357.19
357.09
356.98
356.88
356.78
356.67
356.57
356.47
356.36
356.26
356.16
356.05
355.95
355.85
355.74
355.64
355.54
355.43
355.33
355.23
355.12
355.02
354.92
354.81
354.71
354.61
354.5
354.4
354.3
354.19
354.09
353.99
353.88
353.78
353.68
353.57
353.47
353.37
353.26
353.16
353.06
352.95
352.85
352.75
352.64
352.54
352.44
352.33
352.23
352.13
352.02
351.92
351.82
351.71
351.61
351.51
351.4
351.3
351.45
351.6
351.75
351.89
352.04
352.19
352.34
352.49
352.64
352.78
352.93
353.08
353.23
353.38
353.53
353.67
353.82
353.97
354.12
354.27
354.41
354.56
354.71
354.86
355.01
355.16
355.31
355.45
355.6
355.75
355.9
356.05
356.19
356.34
356.49
356.64
356.79
356.94
357.09
357.23
357.38
357.53
357.68
357.83
357.97
358.12
358.27
358.42
358.57
358.72
358.86
359.01
359.16
359.31
359.46
359.61
359.75
359.9
360.05
360.2
360.23
360.26
360.28
360.31
360.34
360.37
360.4
360.43
360.46
360.48
360.51
360.54
360.57
360.6
360.63
360.65
360.68
360.71
360.74
360.77
360.79
360.82
360.85
360.88
360.91
360.94
360.96
360.99
361.02
361.05
361.08
361.11
361.13
361.16
361.19
361.22
361.25
361.28
361.3
361.33
361.36
361.39
361.42
361.45
361.47
361.5
361.53
361.56
361.59
361.62
361.64
361.67
361.7
361.73
361.76
361.79
361.81
361.84
361.87
361.9
362.42
362.94
363.46
363.98
364.5
365.02
365.54
366.06
366.58
367.1
367.62
368.14
368.66
369.18
369.7
370.22
370.74
371.26
371.78
372.3
372.82
373.34
373.86
374.38
374.9
375.42
375.94
376.46
376.98
377.5
378.02
378.54
379.06
379.58
380.1
380.62
381.14
381.66
382.18
382.7
383.22
383.74
384.26
384.78
385.3
385.82
386.34
386.86
387.38
387.9
388.42
388.94
389.46
389.98
390.5
391.02
391.54
392.06
392.58
393.1
393.52
393.93
394.35
394.77
395.18
395.6
396.02
396.43
396.85
397.27
397.68
398.1
398.52
398.93
399.35
399.77
400.18
400.6
401.02
401.43
401.85
402.27
402.68
403.1
403.52
403.93
404.35
404.77
405.18
405.6
406.02
406.43
406.85
407.27
407.68
408.1
408.52
408.93
409.35
409.77
410.18
410.6
411.02
411.43
411.85
412.27
412.68
413.1
413.52
413.93
414.35
414.77
415.18
415.6
416.02
416.43
416.85
417.27
417.68
418.1
418.48
418.86
419.24
419.63
420.01
420.39
420.77
421.15
421.54
421.92
422.3
422.68
423.06
423.44
423.83
424.21
424.59
424.97
425.35
425.73
426.11
426.5
426.88
427.26
427.64
428.02
428.41
428.79
429.17
429.55
429.93
430.31
430.69
431.08
431.46
431.84
432.22
432.6
432.99
433.37
433.75
434.13
434.51
434.89
435.27
435.66
436.04
436.42
436.8
437.18
437.56
437.95
438.33
438.71
439.09
439.47
439.86
440.24
440.62
441
441.14
441.28
441.42
441.56
441.7
441.84
441.98
442.12
442.26
442.4
442.54
442.68
442.82
442.96
443.1
443.24
443.38
443.52
443.66
443.8
443.94
444.08
444.22
444.36
444.5
444.64
444.78
444.92
445.06
445.2
445.34
445.48
445.62
445.76
445.9
446.04
446.18
446.32
446.46
446.6
446.74
446.88
447.02
447.16
447.3
447.44
447.58
447.72
447.86
448
448.14
448.28
448.42
448.56
448.7
448.84
448.98
449.12
449.26
449.4
449.5
449.6
449.7
449.81
449.91
450.01
450.11
450.21
450.32
450.42
450.52
450.62
450.72
450.82
450.92
451.03
451.13
451.23
451.33
451.43
451.53
451.64
451.74
451.84
451.94
452.04
452.14
452.25
452.35
452.45
452.55
452.65
452.75
452.86
452.96
453.06
453.16
453.26
453.37
453.47
453.57
453.67
453.77
453.87
453.98
454.08
454.18
454.28
454.38
454.48
454.58
454.69
454.79
454.89
454.99
455.09
455.19
455.3
455.4
455.5
455.95
456.39
456.84
457.29
457.73
458.18
458.63
459.07
459.52
459.97
460.41
460.86
461.31
461.75
462.2
462.65
463.09
463.54
463.99
464.43
464.88
465.33
465.77
466.22
466.67
467.11
467.56
468.01
468.45
468.9
469.35
469.79
470.24
470.69
471.13
471.58
472.03
472.47
472.92
473.37
473.81
474.26
474.71
475.15
475.6
476.05
476.49
476.94
477.39
477.83
478.28
478.73
479.17
479.62
480.07
480.51
480.96
481.41
481.85
482.3
482.65
483
483.35
483.71
484.06
484.41
484.76
485.11
485.47
485.82
486.17
486.52
486.87
487.22
487.58
487.93
488.28
488.63
488.98
489.33
489.68
490.04
490.39
490.74
491.09
491.44
491.8
492.15
492.5
492.85
493.2
493.55
493.9
494.26
494.61
494.96
495.31
495.66
496.02
496.37
496.72
497.07
497.42
497.77
498.12
498.48
498.83
499.18
499.53
499.88
500.23
500.59
500.94
501.29
501.64
501.99
502.35
502.7
503.05
503.4
503.7
504
504.3
504.61
504.91
505.21
505.51
505.81
506.12
506.42
506.72
507.02
507.32
507.62
507.92
508.23
508.53
508.83
509.13
509.43
509.73
510.04
510.34
510.64
510.94
511.24
511.55
511.85
512.15
512.45
512.75
513.05
513.35
513.66
513.96
514.26
514.56
514.86
515.17
515.47
515.77
516.07
516.37
516.67
516.98
517.28
517.58
517.88
518.18
518.48
518.78
519.09
519.39
519.69
519.99
520.29
520.6
520.9
521.2
521.5
521.77
522.03
522.3
522.57
522.83
523.1
523.37
523.63
523.9
524.17
524.43
524.7
524.97
525.23
525.5
525.77
526.03
526.3
526.57
526.83
527.1
527.37
527.63
527.9
528.17
528.43
528.7
528.97
529.23
529.5
529.77
530.03
530.3
530.57
530.83
531.1
531.37
531.63
531.9
532.17
532.43
532.7
532.97
533.23
533.5
533.77
534.03
534.3
534.57
534.83
535.1
535.37
535.63
535.9
536.17
536.43
536.7
536.97
537.23
537.5
537.58
537.65
537.73
537.81
537.88
537.96
538.04
538.11
538.19
538.27
538.34
538.42
538.5
538.57
538.65
538.73
538.8
538.88
538.96
539.03
539.11
539.19
539.26
539.34
539.42
539.49
539.57
539.65
539.72
539.8
539.88
539.95
540.03
540.11
540.18
540.26
540.34
540.41
540.49
540.57
540.64
540.72
540.8
540.87
540.95
541.03
541.1
541.18
541.26
541.33
541.41
541.49
541.56
541.64
541.72
541.79
541.87
541.95
542.02
542.1
542.08
542.07
542.05
542.03
542.02
542
541.98
541.97
541.95
541.93
541.92
541.9
541.88
541.87
541.85
541.83
541.82
541.8
541.78
541.77
541.75
541.73
541.72
541.7
541.68
541.67
541.65
541.63
541.62
541.6
541.58
541.57
541.55
541.53
541.52
541.5
541.48
541.47
541.45
541.43
541.42
541.4
541.38
541.37
541.35
541.33
541.32
541.3
541.28
541.27
541.25
541.23
541.22
541.2
541.18
541.17
541.15
541.13
541.12
541.1
541.02
540.94
540.86
540.77
540.69
540.61
540.53
540.45
540.37
540.28
540.2
540.12
540.04
539.96
539.88
539.79
539.71
539.63
539.55
539.47
539.39
539.3
539.22
539.14
539.06
538.98
538.89
538.81
538.73
538.65
538.57
538.49
538.4
538.32
538.24
538.16
538.08
538
537.91
537.83
537.75
537.67
537.59
537.51
537.43
537.34
537.26
537.18
537.1
537.02
536.94
536.85
536.77
536.69
536.61
536.53
536.45
536.36
536.28
536.2
535.61
535.02
534.43
533.83
533.24
532.65
532.06
531.47
530.87
530.28
529.69
529.1
528.51
527.92
527.33
526.73
526.14
525.55
524.96
524.37
523.78
523.18
522.59
522
521.41
520.82
520.22
519.63
519.04
518.45
517.86
517.27
516.68
516.08
515.49
514.9
514.31
513.72
513.12
512.53
511.94
511.35
510.76
510.17
509.57
508.98
508.39
507.8
507.21
506.62
506.03
505.43
504.84
504.25
503.66
503.07
502.47
501.88
501.29
500.7
500.64
500.58
500.52
500.47
500.41
500.35
500.29
500.23
500.17
500.12
500.06
500
499.94
499.88
499.82
499.77
499.71
499.65
499.59
499.53
499.48
499.42
499.36
499.3
499.24
499.18
499.13
499.07
499.01
498.95
498.89
498.83
498.77
498.72
498.66
498.6
498.54
498.48
498.42
498.37
498.31
498.25
498.19
498.13
498.07
498.02
497.96
497.9
497.84
497.78
497.73
497.67
497.61
497.55
497.49
497.43
497.38
497.32
497.26
497.2
497.18
497.17
497.15
497.13
497.12
497.1
497.08
497.07
497.05
497.03
497.02
497
496.98
496.97
496.95
496.93
496.92
496.9
496.88
496.87
496.85
496.83
496.82
496.8
496.78
496.77
496.75
496.73
496.72
496.7
496.68
496.67
496.65
496.63
496.62
496.6
496.58
496.57
496.55
496.53
496.52
496.5
496.48
496.47
496.45
496.43
496.42
496.4
496.38
496.37
496.35
496.33
496.32
496.3
496.28
496.27
496.25
496.23
496.22
496.2
495.93
495.66
495.39
495.11
494.84
494.57
494.3
494.03
493.75
493.48
493.21
492.94
492.67
492.4
492.13
491.85
491.58
491.31
491.04
490.77
490.5
490.22
489.95
489.68
489.41
489.14
488.86
488.59
488.32
488.05
487.78
487.51
487.24
486.96
486.69
486.42
486.15
485.88
485.6
485.33
485.06
484.79
484.52
484.25
483.97
483.7
483.43
483.16
482.89
482.62
482.35
482.07
481.8
481.53
481.26
480.99
480.71
480.44
480.17
479.9
479.65
479.4
479.15
478.89
478.64
478.39
478.14
477.89
477.63
477.38
477.13
476.88
476.63
476.38
476.12
475.87
475.62
475.37
475.12
474.87
474.62
474.36
474.11
473.86
473.61
473.36
473.1
472.85
472.6
472.35
472.1
471.85
471.6
471.34
471.09
470.84
470.59
470.34
470.08
469.83
469.58
469.33
469.08
468.83
468.58
468.32
468.07
467.82
467.57
467.32
467.07
466.81
466.56
466.31
466.06
465.81
465.55
465.3
465.05
464.8
464.64
464.47
464.31
464.14
463.98
463.81
463.65
463.48
463.31
463.15
462.99
462.82
462.65
462.49
462.33
462.16
462
461.83
461.67
461.5
461.34
461.17
461
460.84
460.67
460.51
460.34
460.18
460.01
459.85
459.69
459.52
459.36
459.19
459.03
458.86
458.7
458.53
458.36
458.2
458.03
457.87
457.7
457.54
457.37
457.21
457.05
456.88
456.72
456.55
456.39
456.22
456.05
455.89
455.72
455.56
455.39
455.23
455.06
454.9
454.69
454.49
454.28
454.07
453.87
453.66
453.45
453.25
453.04
452.83
452.63
452.42
452.21
452.01
451.8
451.59
451.39
451.18
450.97
450.77
450.56
450.35
450.15
449.94
449.73
449.53
449.32
449.11
448.91
448.7
448.49
448.29
448.08
447.87
447.67
447.46
447.25
447.05
446.84
446.63
446.43
446.22
446.01
445.81
445.6
445.39
445.19
444.98
444.77
444.57
444.36
444.15
443.95
443.74
443.53
443.33
443.12
442.91
442.71
442.5
442.23
441.97
441.7
441.43
441.17
440.9
440.63
440.37
440.1
439.83
439.57
439.3
439.03
438.77
438.5
438.23
437.97
437.7
437.43
437.17
436.9
436.63
436.37
436.1
435.83
435.57
435.3
435.03
434.77
434.5
434.23
433.97
433.7
433.43
433.17
432.9
432.63
432.37
432.1
431.83
431.57
431.3
431.03
430.77
430.5
430.23
429.97
429.7
429.43
429.17
428.9
428.63
428.37
428.1
427.83
427.57
427.3
427.03
426.77
426.5
426.16
425.81
425.47
425.13
424.78
424.44
424.1
423.75
423.41
423.07
422.72
422.38
422.04
421.69
421.35
421.01
420.66
420.32
419.98
419.63
419.29
418.95
418.6
418.26
417.92
417.57
417.23
416.89
416.54
416.2
415.86
415.51
415.17
414.83
414.48
414.14
413.8
413.45
413.11
412.77
412.42
412.08
411.74
411.39
411.05
410.71
410.36
410.02
409.68
409.33
408.99
408.65
408.3
407.96
407.62
407.27
406.93
406.59
406.24
405.9
405.65
405.4
405.15
404.9
404.65
404.4
404.15
403.9
403.65
403.4
403.15
402.9
402.65
402.4
402.15
401.9
401.65
401.4
401.15
400.9
400.65
400.4
400.15
399.9
399.65
399.4
399.15
398.9
398.65
398.4
398.15
397.9
397.65
397.4
397.15
396.9
396.65
396.4
396.15
395.9
395.65
395.4
395.15
394.9
394.65
394.4
394.15
393.9
393.65
393.4
393.15
392.9
392.65
392.4
392.15
391.9
391.65
391.4
391.15
390.9
390.81
390.73
390.64
390.56
390.47
390.39
390.31
390.22
390.13
390.05
389.96
389.88
389.79
389.71
389.62
389.54
389.45
389.37
389.29
389.2
389.12
389.03
388.94
388.86
388.77
388.69
388.6
388.52
388.43
388.35
388.26
388.18
388.1
388.01
387.93
387.84
387.75
387.67
387.58
387.5
387.41
387.33
387.25
387.16
387.08
386.99
386.91
386.82
386.74
386.65
386.56
386.48
386.39
386.31
386.23
386.14
386.06
385.97
385.89
385.8
385.94
386.08
386.23
386.37
386.51
386.65
386.79
386.93
387.08
387.22
387.36
387.5
387.64
387.78
387.93
388.07
388.21
388.35
388.49
388.63
388.77
388.92
389.06
389.2
389.34
389.48
389.63
389.77
389.91
390.05
390.19
390.33
390.47
390.62
390.76
390.9
391.04
391.18
391.33
391.47
391.61
391.75
391.89
392.03
392.18
392.32
392.46
392.6
392.74
392.88
393.02
393.17
393.31
393.45
393.59
393.73
393.88
394.02
394.16
394.3
393.13
391.95
390.78
389.61
388.43
387.26
386.09
384.91
383.74
382.57
381.39
380.22
379.05
377.87
376.7
375.53
374.35
373.18
372.01
370.83
369.66
368.49
367.31
366.14
364.97
363.79
362.62
361.45
360.27
359.1
357.93
356.75
355.58
354.41
353.23
352.06
350.89
349.71
348.54
347.37
346.19
345.02
343.85
342.67
341.5
340.33
339.15
337.98
336.81
335.63
334.46
333.29
332.11
330.94
329.77
328.59
327.42
326.25
325.07
323.9
324.32
324.74
325.15
325.57
325.99
326.41
326.83
327.25
327.67
328.08
328.5
328.92
329.34
329.76
330.17
330.59
331.01
331.43
331.85
332.27
332.68
333.1
333.52
333.94
334.36
334.78
335.2
335.61
336.03
336.45
336.87
337.29
337.7
338.12
338.54
338.96
339.38
339.8
340.22
340.63
341.05
341.47
341.89
342.31
342.73
343.14
343.56
343.98
344.4
344.82
345.23
345.65
346.07
346.49
346.91
347.33
347.75
348.16
348.58
349
349.52
350.04
350.55
351.07
351.59
352.11
352.63
353.15
353.67
354.18
354.7
355.22
355.74
356.26
356.77
357.29
357.81
358.33
358.85
359.37
359.88
360.4
360.92
361.44
361.96
362.48
363
363.51
364.03
364.55
365.07
365.59
366.1
366.62
367.14
367.66
368.18
368.7
369.22
369.73
370.25
370.77
371.29
371.81
372.33
372.84
373.36
373.88
374.4
374.92
375.43
375.95
376.47
376.99
377.51
378.03
378.55
379.06
379.58
380.1
380.39
380.68
380.97
381.27
381.56
381.85
382.14
382.43
382.73
383.02
383.31
383.6
383.89
384.18
384.48
384.77
385.06
385.35
385.64
385.93
386.22
386.52
386.81
387.1
387.39
387.68
387.98
388.27
388.56
388.85
389.14
389.43
389.72
390.02
390.31
390.6
390.89
391.18
391.48
391.77
392.06
392.35
392.64
392.93
393.23
393.52
393.81
394.1
394.39
394.68
394.97
395.27
395.56
395.85
396.14
396.43
396.73
397.02
397.31
397.6
397.58
397.56
397.54
397.52
397.5
397.48
397.46
397.44
397.42
397.4
397.38
397.36
397.34
397.32
397.3
397.28
397.26
397.24
397.22
397.2
397.18
397.16
397.14
397.12
397.1
397.08
397.06
397.04
397.02
397
396.98
396.96
396.94
396.92
396.9
396.88
396.86
396.84
396.82
396.8
396.78
396.76
396.74
396.72
396.7
396.68
396.66
396.64
396.62
396.6
396.58
396.56
396.54
396.52
396.5
396.48
396.46
396.44
396.42
396.4
396.28
396.16
396.04
395.92
395.8
395.68
395.56
395.44
395.32
395.2
395.08
394.96
394.84
394.72
394.6
394.48
394.36
394.24
394.12
394
393.88
393.76
393.64
393.52
393.4
393.28
393.16
393.04
392.92
392.8
392.68
392.56
392.44
392.32
392.2
392.08
391.96
391.84
391.72
391.6
391.48
391.36
391.24
391.12
391
390.88
390.76
390.64
390.52
390.4
390.28
390.16
390.04
389.92
389.8
389.68
389.56
389.44
389.32
389.2
389.6
390
390.4
390.8
391.2
391.6
392
392.4
392.8
393.2
393.6
394
394.4
394.8
395.2
395.6
396
396.4
396.8
397.2
397.6
398
398.4
398.8
399.2
399.6
400
400.4
400.8
401.2
401.6
402
402.4
402.8
403.2
403.6
404
404.4
404.8
405.2
405.6
406
406.4
406.8
407.2
407.6
408
408.4
408.8
409.2
409.6
410
410.4
410.8
411.2
411.6
412
412.4
412.8
413.2
414.04
414.88
415.72
416.56
417.4
418.24
419.08
419.92
420.76
421.6
422.44
423.28
424.12
424.96
425.8
426.64
427.48
428.32
429.16
430
430.84
431.68
432.52
433.36
434.2
435.04
435.88
436.72
437.56
438.4
439.24
440.08
440.92
441.76
442.6
443.44
444.28
445.12
445.96
446.8
447.64
448.48
449.32
450.16
451
451.84
452.68
453.52
454.36
455.2
456.04
456.88
457.72
458.56
459.4
460.24
461.08
461.92
462.76
463.6
463.3
462.99
462.69
462.38
462.08
461.77
461.47
461.16
460.85
460.55
460.24
459.94
459.63
459.33
459.03
458.72
458.42
458.11
457.81
457.5
457.2
456.89
456.58
456.28
455.97
455.67
455.36
455.06
454.75
454.45
454.15
453.84
453.54
453.23
452.93
452.62
452.32
452.01
451.7
451.4
451.09
450.79
450.49
450.18
449.88
449.57
449.27
448.96
448.66
448.35
448.05
447.74
447.43
447.13
446.82
446.52
446.21
445.91
445.61
445.3
445.41
445.53
445.64
445.75
445.87
445.98
446.09
446.21
446.32
446.43
446.55
446.66
446.77
446.89
447
447.11
447.23
447.34
447.45
447.57
447.68
447.79
447.91
448.02
448.13
448.25
448.36
448.47
448.59
448.7
448.81
448.93
449.04
449.15
449.27
449.38
449.49
449.61
449.72
449.83
449.95
450.06
450.17
450.29
450.4
450.51
450.63
450.74
450.85
450.97
451.08
451.19
451.31
451.42
451.53
451.65
451.76
451.87
451.99
452.1
452.09
452.09
452.08
452.07
452.07
452.06
452.05
452.05
452.04
452.03
452.03
452.02
452.01
452.01
452
451.99
451.99
451.98
451.97
451.97
451.96
451.95
451.95
451.94
451.93
451.93
451.92
451.91
451.91
451.9
451.89
451.89
451.88
451.87
451.87
451.86
451.85
451.85
451.84
451.83
451.83
451.82
451.81
451.81
451.8
451.79
451.79
451.78
451.77
451.77
451.76
451.75
451.75
451.74
451.73
451.73
451.72
451.71
451.71
451.7
451.12
450.54
449.96
449.38
448.8
448.22
447.64
447.06
446.48
445.9
445.32
444.74
444.16
443.58
443
442.42
441.84
441.26
440.68
440.1
439.52
438.94
438.36
437.78
437.2
436.62
436.04
435.46
434.88
434.3
433.72
433.14
432.56
431.98
431.4
430.82
430.24
429.66
429.08
428.5
427.92
427.34
426.76
426.18
425.6
425.02
424.44
423.86
423.28
422.7
422.12
421.54
420.96
420.38
419.8
419.22
418.64
418.06
417.48
416.9
415.25
413.59
411.94
410.28
408.63
406.97
405.32
403.66
402
400.35
398.69
397.04
395.38
393.73
392.07
390.42
388.77
387.11
385.46
383.8
382.15
380.49
378.83
377.18
375.52
373.87
372.21
370.56
368.9
367.25
365.6
363.94
362.29
360.63
358.98
357.32
355.67
354.01
352.35
350.7
349.04
347.39
345.73
344.08
342.43
340.77
339.12
337.46
335.81
334.15
332.5
330.84
329.18
327.53
325.87
324.22
322.56
320.91
319.25
317.6
317.64
317.67
317.71
317.74
317.78
317.81
317.85
317.88
317.92
317.95
317.99
318.02
318.06
318.09
318.13
318.16
318.19
318.23
318.26
318.3
318.33
318.37
318.41
318.44
318.48
318.51
318.54
318.58
318.62
318.65
318.69
318.72
318.75
318.79
318.82
318.86
318.89
318.93
318.97
319
319.04
319.07
319.11
319.14
319.17
319.21
319.25
319.28
319.31
319.35
319.38
319.42
319.46
319.49
319.52
319.56
319.59
319.63
319.66
319.7
319.7
319.71
319.71
319.71
319.72
319.72
319.72
319.73
319.73
319.73
319.74
319.74
319.74
319.75
319.75
319.75
319.76
319.76
319.76
319.77
319.77
319.77
319.78
319.78
319.78
319.79
319.79
319.79
319.8
319.8
319.8
319.81
319.81
319.81
319.82
319.82
319.82
319.83
319.83
319.83
319.84
319.84
319.84
319.85
319.85
319.85
319.86
319.86
319.86
319.87
319.87
319.87
319.88
319.88
319.88
319.89
319.89
319.89
319.9
319.9
320.16
320.42
320.68
320.95
321.21
321.47
321.73
321.99
322.26
322.52
322.78
323.04
323.3
323.56
323.82
324.09
324.35
324.61
324.87
325.13
325.39
325.66
325.92
326.18
326.44
326.7
326.97
327.23
327.49
327.75
328.01
328.27
328.53
328.8
329.06
329.32
329.58
329.84
330.11
330.37
330.63
330.89
331.15
331.41
331.68
331.94
332.2
332.46
332.72
332.98
333.24
333.51
333.77
334.03
334.29
334.55
334.82
335.08
335.34
335.6
335.38
335.17
334.95
334.73
334.52
334.3
334.08
333.87
333.65
333.43
333.22
333
332.78
332.57
332.35
332.13
331.92
331.7
331.48
331.27
331.05
330.83
330.62
330.4
330.18
329.97
329.75
329.53
329.32
329.1
328.88
328.67
328.45
328.23
328.02
327.8
327.58
327.37
327.15
326.93
326.72
326.5
326.28
326.07
325.85
325.63
325.42
325.2
324.98
324.77
324.55
324.33
324.12
323.9
323.68
323.47
323.25
323.03
322.82
322.6
322.94
323.29
323.63
323.97
324.32
324.66
325
325.35
325.69
326.03
326.38
326.72
327.06
327.41
327.75
328.09
328.44
328.78
329.12
329.47
329.81
330.15
330.5
330.84
331.18
331.53
331.87
332.21
332.56
332.9
333.24
333.59
333.93
334.27
334.62
334.96
335.3
335.65
335.99
336.33
336.68
337.02
337.36
337.71
338.05
338.39
338.74
339.08
339.42
339.77
340.11
340.45
340.8
341.14
341.48
341.83
342.17
342.51
342.86
343.2
343.25
343.3
343.36
343.41
343.46
343.51
343.56
343.61
343.67
343.72
343.77
343.82
343.87
343.92
343.97
344.03
344.08
344.13
344.18
344.23
344.28
344.34
344.39
344.44
344.49
344.54
344.6
344.65
344.7
344.75
344.8
344.85
344.9
344.96
345.01
345.06
345.11
345.16
345.22
345.27
345.32
345.37
345.42
345.47
345.53
345.58
345.63
345.68
345.73
345.78
345.83
345.89
345.94
345.99
346.04
346.09
346.14
346.2
346.25
346.3
346.14
345.98
345.82
345.66
345.5
345.34
345.18
345.02
344.86
344.7
344.54
344.38
344.22
344.06
343.9
343.74
343.58
343.42
343.26
343.1
342.94
342.78
342.62
342.46
342.3
342.14
341.98
341.82
341.66
341.5
341.34
341.18
341.02
340.86
340.7
340.54
340.38
340.22
340.06
339.9
339.74
339.58
339.42
339.26
339.1
338.94
338.78
338.62
338.46
338.3
338.14
337.98
337.82
337.66
337.5
337.34
337.18
337.02
336.86
336.7
336.56
336.43
336.29
336.15
336.02
335.88
335.74
335.61
335.47
335.33
335.2
335.06
334.92
334.79
334.65
334.51
334.38
334.24
334.1
333.97
333.83
333.69
333.56
333.42
333.28
333.15
333.01
332.87
332.74
332.6
332.46
332.33
332.19
332.05
331.92
331.78
331.64
331.51
331.37
331.23
331.1
330.96
330.82
330.69
330.55
330.41
330.28
330.14
330
329.87
329.73
329.59
329.46
329.32
329.18
329.05
328.91
328.77
328.64
328.5
328.55
328.59
328.63
328.68
328.72
328.77
328.81
328.86
328.91
328.95
329
329.04
329.08
329.13
329.18
329.22
329.26
329.31
329.36
329.4
329.44
329.49
329.54
329.58
329.63
329.67
329.72
329.76
329.8
329.85
329.89
329.94
329.99
330.03
330.07
330.12
330.16
330.21
330.25
330.3
330.35
330.39
330.44
330.48
330.52
330.57
330.62
330.66
330.7
330.75
330.79
330.84
330.88
330.93
330.98
331.02
331.06
331.11
331.15
331.2
331.17
331.13
331.1
331.07
331.03
331
330.97
330.93
330.9
330.87
330.83
330.8
330.77
330.73
330.7
330.67
330.63
330.6
330.57
330.53
330.5
330.47
330.43
330.4
330.37
330.33
330.3
330.27
330.23
330.2
330.17
330.13
330.1
330.07
330.03
330
329.97
329.93
329.9
329.87
329.83
329.8
329.77
329.73
329.7
329.67
329.63
329.6
329.57
329.53
329.5
329.47
329.43
329.4
329.37
329.33
329.3
329.27
329.23
329.2
329.71
330.23
330.74
331.25
331.77
332.28
332.79
333.31
333.82
334.33
334.85
335.36
335.87
336.39
336.9
337.41
337.93
338.44
338.95
339.47
339.98
340.49
341.01
341.52
342.03
342.55
343.06
343.57
344.09
344.6
345.11
345.63
346.14
346.65
347.17
347.68
348.19
348.71
349.22
349.73
350.25
350.76
351.27
351.79
352.3
352.81
353.33
353.84
354.35
354.87
355.38
355.89
356.41
356.92
357.43
357.95
358.46
358.97
359.49
360
360.41
360.82
361.22
361.63
362.04
362.45
362.86
363.27
363.68
364.08
364.49
364.9
365.31
365.72
366.13
366.53
366.94
367.35
367.76
368.17
368.57
368.98
369.39
369.8
370.21
370.62
371.03
371.43
371.84
372.25
372.66
373.07
373.47
373.88
374.29
374.7
375.11
375.52
375.93
376.33
376.74
377.15
377.56
377.97
378.38
378.78
379.19
379.6
380.01
380.42
380.82
381.23
381.64
382.05
382.46
382.87
383.28
383.68
384.09
384.5
385.36
386.22
387.08
387.95
388.81
389.67
390.53
391.39
392.26
393.12
393.98
394.84
395.7
396.56
397.43
398.29
399.15
400.01
400.87
401.73
402.59
403.46
404.32
405.18
406.04
406.9
407.77
408.63
409.49
410.35
411.21
412.07
412.93
413.8
414.66
415.52
416.38
417.24
418.11
418.97
419.83
420.69
421.55
422.41
423.27
424.14
425
425.86
426.72
427.58
428.44
429.31
430.17
431.03
431.89
432.75
433.62
434.48
435.34
436.2
436.9
437.59
438.29
438.99
439.68
440.38
441.08
441.77
442.47
443.17
443.86
444.56
445.26
445.95
446.65
447.35
448.04
448.74
449.44
450.13
450.83
451.53
452.22
452.92
453.62
454.31
455.01
455.71
456.4
457.1
457.8
458.49
459.19
459.89
460.58
461.28
461.98
462.67
463.37
464.07
464.76
465.46
466.16
466.85
467.55
468.25
468.94
469.64
470.34
471.03
471.73
472.43
473.12
473.82
474.52
475.21
475.91
476.61
477.3
478
478.39
478.78
479.16
479.55
479.94
480.33
480.72
481.11
481.5
481.88
482.27
482.66
483.05
483.44
483.82
484.21
484.6
484.99
485.38
485.77
486.15
486.54
486.93
487.32
487.71
488.1
488.49
488.87
489.26
489.65
490.04
490.43
490.81
491.2
491.59
491.98
492.37
492.76
493.15
493.53
493.92
494.31
494.7
495.09
495.48
495.86
496.25
496.64
497.03
497.42
497.8
498.19
498.58
498.97
499.36
499.75
500.14
500.52
500.91
501.3
502.33
503.37
504.4
505.43
506.47
507.5
508.53
509.57
510.6
511.63
512.67
513.7
514.73
515.77
516.8
517.83
518.87
519.9
520.93
521.97
523
524.03
525.07
526.1
527.13
528.17
529.2
530.23
531.27
532.3
533.33
534.37
535.4
536.43
537.47
538.5
539.53
540.57
541.6
542.63
543.67
544.7
545.73
546.77
547.8
548.83
549.87
550.9
551.93
552.97
554
555.03
556.07
557.1
558.13
559.17
560.2
561.23
562.27
563.3
563.99
564.68
565.37
566.07
566.76
567.45
568.14
568.83
569.53
570.22
570.91
571.6
572.29
572.98
573.67
574.37
575.06
575.75
576.44
577.13
577.82
578.52
579.21
579.9
580.59
581.28
581.98
582.67
583.36
584.05
584.74
585.43
586.12
586.82
587.51
588.2
588.89
589.58
590.28
590.97
591.66
592.35
593.04
593.73
594.42
595.12
595.81
596.5
597.19
597.88
598.57
599.27
599.96
600.65
601.34
602.03
602.73
603.42
604.11
604.8
604.9
605
605.1
605.2
605.3
605.4
605.5
605.6
605.7
605.8
605.9
606
606.1
606.2
606.3
606.4
606.5
606.6
606.7
606.8
606.9
607
607.1
607.2
607.3
607.4
607.5
607.6
607.7
607.8
607.9
608
608.1
608.2
608.3
608.4
608.5
608.6
608.7
608.8
608.9
609
609.1
609.2
609.3
609.4
609.5
609.6
609.7
609.8
609.9
610
610.1
610.2
610.3
610.4
610.5
610.6
610.7
610.8
611
611.2
611.4
611.59
611.79
611.99
612.19
612.39
612.59
612.78
612.98
613.18
613.38
613.58
613.77
613.97
614.17
614.37
614.57
614.77
614.96
615.16
615.36
615.56
615.76
615.96
616.15
616.35
616.55
616.75
616.95
617.15
617.35
617.54
617.74
617.94
618.14
618.34
618.54
618.73
618.93
619.13
619.33
619.53
619.73
619.92
620.12
620.32
620.52
620.72
620.91
621.11
621.31
621.51
621.71
621.91
622.1
622.3
622.5
622.7
622.54
622.39
622.23
622.07
621.92
621.76
621.6
621.45
621.29
621.13
620.98
620.82
620.66
620.51
620.35
620.19
620.04
619.88
619.72
619.57
619.41
619.25
619.1
618.94
618.78
618.63
618.47
618.31
618.16
618
617.84
617.69
617.53
617.37
617.22
617.06
616.9
616.75
616.59
616.43
616.28
616.12
615.96
615.81
615.65
615.49
615.34
615.18
615.02
614.87
614.71
614.55
614.4
614.24
614.08
613.93
613.77
613.61
613.46
613.3
613.25
613.2
613.15
613.1
613.05
613
612.95
612.9
612.85
612.8
612.75
612.7
612.65
612.6
612.55
612.5
612.45
612.4
612.35
612.3
612.25
612.2
612.15
612.1
612.05
612
611.95
611.9
611.85
611.8
611.75
611.7
611.65
611.6
611.55
611.5
611.45
611.4
611.35
611.3
611.25
611.2
611.15
611.1
611.05
611
610.95
610.9
610.85
610.8
610.75
610.7
610.65
610.6
610.55
610.5
610.45
610.4
610.35
610.3
610.04
609.78
609.52
609.27
609.01
608.75
608.49
608.23
607.97
607.72
607.46
607.2
606.94
606.68
606.42
606.17
605.91
605.65
605.39
605.13
604.88
604.62
604.36
604.1
603.84
603.58
603.33
603.07
602.81
602.55
602.29
602.03
601.77
601.52
601.26
601
600.74
600.48
600.22
599.97
599.71
599.45
599.19
598.93
598.67
598.42
598.16
597.9
597.64
597.38
597.13
596.87
596.61
596.35
596.09
595.83
595.58
595.32
595.06
594.8
594.15
593.49
592.84
592.19
591.53
590.88
590.23
589.57
588.92
588.27
587.61
586.96
586.31
585.65
585
584.35
583.69
583.04
582.39
581.73
581.08
580.43
579.77
579.12
578.47
577.81
577.16
576.51
575.85
575.2
574.55
573.89
573.24
572.59
571.93
571.28
570.63
569.97
569.32
568.67
568.01
567.36
566.71
566.05
565.4
564.75
564.09
563.44
562.79
562.13
561.48
560.83
560.17
559.52
558.87
558.21
557.56
556.91
556.25
555.6
554.4
553.21
552.01
550.81
549.62
548.42
547.22
546.03
544.83
543.63
542.44
541.24
540.04
538.85
537.65
536.45
535.26
534.06
532.86
531.67
530.47
529.27
528.08
526.88
525.68
524.49
523.29
522.09
520.9
519.7
518.5
517.31
516.11
514.91
513.72
512.52
511.32
510.13
508.93
507.73
506.54
505.34
504.14
502.95
501.75
500.55
499.36
498.16
496.96
495.77
494.57
493.37
492.18
490.98
489.78
488.59
487.39
486.19
485
483.8
483.39
482.99
482.58
482.17
481.77
481.36
480.95
480.55
480.14
479.73
479.33
478.92
478.51
478.11
477.7
477.29
476.89
476.48
476.07
475.67
475.26
474.85
474.45
474.04
473.63
473.23
472.82
472.41
472.01
471.6
471.19
470.79
470.38
469.97
469.57
469.16
468.75
468.35
467.94
467.53
467.13
466.72
466.31
465.91
465.5
465.09
464.69
464.28
463.87
463.47
463.06
462.65
462.25
461.84
461.43
461.03
460.62
460.21
459.81
459.4
458.74
458.07
457.41
456.75
456.08
455.42
454.76
454.09
453.43
452.77
452.1
451.44
450.78
450.11
449.45
448.79
448.12
447.46
446.8
446.13
445.47
444.81
444.14
443.48
442.82
442.15
441.49
440.83
440.16
439.5
438.84
438.17
437.51
436.85
436.18
435.52
434.86
434.19
433.53
432.87
432.2
431.54
430.88
430.21
429.55
428.89
428.22
427.56
426.9
426.23
425.57
424.91
424.24
423.58
422.92
422.25
421.59
420.93
420.26
419.6
419.01
418.42
417.83
417.25
416.66
416.07
415.48
414.89
414.3
413.72
413.13
412.54
411.95
411.36
410.78
410.19
409.6
409.01
408.42
407.83
407.25
406.66
406.07
405.48
404.89
404.3
403.72
403.13
402.54
401.95
401.36
400.77
400.18
399.6
399.01
398.42
397.83
397.24
396.65
396.07
395.48
394.89
394.3
393.71
393.13
392.54
391.95
391.36
390.77
390.18
389.6
389.01
388.42
387.83
387.24
386.65
386.07
385.48
384.89
384.3
383.84
383.38
382.91
382.45
381.99
381.53
381.07
380.61
380.14
379.68
379.22
378.76
378.3
377.84
377.38
376.91
376.45
375.99
375.53
375.07
374.61
374.14
373.68
373.22
372.76
372.3
371.84
371.37
370.91
370.45
369.99
369.53
369.06
368.6
368.14
367.68
367.22
366.76
366.29
365.83
365.37
364.91
364.45
363.99
363.53
363.06
362.6
362.14
361.68
361.22
360.76
360.29
359.83
359.37
358.91
358.45
357.99
357.52
357.06
356.6
356.05
355.51
354.96
354.41
353.87
353.32
352.77
352.23
351.68
351.13
350.59
350.04
349.49
348.95
348.4
347.85
347.31
346.76
346.21
345.67
345.12
344.57
344.03
343.48
342.93
342.39
341.84
341.29
340.75
340.2
339.65
339.11
338.56
338.01
337.47
336.92
336.37
335.83
335.28
334.73
334.19
333.64
333.09
332.55
332
331.45
330.91
330.36
329.81
329.27
328.72
328.17
327.63
327.08
326.53
325.99
325.44
324.89
324.35
323.8
323.55
323.29
323.04
322.79
322.53
322.28
322.03
321.77
321.52
321.27
321.01
320.76
320.51
320.25
320
319.75
319.49
319.24
318.99
318.73
318.48
318.23
317.97
317.72
317.47
317.21
316.96
316.71
316.45
316.2
315.95
315.69
315.44
315.19
314.93
314.68
314.43
314.17
313.92
313.67
313.41
313.16
312.91
312.65
312.4
312.15
311.89
311.64
311.39
311.13
310.88
310.63
310.37
310.12
309.87
309.61
309.36
309.11
308.85
308.6
308.39
308.18
307.97
307.77
307.56
307.35
307.14
306.93
306.72
306.52
306.31
306.1
305.89
305.68
305.48
305.27
305.06
304.85
304.64
304.43
304.23
304.02
303.81
303.6
303.39
303.18
302.98
302.77
302.56
302.35
302.14
301.93
301.72
301.52
301.31
301.1
300.89
300.68
300.47
300.27
300.06
299.85
299.64
299.43
299.23
299.02
298.81
298.6
298.39
298.18
297.98
297.77
297.56
297.35
297.14
296.93
296.73
296.52
296.31
296.1
296.14
296.17
296.21
296.24
296.28
296.31
296.35
296.38
296.42
296.45
296.49
296.52
296.56
296.59
296.63
296.66
296.69
296.73
296.76
296.8
296.84
296.87
296.9
296.94
296.97
297.01
297.04
297.08
297.12
297.15
297.19
297.22
297.25
297.29
297.33
297.36
297.4
297.43
297.47
297.5
297.54
297.57
297.61
297.64
297.67
297.71
297.75
297.78
297.81
297.85
297.88
297.92
297.95
297.99
298.02
298.06
298.09
298.13
298.16
298.2
298.54
298.87
299.21
299.54
299.88
300.21
300.55
300.88
301.22
301.55
301.89
302.22
302.56
302.89
303.22
303.56
303.89
304.23
304.56
304.9
305.23
305.57
305.9
306.24
306.57
306.91
307.24
307.58
307.91
308.25
308.59
308.92
309.26
309.59
309.93
310.26
310.6
310.93
311.27
311.6
311.94
312.27
312.61
312.94
313.28
313.61
313.94
314.28
314.61
314.95
315.28
315.62
315.95
316.29
316.62
316.96
317.29
317.63
317.96
318.3
318.68
319.05
319.43
319.81
320.18
320.56
320.94
321.31
321.69
322.07
322.44
322.82
323.2
323.57
323.95
324.33
324.7
325.08
325.46
325.83
326.21
326.59
326.96
327.34
327.72
328.09
328.47
328.85
329.22
329.6
329.98
330.35
330.73
331.11
331.48
331.86
332.24
332.61
332.99
333.37
333.74
334.12
334.5
334.87
335.25
335.63
336
336.38
336.76
337.13
337.51
337.89
338.26
338.64
339.02
339.39
339.77
340.15
340.52
340.9
341.5
342.11
342.71
343.31
343.92
344.52
345.12
345.73
346.33
346.93
347.54
348.14
348.74
349.35
349.95
350.55
351.16
351.76
352.36
352.97
353.57
354.17
354.78
355.38
355.98
356.59
357.19
357.79
358.4
359
359.6
360.21
360.81
361.41
362.02
362.62
363.22
363.83
364.43
365.03
365.64
366.24
366.84
367.45
368.05
368.65
369.26
369.86
370.46
371.07
371.67
372.27
372.88
373.48
374.08
374.69
375.29
375.89
376.5
377.1
376.81
376.52
376.23
375.95
375.66
375.37
375.08
374.79
374.5
374.22
373.93
373.64
373.35
373.06
372.78
372.49
372.2
371.91
371.62
371.33
371.05
370.76
370.47
370.18
369.89
369.6
369.32
369.03
368.74
368.45
368.16
367.87
367.58
367.3
367.01
366.72
366.43
366.14
365.85
365.57
365.28
364.99
364.7
364.41
364.13
363.84
363.55
363.26
362.97
362.68
362.4
362.11
361.82
361.53
361.24
360.95
360.67
360.38
360.09
359.8
360.62
361.44
362.26
363.08
363.9
364.72
365.54
366.36
367.18
368
368.82
369.64
370.46
371.28
372.1
372.92
373.74
374.56
375.38
376.2
377.02
377.84
378.66
379.48
380.3
381.12
381.94
382.76
383.58
384.4
385.22
386.04
386.86
387.68
388.5
389.32
390.14
390.96
391.78
392.6
393.42
394.24
395.06
395.88
396.7
397.52
398.34
399.16
399.98
400.8
401.62
402.44
403.26
404.08
404.9
405.72
406.54
407.36
408.18
409
409.75
410.49
411.24
411.98
412.73
413.47
414.22
414.96
415.71
416.45
417.2
417.94
418.69
419.43
420.18
420.92
421.66
422.41
423.15
423.9
424.64
425.39
426.13
426.88
427.62
428.37
429.11
429.86
430.6
431.35
432.1
432.84
433.59
434.33
435.08
435.82
436.57
437.31
438.06
438.8
439.55
440.29
441.04
441.78
442.52
443.27
444.01
444.76
445.5
446.25
446.99
447.74
448.48
449.23
449.97
450.72
451.46
452.21
452.95
453.7
454.24
454.78
455.32
455.85
456.39
456.93
457.47
458.01
458.55
459.08
459.62
460.16
460.7
461.24
461.77
462.31
462.85
463.39
463.93
464.47
465
465.54
466.08
466.62
467.16
467.7
468.23
468.77
469.31
469.85
470.39
470.93
471.47
472
472.54
473.08
473.62
474.16
474.7
475.23
475.77
476.31
476.85
477.39
477.93
478.46
479
479.54
480.08
480.62
481.15
481.69
482.23
482.77
483.31
483.85
484.38
484.92
485.46
486
486.54
487.07
487.61
488.14
488.68
489.21
489.75
490.28
490.82
491.35
491.89
492.42
492.96
493.49
494.02
494.56
495.09
495.63
496.16
496.7
497.23
497.77
498.3
498.84
499.37
499.91
500.44
500.98
501.51
502.05
502.59
503.12
503.66
504.19
504.73
505.26
505.8
506.33
506.87
507.4
507.94
508.47
509.01
509.54
510.08
510.61
511.14
511.68
512.21
512.75
513.28
513.82
514.35
514.89
515.42
515.96
516.49
517.03
517.56
518.1
518.87
519.63
520.4
521.17
521.93
522.7
523.47
524.23
525
525.77
526.53
527.3
528.07
528.83
529.6
530.37
531.13
531.9
532.67
533.43
534.2
534.97
535.73
536.5
537.27
538.03
538.8
539.57
540.33
541.1
541.87
542.63
543.4
544.17
544.93
545.7
546.47
547.23
548
548.77
549.53
550.3
551.07
551.83
552.6
553.37
554.13
554.9
555.67
556.43
557.2
557.97
558.73
559.5
560.27
561.03
561.8
562.57
563.33
564.1
564.34
564.57
564.81
565.04
565.28
565.51
565.75
565.98
566.22
566.45
566.69
566.92
567.16
567.39
567.63
567.86
568.1
568.33
568.56
568.8
569.03
569.27
569.5
569.74
569.97
570.21
570.44
570.68
570.91
571.15
571.39
571.62
571.86
572.09
572.33
572.56
572.8
573.03
573.27
573.5
573.74
573.97
574.21
574.44
574.68
574.91
575.14
575.38
575.62
575.85
576.08
576.32
576.55
576.79
577.02
577.26
577.49
577.73
577.96
578.2
578.31
578.42
578.54
578.65
578.76
578.87
578.98
579.09
579.21
579.32
579.43
579.54
579.65
579.76
579.88
579.99
580.1
580.21
580.32
580.43
580.55
580.66
580.77
580.88
580.99
581.1
581.21
581.33
581.44
581.55
581.66
581.77
581.89
582
582.11
582.22
582.33
582.44
582.56
582.67
582.78
582.89
583
583.11
583.22
583.34
583.45
583.56
583.67
583.78
583.89
584.01
584.12
584.23
584.34
584.45
584.56
584.68
584.79
584.9
584.83
584.76
584.68
584.61
584.54
584.47
584.4
584.33
584.25
584.18
584.11
584.04
583.97
583.9
583.82
583.75
583.68
583.61
583.54
583.47
583.39
583.32
583.25
583.18
583.11
583.04
582.97
582.89
582.82
582.75
582.68
582.61
582.53
582.46
582.39
582.32
582.25
582.18
582.11
582.03
581.96
581.89
581.82
581.75
581.68
581.6
581.53
581.46
581.39
581.32
581.25
581.17
581.1
581.03
580.96
580.89
580.82
580.74
580.67
580.6
580.56
580.52
580.48
580.43
580.39
580.35
580.31
580.27
580.23
580.18
580.14
580.1
580.06
580.02
579.98
579.93
579.89
579.85
579.81
579.77
579.73
579.68
579.64
579.6
579.56
579.52
579.48
579.43
579.39
579.35
579.31
579.27
579.22
579.18
579.14
579.1
579.06
579.02
578.98
578.93
578.89
578.85
578.81
578.77
578.73
578.68
578.64
578.6
578.56
578.52
578.48
578.43
578.39
578.35
578.31
578.27
578.23
578.18
578.14
578.1
578.4
578.7
579
579.29
579.59
579.89
580.19
580.49
580.79
581.08
581.38
581.68
581.98
582.28
582.58
582.87
583.17
583.47
583.77
584.07
584.36
584.66
584.96
585.26
585.56
585.86
586.15
586.45
586.75
587.05
587.35
587.65
587.95
588.24
588.54
588.84
589.14
589.44
589.74
590.03
590.33
590.63
590.93
591.23
591.52
591.82
592.12
592.42
592.72
593.02
593.31
593.61
593.91
594.21
594.51
594.81
595.1
595.4
595.7
596
596.04
596.08
596.13
596.17
596.21
596.25
596.29
596.33
596.38
596.42
596.46
596.5
596.54
596.58
596.63
596.67
596.71
596.75
596.79
596.83
596.88
596.92
596.96
597
597.04
597.08
597.13
597.17
597.21
597.25
597.29
597.33
597.38
597.42
597.46
597.5
597.54
597.58
597.63
597.67
597.71
597.75
597.79
597.83
597.88
597.92
597.96
598
598.04
598.08
598.13
598.17
598.21
598.25
598.29
598.33
598.38
598.42
598.46
598.5
597.31
596.13
594.94
593.76
592.57
591.39
590.2
589.02
587.83
586.65
585.46
584.28
583.09
581.91
580.73
579.54
578.36
577.17
575.99
574.8
573.62
572.43
571.25
570.06
568.88
567.69
566.51
565.32
564.14
562.95
561.76
560.58
559.39
558.21
557.02
555.84
554.65
553.47
552.28
551.1
549.91
548.73
547.54
546.36
545.17
543.99
542.81
541.62
540.44
539.25
538.07
536.88
535.7
534.51
533.33
532.14
530.96
529.77
528.59
527.4
527.01
526.63
526.24
525.86
525.47
525.09
524.7
524.32
523.93
523.55
523.16
522.78
522.39
522.01
521.63
521.24
520.86
520.47
520.09
519.7
519.32
518.93
518.55
518.16
517.78
517.39
517.01
516.62
516.24
515.85
515.46
515.08
514.69
514.31
513.92
513.54
513.15
512.77
512.38
512
511.61
511.23
510.84
510.46
510.08
509.69
509.31
508.92
508.54
508.15
507.77
507.38
507
506.61
506.23
505.84
505.46
505.07
504.69
504.3
503.71
503.12
502.52
501.93
501.34
500.75
500.16
499.57
498.97
498.38
497.79
497.2
496.61
496.02
495.43
494.83
494.24
493.65
493.06
492.47
491.88
491.28
490.69
490.1
489.51
488.92
488.33
487.73
487.14
486.55
485.96
485.37
484.77
484.18
483.59
483
482.41
481.82
481.22
480.63
480.04
479.45
478.86
478.27
477.68
477.08
476.49
475.9
475.31
474.72
474.13
473.53
472.94
472.35
471.76
471.17
470.58
469.98
469.39
468.8
468.45
468.09
467.74
467.39
467.03
466.68
466.33
465.97
465.62
465.27
464.91
464.56
464.21
463.85
463.5
463.15
462.79
462.44
462.09
461.73
461.38
461.03
460.67
460.32
459.97
459.61
459.26
458.91
458.55
458.2
457.85
457.49
457.14
456.79
456.43
456.08
455.73
455.37
455.02
454.67
454.31
453.96
453.61
453.25
452.9
452.55
452.19
451.84
451.49
451.13
450.78
450.43
450.07
449.72
449.37
449.01
448.66
448.31
447.95
447.6
447.13
446.67
446.2
445.74
445.27
444.81
444.34
443.88
443.41
442.95
442.48
442.02
441.55
441.09
440.63
440.16
439.7
439.23
438.77
438.3
437.84
437.37
436.91
436.44
435.98
435.51
435.05
434.58
434.12
433.65
433.18
432.72
432.25
431.79
431.32
430.86
430.39
429.93
429.46
429
428.53
428.07
427.6
427.14
426.67
426.21
425.75
425.28
424.82
424.35
423.89
423.42
422.96
422.49
422.03
421.56
421.1
420.63
420.17
419.7
418.98
418.27
417.55
416.83
416.12
415.4
414.68
413.97
413.25
412.53
411.82
411.1
410.38
409.67
408.95
408.23
407.52
406.8
406.08
405.37
404.65
403.93
403.22
402.5
401.78
401.07
400.35
399.63
398.92
398.2
397.48
396.77
396.05
395.33
394.62
393.9
393.18
392.47
391.75
391.03
390.32
389.6
388.88
388.17
387.45
386.73
386.02
385.3
384.58
383.87
383.15
382.43
381.72
381
380.28
379.57
378.85
378.13
377.42
376.7
376.55
376.41
376.26
376.12
375.97
375.83
375.68
375.54
375.39
375.25
375.1
374.96
374.81
374.67
374.52
374.38
374.24
374.09
373.95
373.8
373.66
373.51
373.37
373.22
373.08
372.93
372.79
372.64
372.5
372.35
372.2
372.06
371.91
371.77
371.62
371.48
371.33
371.19
371.04
370.9
370.75
370.61
370.46
370.32
370.18
370.03
369.88
369.74
369.6
369.45
369.31
369.16
369.02
368.87
368.73
368.58
368.44
368.29
368.15
368
367.84
367.69
367.53
367.37
367.22
367.06
366.9
366.75
366.59
366.43
366.28
366.12
365.96
365.81
365.65
365.49
365.34
365.18
365.02
364.87
364.71
364.55
364.4
364.24
364.08
363.93
363.77
363.61
363.46
363.3
363.14
362.99
362.83
362.67
362.52
362.36
362.2
362.05
361.89
361.73
361.58
361.42
361.26
361.11
360.95
360.79
360.64
360.48
360.32
360.17
360.01
359.85
359.7
359.54
359.38
359.23
359.07
358.91
358.76
358.6
358.65
358.7
358.75
358.8
358.85
358.9
358.95
359
359.05
359.1
359.15
359.2
359.25
359.3
359.35
359.4
359.45
359.5
359.55
359.6
359.65
359.7
359.75
359.8
359.85
359.9
359.95
360
360.05
360.1
360.15
360.2
360.25
360.3
360.35
360.4
360.45
360.5
360.55
360.6
360.65
360.7
360.75
360.8
360.85
360.9
360.95
361
361.05
361.1
361.15
361.2
361.25
361.3
361.35
361.4
361.45
361.5
361.55
361.6
361.6
361.6
361.6
361.6
361.6
361.6
361.6
361.6
361.6
361.6
361.6
361.6
361.6
361.6
361.6
361.6
361.6
361.6
361.6
361.6
361.6
361.6
361.6
361.6
361.6
361.6
361.6
361.6
361.6
361.6
361.6
361.6
361.6
361.6
361.6
361.6
361.6
361.6
361.6
361.6
361.6
361.6
361.6
361.6
361.6
361.6
361.6
361.6
361.6
361.6
361.6
361.6
361.6
361.6
361.6
361.6
361.6
361.6
361.6
361.6
