10.886
10.89
10.893
10.897
10.901
10.905
10.909
10.913
10.917
10.921
10.925
10.929
10.933
10.937
10.941
10.945
10.949
10.953
10.957
10.961
10.965
10.968
10.972
10.976
10.98
10.984
10.988
10.992
10.996
11
11.004
11.008
11.012
11.016
11.02
11.024
11.028
11.032
11.036
11.04
11.044
11.047
11.051
11.055
11.059
11.063
11.067
11.071
11.075
11.079
11.083
11.087
11.091
11.095
11.099
11.103
11.107
11.111
11.115
11.119
11.123
11.122
11.121
11.121
11.12
11.119
11.119
11.118
11.117
11.117
11.116
11.115
11.115
11.114
11.114
11.113
11.112
11.112
11.111
11.11
11.11
11.109
11.108
11.108
11.107
11.107
11.106
11.105
11.105
11.104
11.103
11.103
11.102
11.102
11.101
11.1
11.1
11.099
11.099
11.098
11.097
11.097
11.096
11.096
11.095
11.094
11.094
11.093
11.093
11.092
11.091
11.091
11.09
11.09
11.089
11.088
11.088
11.087
11.087
11.086
11.086
11.074
11.063
11.052
11.041
11.03
11.019
11.008
10.997
10.986
10.975
10.964
10.952
10.941
10.93
10.919
10.908
10.897
10.886
10.875
10.864
10.853
10.842
10.83
10.819
10.808
10.797
10.786
10.775
10.764
10.753
10.742
10.731
10.719
10.708
10.697
10.686
10.675
10.664
10.653
10.642
10.631
10.62
10.609
10.597
10.586
10.575
10.564
10.553
10.542
10.531
10.52
10.509
10.498
10.487
10.476
10.464
10.453
10.442
10.431
10.42
10.404
10.387
10.371
10.355
10.338
10.322
10.305
10.289
10.273
10.256
10.24
10.224
10.207
10.191
10.175
10.158
10.142
10.125
10.109
10.093
10.076
10.06
10.044
10.027
10.011
9.9946
9.9782
9.9618
9.9455
9.9291
9.9128
9.8964
9.88
9.8637
9.8473
9.831
9.8146
9.7982
9.7819
9.7655
9.7492
9.7328
9.7164
9.7001
9.6837
9.6674
9.651
9.6346
9.6183
9.6019
9.5856
9.5692
9.5529
9.5365
9.5201
9.5038
9.4874
9.4711
9.4547
9.4384
9.4317
9.4251
9.4185
9.4118
9.4052
9.3986
9.3919
9.3853
9.3787
9.372
9.3654
9.3588
9.3521
9.3455
9.3389
9.3323
9.3256
9.319
9.3124
9.3057
9.2991
9.2925
9.2858
9.2792
9.2726
9.266
9.2593
9.2527
9.2461
9.2395
9.2328
9.2262
9.2196
9.2129
9.2063
9.1997
9.1931
9.1864
9.1798
9.1732
9.1666
9.1599
9.1533
9.1467
9.1401
9.1334
9.1268
9.1202
9.1136
9.107
9.1003
9.0937
9.0871
9.0805
9.0738
9.0672
9.0606
9.054
9.0474
9.0407
9.0423
9.0439
9.0455
9.0471
9.0488
9.0504
9.052
9.0536
9.0553
9.0569
9.0585
9.0602
9.0618
9.0635
9.0651
9.0668
9.0684
9.0701
9.0718
9.0734
9.0751
9.0768
9.0785
9.0802
9.0818
9.0835
9.0852
9.0869
9.0886
9.0904
9.0921
9.0938
9.0955
9.0972
9.099
9.1007
9.1024
9.1042
9.1059
9.1077
9.1094
9.1112
9.1129
9.1147
9.1164
9.1182
9.12
9.1218
9.1235
9.1253
9.1271
9.1289
9.1307
9.1325
9.1343
9.1361
9.1379
9.1397
9.1416
9.1434
9.1337
9.1241
9.1145
9.1048
9.0952
9.0856
9.076
9.0664
9.0568
9.0472
9.0376
9.0281
9.0185
9.009
8.9994
8.9899
8.9803
8.9708
8.9613
8.9518
8.9423
8.9328
8.9233
8.9138
8.9044
8.8949
8.8854
8.876
8.8666
8.8571
8.8477
8.8383
8.8289
8.8195
8.8101
8.8007
8.7913
8.782
8.7726
8.7633
8.7539
8.7446
8.7353
8.7259
8.7166
8.7073
8.698
8.6888
8.6795
8.6702
8.661
8.6517
8.6425
8.6332
8.624
8.6148
8.6056
8.5964
8.5872
8.578
8.5762
8.5744
8.5726
8.5708
8.569
8.5672
8.5655
8.5637
8.562
8.5602
8.5585
8.5568
8.5551
8.5534
8.5517
8.55
8.5483
8.5467
8.545
8.5434
8.5417
8.5401
8.5385
8.5368
8.5352
8.5336
8.5321
8.5305
8.5289
8.5274
8.5258
8.5243
8.5227
8.5212
8.5197
8.5182
8.5167
8.5152
8.5137
8.5122
8.5108
8.5093
8.5079
8.5064
8.505
8.5036
8.5022
8.5008
8.4994
8.498
8.4966
8.4953
8.4939
8.4926
8.4912
8.4899
8.4886
8.4873
8.486
8.4847
8.4811
8.4776
8.4741
8.4706
8.4671
8.4636
8.4601
8.4566
8.4531
8.4497
8.4462
8.4427
8.4393
8.4358
8.4324
8.4289
8.4255
8.4221
8.4187
8.4153
8.4119
8.4085
8.4051
8.4017
8.3983
8.395
8.3916
8.3882
8.3849
8.3815
8.3782
8.3749
8.3715
8.3682
8.3649
8.3616
8.3583
8.355
8.3517
8.3485
8.3452
8.3419
8.3387
8.3354
8.3322
8.3289
8.3257
8.3225
8.3193
8.316
8.3128
8.3096
8.3065
8.3033
8.3001
8.2969
8.2938
8.2906
8.2875
8.2843
8.2807
8.2772
8.2736
8.27
8.2665
8.2629
8.2593
8.2558
8.2522
8.2487
8.2451
8.2415
8.238
8.2344
8.2309
8.2273
8.2237
8.2202
8.2166
8.2131
8.2095
8.206
8.2024
8.1989
8.1953
8.1917
8.1882
8.1846
8.1811
8.1776
8.174
8.1705
8.1669
8.1634
8.1598
8.1563
8.1527
8.1492
8.1456
8.1421
8.1386
8.135
8.1315
8.1279
8.1244
8.1209
8.1173
8.1138
8.1103
8.1067
8.1032
8.0997
8.0961
8.0926
8.0891
8.0855
8.082
8.0785
8.0749
8.0714
8.0675
8.0635
8.0595
8.0556
8.0516
8.0477
8.0437
8.0398
8.0358
8.0319
8.0279
8.024
8.02
8.0161
8.0122
8.0082
8.0043
8.0003
7.9964
7.9925
7.9885
7.9846
7.9807
7.9768
7.9728
7.9689
7.965
7.9611
7.9571
7.9532
7.9493
7.9454
7.9415
7.9376
7.9336
7.9297
7.9258
7.9219
7.918
7.9141
7.9102
7.9063
7.9024
7.8985
7.8946
7.8907
7.8868
7.8829
7.879
7.8751
7.8713
7.8674
7.8635
7.8596
7.8557
7.8518
7.848
7.8441
7.8402
7.8363
7.7848
7.7333
7.6818
7.6303
7.5788
7.5273
7.4758
7.4244
7.3729
7.3214
7.27
7.2185
7.1671
7.1157
7.0642
7.0128
6.9614
6.91
6.8586
6.8073
6.7559
6.7045
6.6532
6.6018
6.5505
6.4992
6.4479
6.3966
6.3453
6.294
6.2427
6.1915
6.1402
6.089
6.0378
5.9866
5.9354
5.8842
5.833
5.7819
5.7307
5.6796
5.6285
5.5774
5.5264
5.4753
5.4243
5.3732
5.3222
5.2713
5.2203
5.1693
5.1184
5.0675
5.0166
4.9658
4.9149
4.8641
4.8133
4.7626
4.7652
4.7678
4.7704
4.773
4.7756
4.7782
4.7808
4.7834
4.7861
4.7887
4.7913
4.794
4.7966
4.7992
4.8019
4.8045
4.8072
4.8098
4.8125
4.8152
4.8179
4.8205
4.8232
4.8259
4.8286
4.8313
4.834
4.8367
4.8394
4.8421
4.8448
4.8475
4.8502
4.8529
4.8557
4.8584
4.8611
4.8639
4.8666
4.8693
4.8721
4.8748
4.8776
4.8804
4.8831
4.8859
4.8887
4.8914
4.8942
4.897
4.8998
4.9026
4.9054
4.9082
4.911
4.9138
4.9166
4.9194
4.9222
4.925
4.9285
4.932
4.9354
4.9389
4.9424
4.9459
4.9494
4.9528
4.9563
4.9598
4.9633
4.9668
4.9704
4.9739
4.9774
4.9809
4.9844
4.988
4.9915
4.995
4.9986
5.0021
5.0057
5.0092
5.0128
5.0163
5.0199
5.0235
5.027
5.0306
5.0342
5.0378
5.0414
5.045
5.0485
5.0521
5.0557
5.0594
5.063
5.0666
5.0702
5.0738
5.0774
5.0811
5.0847
5.0883
5.092
5.0956
5.0992
5.1029
5.1065
5.1102
5.1139
5.1175
5.1212
5.1249
5.1285
5.1322
5.1359
5.1396
5.1467
5.1538
5.1609
5.1681
5.1752
5.1824
5.1895
5.1967
5.2039
5.2111
5.2183
5.2255
5.2327
5.2399
5.2471
5.2543
5.2616
5.2688
5.2761
5.2833
5.2906
5.2979
5.3052
5.3125
5.3198
5.3271
5.3344
5.3417
5.349
5.3563
5.3637
5.371
5.3784
5.3858
5.3931
5.4005
5.4079
5.4153
5.4227
5.4301
5.4375
5.4449
5.4523
5.4597
5.4672
5.4746
5.4821
5.4895
5.497
5.5045
5.5119
5.5194
5.5269
5.5344
5.5419
5.5494
5.5569
5.5645
5.572
5.5795
5.5839
5.5883
5.5927
5.5971
5.6015
5.6059
5.6103
5.6148
5.6192
5.6237
5.6282
5.6327
5.6372
5.6417
5.6462
5.6507
5.6553
5.6598
5.6644
5.669
5.6736
5.6782
5.6828
5.6874
5.692
5.6966
5.7013
5.7059
5.7106
5.7153
5.72
5.7247
5.7294
5.7341
5.7388
5.7436
5.7483
5.7531
5.7579
5.7626
5.7674
5.7722
5.777
5.7819
5.7867
5.7915
5.7964
5.8012
5.8061
5.811
5.8159
5.8208
5.8257
5.8306
5.8355
5.8405
5.8454
5.8504
5.8553
5.8603
5.8726
5.8849
5.8971
5.9094
5.9217
5.9339
5.9462
5.9585
5.9708
5.983
5.9953
6.0076
6.0199
6.0321
6.0444
6.0567
6.069
6.0813
6.0935
6.1058
6.1181
6.1304
6.1426
6.1549
6.1672
6.1795
6.1918
6.2041
6.2163
6.2286
6.2409
6.2532
6.2655
6.2777
6.29
6.3023
6.3146
6.3269
6.3392
6.3515
6.3637
6.376
6.3883
6.4006
6.4129
6.4252
6.4375
6.4498
6.462
6.4743
6.4866
6.4989
6.5112
6.5235
6.5358
6.5481
6.5604
6.5727
6.585
6.5972
6.6024
6.6075
6.6127
6.6178
6.623
6.6282
6.6333
6.6385
6.6437
6.6489
6.6541
6.6593
6.6646
6.6698
6.675
6.6803
6.6855
6.6908
6.696
6.7013
6.7066
6.7118
6.7171
6.7224
6.7277
6.733
6.7384
6.7437
6.749
6.7543
6.7597
6.765
6.7704
6.7758
6.7811
6.7865
6.7919
6.7973
6.8027
6.8081
6.8135
6.8189
6.8243
6.8297
6.8352
6.8406
6.8461
6.8515
6.857
6.8624
6.8679
6.8734
6.8789
6.8844
6.8899
6.8954
6.9009
6.9064
6.9119
6.9175
6.9284
6.9393
6.9502
6.9612
6.9721
6.9831
6.9941
7.005
7.016
7.027
7.038
7.049
7.06
7.071
7.0821
7.0931
7.1041
7.1152
7.1262
7.1373
7.1484
7.1595
7.1705
7.1816
7.1927
7.2038
7.215
7.2261
7.2372
7.2483
7.2595
7.2706
7.2818
7.2929
7.3041
7.3153
7.3265
7.3377
7.3489
7.3601
7.3713
7.3825
7.3937
7.4049
7.4162
7.4274
7.4387
7.4499
7.4612
7.4724
7.4837
7.495
7.5063
7.5176
7.5289
7.5402
7.5515
7.5628
7.5741
7.5854
7.5864
7.5874
7.5883
7.5893
7.5903
7.5912
7.5922
7.5932
7.5941
7.5951
7.5961
7.5971
7.598
7.599
7.6
7.601
7.6019
7.6029
7.6039
7.6049
7.6059
7.6069
7.6079
7.6088
7.6098
7.6108
7.6118
7.6128
7.6138
7.6148
7.6158
7.6168
7.6178
7.6188
7.6198
7.6208
7.6218
7.6228
7.6238
7.6248
7.6258
7.6269
7.6279
7.6289
7.6299
7.6309
7.6319
7.6329
7.634
7.635
7.636
7.637
7.6381
7.6391
7.6401
7.6411
7.6422
7.6432
7.6442
7.6453
7.6516
7.6579
7.6642
7.6706
7.6769
7.6832
7.6896
7.6959
7.7022
7.7086
7.7149
7.7212
7.7276
7.7339
7.7402
7.7466
7.7529
7.7592
7.7656
7.7719
7.7782
7.7846
7.7909
7.7972
7.8036
7.8099
7.8163
7.8226
7.8289
7.8353
7.8416
7.8479
7.8543
7.8606
7.867
7.8733
7.8796
7.886
7.8923
7.8986
7.905
7.9113
7.9177
7.924
7.9303
7.9367
7.943
7.9494
7.9557
7.9621
7.9684
7.9747
7.9811
7.9874
7.9938
8.0001
8.0065
8.0128
8.0191
8.0255
8.0299
8.0344
8.0388
8.0433
8.0478
8.0522
8.0567
8.0612
8.0657
8.0702
8.0747
8.0792
8.0837
8.0882
8.0928
8.0973
8.1019
8.1064
8.1109
8.1155
8.1201
8.1246
8.1292
8.1338
8.1384
8.143
8.1476
8.1522
8.1568
8.1614
8.166
8.1707
8.1753
8.1799
8.1846
8.1892
8.1939
8.1985
8.2032
8.2079
8.2126
8.2172
8.2219
8.2266
8.2313
8.236
8.2407
8.2455
8.2502
8.2549
8.2596
8.2644
8.2691
8.2739
8.2786
8.2834
8.2882
8.2929
8.2977
8.3025
8.2948
8.2871
8.2795
8.2719
8.2644
8.257
8.2496
8.2423
8.235
8.2278
8.2206
8.2136
8.2065
8.1996
8.1927
8.1858
8.179
8.1723
8.1657
8.1591
8.1525
8.1461
8.1396
8.1333
8.127
8.1208
8.1146
8.1085
8.1025
8.0965
8.0906
8.0847
8.0789
8.0732
8.0676
8.062
8.0564
8.051
8.0456
8.0402
8.0349
8.0297
8.0246
8.0195
8.0145
8.0095
8.0046
7.9998
7.9951
7.9904
7.9857
7.9812
7.9767
7.9722
7.9679
7.9636
7.9593
7.9552
7.9511
7.947
7.9466
7.9462
7.9458
7.9454
7.945
7.9446
7.9442
7.9438
7.9434
7.943
7.9426
7.9423
7.9419
7.9415
7.9412
7.9408
7.9405
7.9402
7.9398
7.9395
7.9392
7.9389
7.9386
7.9383
7.938
7.9377
7.9374
7.9372
7.9369
7.9366
7.9364
7.9361
7.9359
7.9356
7.9354
7.9352
7.9349
7.9347
7.9345
7.9343
7.9341
7.9339
7.9337
7.9335
7.9333
7.9332
7.933
7.9328
7.9327
7.9325
7.9324
7.9323
7.9321
7.932
7.9319
7.9318
7.9316
7.9315
7.9314
7.9314
7.9321
7.9328
7.9336
7.9343
7.9351
7.9359
7.9367
7.9375
7.9383
7.9391
7.94
7.9408
7.9417
7.9425
7.9434
7.9443
7.9452
7.9461
7.947
7.9479
7.9489
7.9498
7.9508
7.9517
7.9527
7.9537
7.9547
7.9557
7.9567
7.9577
7.9588
7.9598
7.9609
7.9619
7.963
7.9641
7.9652
7.9663
7.9674
7.9685
7.9697
7.9708
7.972
7.9731
7.9743
7.9755
7.9767
7.9779
7.9791
7.9803
7.9816
7.9828
7.9841
7.9853
7.9866
7.9879
7.9892
7.9905
7.9918
7.9931
7.9952
7.9973
7.9994
8.0016
8.0037
8.0058
8.0079
8.0101
8.0122
8.0143
8.0165
8.0186
8.0208
8.023
8.0251
8.0273
8.0295
8.0317
8.0338
8.036
8.0382
8.0404
8.0426
8.0448
8.047
8.0493
8.0515
8.0537
8.0559
8.0582
8.0604
8.0627
8.0649
8.0672
8.0694
8.0717
8.074
8.0763
8.0785
8.0808
8.0831
8.0854
8.0877
8.09
8.0923
8.0946
8.0969
8.0993
8.1016
8.1039
8.1062
8.1086
8.1109
8.1133
8.1156
8.118
8.1203
8.1227
8.1251
8.1275
8.1316
8.1358
8.14
8.1441
8.1483
8.1525
8.1567
8.1608
8.165
8.1692
8.1734
8.1775
8.1817
8.1859
8.1901
8.1943
8.1985
8.2026
8.2068
8.211
8.2152
8.2194
8.2236
8.2278
8.232
8.2362
8.2404
8.2446
8.2488
8.253
8.2572
8.2614
8.2656
8.2698
8.274
8.2782
8.2824
8.2866
8.2908
8.2951
8.2993
8.3035
8.3077
8.3119
8.3161
8.3204
8.3246
8.3288
8.333
8.3372
8.3415
8.3457
8.3499
8.3541
8.3584
8.3626
8.3668
8.3711
8.3753
8.3795
8.3826
8.3856
8.3887
8.3917
8.3948
8.3979
8.401
8.4042
8.4073
8.4105
8.4136
8.4168
8.42
8.4232
8.4264
8.4297
8.4329
8.4362
8.4395
8.4427
8.446
8.4494
8.4527
8.456
8.4594
8.4628
8.4662
8.4696
8.473
8.4764
8.4798
8.4833
8.4867
8.4902
8.4937
8.4972
8.5007
8.5043
8.5078
8.5114
8.515
8.5185
8.5221
8.5257
8.5294
8.533
8.5367
8.5403
8.544
8.5477
8.5514
8.5551
8.5588
8.5626
8.5663
8.5701
8.5739
8.5777
8.5815
8.5853
8.6086
8.632
8.6555
8.679
8.7027
8.7264
8.7503
8.7742
8.7982
8.8223
8.8465
8.8707
8.8951
8.9195
8.944
8.9686
8.9933
9.0181
9.0429
9.0678
9.0928
9.1179
9.1431
9.1683
9.1936
9.219
9.2445
9.27
9.2956
9.3213
9.3471
9.3729
9.3988
9.4248
9.4509
9.477
9.5032
9.5294
9.5557
9.5821
9.6086
9.6351
9.6617
9.6883
9.7151
9.7418
9.7687
9.7956
9.8226
9.8496
9.8767
9.9039
9.9311
9.9584
9.9857
10.013
10.041
10.068
10.096
10.123
10.135
10.147
10.158
10.17
10.182
10.194
10.205
10.217
10.229
10.241
10.253
10.265
10.277
10.289
10.301
10.313
10.325
10.337
10.349
10.362
10.374
10.386
10.398
10.41
10.423
10.435
10.447
10.46
10.472
10.485
10.497
10.509
10.522
10.534
10.547
10.559
10.572
10.585
10.597
10.61
10.623
10.635
10.648
10.661
10.674
10.686
10.699
10.712
10.725
10.738
10.751
10.764
10.776
10.789
10.802
10.815
10.829
10.842
10.855
10.868
10.855
10.842
10.829
10.816
10.804
10.791
10.779
10.767
10.754
10.742
10.73
10.718
10.706
10.694
10.683
10.671
10.659
10.648
10.637
10.625
10.614
10.603
10.592
10.581
10.57
10.56
10.549
10.539
10.528
10.518
10.508
10.497
10.487
10.477
10.467
10.458
10.448
10.438
10.429
10.42
10.41
10.401
10.392
10.383
10.374
10.365
10.357
10.348
10.34
10.331
10.323
10.315
10.307
10.299
10.291
10.283
10.275
10.268
10.26
10.253
10.244
10.235
10.226
10.218
10.209
10.2
10.191
10.183
10.174
10.165
10.157
10.148
10.139
10.131
10.122
10.113
10.105
10.096
10.087
10.079
10.07
10.062
10.053
10.044
10.036
10.027
10.019
10.01
10.002
9.993
9.9845
9.9759
9.9674
9.9589
9.9504
9.9419
9.9334
9.9249
9.9164
9.9079
9.8995
9.891
9.8826
9.8741
9.8657
9.8573
9.8488
9.8404
9.832
9.8236
9.8153
9.8069
9.7985
9.7901
9.7818
9.7734
9.7651
9.7568
9.7484
9.7401
9.7322
9.7243
9.7163
9.7084
9.7005
9.6926
9.6846
9.6767
9.6688
9.6609
9.653
9.6451
9.6372
9.6293
9.6214
9.6135
9.6056
9.5977
9.5898
9.582
9.5741
9.5662
9.5583
9.5505
9.5426
9.5348
9.5269
9.519
9.5112
9.5033
9.4955
9.4877
9.4798
9.472
9.4642
9.4563
9.4485
9.4407
9.4329
9.4251
9.4173
9.4094
9.4016
9.3938
9.386
9.3783
9.3705
9.3627
9.3549
9.3471
9.3393
9.3316
9.3238
9.316
9.3083
9.3005
9.2928
9.285
9.2773
9.2695
9.2594
9.2492
9.239
9.2289
9.2187
9.2086
9.1984
9.1883
9.1781
9.168
9.1578
9.1477
9.1376
9.1274
9.1173
9.1071
9.097
9.0869
9.0767
9.0666
9.0565
9.0464
9.0362
9.0261
9.016
9.0059
8.9957
8.9856
8.9755
8.9654
8.9553
8.9451
8.935
8.9249
8.9148
8.9047
8.8946
8.8845
8.8744
8.8643
8.8542
8.8441
8.834
8.8239
8.8138
8.8037
8.7936
8.7835
8.7734
8.7633
8.7533
8.7432
8.7331
8.723
8.7129
8.7028
8.6928
8.6827
8.6726
8.6626
8.6481
8.6336
8.6192
8.6047
8.5902
8.5757
8.5613
8.5468
8.5323
8.5179
8.5034
8.4889
8.4745
8.46
8.4455
8.4311
8.4166
8.4021
8.3877
8.3732
8.3587
8.3443
8.3298
8.3153
8.3009
8.2864
8.2719
8.2574
8.243
8.2285
8.214
8.1996
8.1851
8.1706
8.1562
8.1417
8.1272
8.1128
8.0983
8.0838
8.0694
8.0549
8.0404
8.026
8.0115
7.997
7.9826
7.9681
7.9536
7.9392
7.9247
7.9102
7.8957
7.8813
7.8668
7.8523
7.8379
7.8234
7.8089
7.7945
7.7827
7.771
7.7592
7.7475
7.7357
7.724
7.7122
7.7005
7.6887
7.677
7.6653
7.6535
7.6418
7.63
7.6183
7.6065
7.5948
7.583
7.5713
7.5596
7.5478
7.5361
7.5243
7.5126
7.5008
7.4891
7.4774
7.4656
7.4539
7.4421
7.4304
7.4186
7.4069
7.3952
7.3834
7.3717
7.3599
7.3482
7.3365
7.3247
7.313
7.3013
7.2895
7.2778
7.266
7.2543
7.2426
7.2308
7.2191
7.2074
7.1956
7.1839
7.1722
7.1604
7.1487
7.137
7.1252
7.1135
7.1018
7.09
7.0894
7.0887
7.088
7.0874
7.0867
7.086
7.0854
7.0847
7.0841
7.0834
7.0827
7.0821
7.0814
7.0808
7.0801
7.0795
7.0788
7.0782
7.0775
7.0769
7.0762
7.0756
7.075
7.0743
7.0737
7.073
7.0724
7.0717
7.0711
7.0705
7.0698
7.0692
7.0686
7.0679
7.0673
7.0667
7.0661
7.0654
7.0648
7.0642
7.0636
7.0629
7.0623
7.0617
7.0611
7.0604
7.0598
7.0592
7.0586
7.058
7.0574
7.0568
7.0562
7.0555
7.0549
7.0543
7.0537
7.0531
7.0525
7.0519
7.0581
7.0644
7.0706
7.0768
7.0831
7.0893
7.0955
7.1018
7.108
7.1143
7.1205
7.1268
7.133
7.1393
7.1455
7.1518
7.158
7.1643
7.1706
7.1768
7.1831
7.1894
7.1957
7.2019
7.2082
7.2145
7.2208
7.2271
7.2334
7.2396
7.2459
7.2522
7.2585
7.2648
7.2711
7.2774
7.2837
7.29
7.2964
7.3027
7.309
7.3153
7.3216
7.3279
7.3343
7.3406
7.3469
7.3532
7.3596
7.3659
7.3722
7.3786
7.3849
7.3913
7.3976
7.4039
7.4103
7.4166
7.423
7.4293
7.4308
7.4323
7.4337
7.4352
7.4367
7.4382
7.4396
7.4411
7.4426
7.4441
7.4455
7.447
7.4485
7.45
7.4515
7.453
7.4544
7.4559
7.4574
7.4589
7.4604
7.4619
7.4634
7.4649
7.4664
7.4679
7.4694
7.4709
7.4724
7.4739
7.4754
7.4769
7.4784
7.4799
7.4815
7.483
7.4845
7.486
7.4875
7.489
7.4906
7.4921
7.4936
7.4951
7.4967
7.4982
7.4997
7.5012
7.5028
7.5043
7.5058
7.5074
7.5089
7.5105
7.512
7.5135
7.5151
7.5166
7.5182
7.5197
7.5174
7.5151
7.5127
7.5104
7.5081
7.5058
7.5035
7.5012
7.4989
7.4966
7.4943
7.4921
7.4898
7.4875
7.4852
7.483
7.4807
7.4784
7.4762
7.4739
7.4717
7.4694
7.4672
7.465
7.4627
7.4605
7.4583
7.4561
7.4539
7.4516
7.4494
7.4472
7.445
7.4428
7.4406
7.4384
7.4363
7.4341
7.4319
7.4297
7.4276
7.4254
7.4232
7.4211
7.4189
7.4168
7.4146
7.4125
7.4104
7.4082
7.4061
7.404
7.4019
7.3997
7.3976
7.3955
7.3934
7.3913
7.3892
7.3871
7.3834
7.3797
7.3761
7.3724
7.3687
7.365
7.3613
7.3577
7.354
7.3503
7.3466
7.343
7.3393
7.3356
7.3319
7.3283
7.3246
7.3209
7.3173
7.3136
7.31
7.3063
7.3026
7.299
7.2953
7.2917
7.288
7.2844
7.2807
7.2771
7.2735
7.2698
7.2662
7.2625
7.2589
7.2553
7.2516
7.248
7.2444
7.2407
7.2371
7.2335
7.2298
7.2262
7.2226
7.219
7.2154
7.2117
7.2081
7.2045
7.2009
7.1973
7.1937
7.1901
7.1864
7.1828
7.1792
7.1756
7.172
7.1684
7.1754
7.1823
7.1893
7.1962
7.2031
7.2101
7.217
7.224
7.2309
7.2378
7.2448
7.2517
7.2587
7.2656
7.2726
7.2795
7.2865
7.2934
7.3003
7.3073
7.3142
7.3212
7.3281
7.3351
7.342
7.349
7.3559
7.3629
7.3698
7.3768
7.3837
7.3907
7.3976
7.4046
7.4115
7.4185
7.4255
7.4324
7.4394
7.4463
7.4533
7.4602
7.4672
7.4741
7.4811
7.4881
7.495
7.502
7.5089
7.5159
7.5229
7.5298
7.5368
7.5437
7.5507
7.5577
7.5646
7.5716
7.5786
7.5855
7.5839
7.5823
7.5807
7.5791
7.5775
7.5759
7.5743
7.5727
7.5712
7.5696
7.5681
7.5665
7.565
7.5634
7.5619
7.5604
7.5589
7.5574
7.5559
7.5544
7.5529
7.5514
7.5499
7.5485
7.547
7.5456
7.5441
7.5427
7.5412
7.5398
7.5384
7.537
7.5356
7.5342
7.5328
7.5314
7.53
7.5286
7.5272
7.5259
7.5245
7.5232
7.5218
7.5205
7.5192
7.5179
7.5165
7.5152
7.5139
7.5126
7.5113
7.5101
7.5088
7.5075
7.5063
7.505
7.5037
7.5025
7.5013
7.5
7.4996
7.4991
7.4986
7.4982
7.4977
7.4972
7.4968
7.4963
7.4958
7.4954
7.4949
7.4945
7.494
7.4935
7.4931
7.4926
7.4922
7.4917
7.4912
7.4908
7.4903
7.4899
7.4894
7.489
7.4885
7.4881
7.4876
7.4872
7.4867
7.4863
7.4858
7.4854
7.4849
7.4845
7.484
7.4836
7.4831
7.4827
7.4822
7.4818
7.4814
7.4809
7.4805
7.48
7.4796
7.4792
7.4787
7.4783
7.4779
7.4774
7.477
7.4766
7.4761
7.4757
7.4753
7.4748
7.4744
7.474
7.4735
7.4731
7.4609
7.449
7.4374
7.4259
7.4148
7.4038
7.3932
7.3827
7.3726
7.3627
7.353
7.3436
7.3345
7.3256
7.317
7.3086
7.3005
7.2926
7.2851
7.2778
7.2707
7.2639
7.2574
7.2511
7.2452
7.2395
7.234
7.2288
7.2239
7.2193
7.2149
7.2108
7.207
7.2035
7.2002
7.1972
7.1944
7.192
7.1898
7.1879
7.1863
7.1849
7.1838
7.183
7.1825
7.1822
7.1823
7.1826
7.1831
7.184
7.1851
7.1865
7.1882
7.1901
7.1923
7.1948
7.1976
7.2006
7.2039
7.2075
7.2038
7.2002
7.1967
7.1934
7.1903
7.1872
7.1843
7.1816
7.179
7.1765
7.1742
7.1721
7.17
7.1682
7.1664
7.1648
7.1634
7.1621
7.1609
7.1599
7.159
7.1583
7.1577
7.1572
7.1569
7.1568
7.1568
7.1569
7.1572
7.1576
7.1582
7.1589
7.1597
7.1607
7.1619
7.1631
7.1646
7.1662
7.1679
7.1697
7.1717
7.1739
7.1762
7.1786
7.1812
7.1839
7.1868
7.1898
7.1929
7.1962
7.1996
7.2032
7.2069
7.2108
7.2148
7.2189
7.2232
7.2276
7.2322
7.2369
7.2363
7.2358
7.2355
7.2352
7.2351
7.2351
7.2352
7.2354
7.2357
7.2361
7.2366
7.2372
7.238
7.2389
7.2398
7.2409
7.2421
7.2434
7.2448
7.2463
7.2479
7.2497
7.2515
7.2535
7.2555
7.2577
7.26
7.2624
7.2649
7.2675
7.2702
7.2731
7.276
7.279
7.2822
7.2855
7.2888
7.2923
7.2959
7.2996
7.3034
7.3073
7.3113
7.3154
7.3197
7.324
7.3284
7.333
7.3376
7.3424
7.3473
7.3522
7.3573
7.3625
7.3678
7.3732
7.3787
7.3842
7.3899
7.3958
7.3281
7.2611
7.1948
7.1293
7.0645
7.0004
6.9372
6.8747
6.8131
6.7523
6.6924
6.6334
6.5753
6.5182
6.462
6.4068
6.3527
6.2996
6.2475
6.1966
6.1468
6.0982
6.0507
6.0045
5.9595
5.9158
5.8734
5.8323
5.7925
5.7542
5.7172
5.6817
5.6477
5.6151
5.5841
5.5546
5.5267
5.5003
5.4756
5.4526
5.4312
5.4114
5.3934
5.3771
5.3625
5.3496
5.3385
5.3292
5.3216
5.3159
5.3119
5.3097
5.3093
5.3107
5.314
5.319
5.3257
5.3343
5.3446
5.3567
5.3443
5.3319
5.3195
5.3071
5.2948
5.2826
5.2704
5.2582
5.2461
5.234
5.222
5.21
5.198
5.1861
5.1742
5.1624
5.1506
5.1389
5.1272
5.1156
5.104
5.0924
5.0809
5.0695
5.0581
5.0467
5.0354
5.0242
5.0129
5.0018
4.9907
4.9796
4.9686
4.9576
4.9467
4.9358
4.925
4.9143
4.9036
4.8929
4.8823
4.8718
4.8613
4.8508
4.8404
4.8301
4.8198
4.8096
4.7995
4.7893
4.7793
4.7693
4.7593
4.7495
4.7396
4.7299
4.7202
4.7105
4.7009
4.6914
4.6809
4.6703
4.6598
4.6493
4.6387
4.6282
4.6177
4.6071
4.5966
4.5861
4.5756
4.565
4.5545
4.544
4.5335
4.5229
4.5124
4.5019
4.4914
4.4809
4.4703
4.4598
4.4493
4.4388
4.4283
4.4178
4.4073
4.3967
4.3862
4.3757
4.3652
4.3547
4.3442
4.3337
4.3232
4.3127
4.3022
4.2917
4.2812
4.2707
4.2602
4.2497
4.2392
4.2287
4.2182
4.2077
4.1972
4.1867
4.1762
4.1657
4.1552
4.1447
4.1343
4.1238
4.1133
4.1028
4.0923
4.0818
4.0714
4.0609
4.0737
4.0871
4.1009
4.1153
4.1302
4.1456
4.1614
4.1778
4.1946
4.212
4.2297
4.248
4.2667
4.2859
4.3055
4.3255
4.346
4.367
4.3883
4.41
4.4322
4.4548
4.4778
4.5011
4.5249
4.549
4.5735
4.5984
4.6236
4.6492
4.6751
4.7014
4.728
4.755
4.7822
4.8098
4.8377
4.866
4.8945
4.9233
4.9525
4.9819
5.0116
5.0416
5.0718
5.1023
5.1331
5.1642
5.1955
5.227
5.2588
5.2909
5.3232
5.3557
5.3884
5.4214
5.4546
5.488
5.5216
5.5554
5.5516
5.5478
5.544
5.5403
5.5365
5.5328
5.5291
5.5254
5.5218
5.5181
5.5145
5.511
5.5074
5.5038
5.5003
5.4968
5.4934
5.4899
5.4865
5.4831
5.4797
5.4763
5.473
5.4697
5.4664
5.4631
5.4599
5.4567
5.4535
5.4503
5.4472
5.444
5.4409
5.4378
5.4348
5.4318
5.4287
5.4258
5.4228
5.4199
5.4169
5.414
5.4112
5.4083
5.4055
5.4027
5.3999
5.3972
5.3945
5.3918
5.3891
5.3864
5.3838
5.3812
5.3786
5.3761
5.3735
5.371
5.3685
5.3661
5.3582
5.3503
5.3425
5.3348
5.3272
5.3197
5.3122
5.3047
5.2974
5.2901
5.2829
5.2758
5.2687
5.2617
5.2548
5.248
5.2412
5.2345
5.2279
5.2213
5.2148
5.2084
5.2021
5.1959
5.1897
5.1836
5.1776
5.1716
5.1658
5.16
5.1543
5.1486
5.1431
5.1376
5.1322
5.1269
5.1216
5.1165
5.1114
5.1064
5.1015
5.0966
5.0919
5.0872
5.0826
5.078
5.0736
5.0692
5.065
5.0608
5.0567
5.0526
5.0487
5.0448
5.041
5.0373
5.0337
5.0302
5.0267
5.0233
5.0187
5.0143
5.0101
5.0062
5.0025
4.999
4.9958
4.9929
4.9902
4.9877
4.9855
4.9835
4.9818
4.9803
4.9791
4.9781
4.9774
4.9769
4.9767
4.9767
4.977
4.9775
4.9783
4.9793
4.9805
4.9821
4.9838
4.9858
4.9881
4.9906
4.9933
4.9963
4.9995
5.003
5.0068
5.0107
5.0149
5.0194
5.0241
5.029
5.0342
5.0396
5.0453
5.0512
5.0573
5.0637
5.0703
5.0772
5.0843
5.0916
5.0991
5.1069
5.1149
5.1231
5.1316
5.1403
5.1492
5.1584
5.1677
5.1773
5.1731
5.1688
5.1646
5.1604
5.1562
5.152
5.1479
5.1438
5.1397
5.1356
5.1315
5.1274
5.1234
5.1194
5.1154
5.1114
5.1074
5.1035
5.0995
5.0956
5.0917
5.0878
5.084
5.0802
5.0763
5.0725
5.0687
5.065
5.0612
5.0575
5.0538
5.0501
5.0464
5.0428
5.0392
5.0356
5.032
5.0284
5.0248
5.0213
5.0178
5.0143
5.0108
5.0073
5.0039
5.0005
4.9971
4.9937
4.9903
4.987
4.9837
4.9804
4.9771
4.9738
4.9706
4.9674
4.9642
4.961
4.9578
4.9547
4.9677
4.981
4.9945
5.0084
5.0224
5.0367
5.0513
5.0661
5.0812
5.0965
5.112
5.1278
5.1438
5.1601
5.1765
5.1933
5.2102
5.2274
5.2448
5.2624
5.2802
5.2983
5.3165
5.335
5.3537
5.3726
5.3917
5.411
5.4305
5.4502
5.4701
5.4902
5.5105
5.531
5.5516
5.5725
5.5935
5.6148
5.6362
5.6577
5.6795
5.7014
5.7235
5.7458
5.7683
5.7909
5.8136
5.8366
5.8597
5.8829
5.9063
5.9299
5.9536
5.9775
6.0015
6.0257
6.05
6.0745
6.0991
6.1238
6.1277
6.1317
6.1359
6.1402
6.1447
6.1493
6.1541
6.159
6.1641
6.1693
6.1747
6.1803
6.186
6.1918
6.1978
6.2039
6.2102
6.2167
6.2233
6.23
6.2369
6.2439
6.2511
6.2584
6.2659
6.2735
6.2812
6.2891
6.2972
6.3054
6.3137
6.3222
6.3308
6.3395
6.3484
6.3574
6.3666
6.3759
6.3853
6.3949
6.4046
6.4145
6.4245
6.4346
6.4448
6.4552
6.4657
6.4764
6.4872
6.4981
6.5091
6.5203
6.5316
6.543
6.5546
6.5662
6.578
6.59
6.602
6.6142
6.5945
6.5749
6.5553
6.5358
6.5163
6.4968
6.4774
6.458
6.4387
6.4193
6.4001
6.3808
6.3616
6.3425
6.3234
6.3043
6.2853
6.2663
6.2474
6.2285
6.2096
6.1908
6.1721
6.1534
6.1347
6.1161
6.0975
6.079
6.0605
6.042
6.0236
6.0053
5.987
5.9688
5.9506
5.9324
5.9144
5.8963
5.8783
5.8604
5.8425
5.8247
5.8069
5.7892
5.7715
5.7539
5.7364
5.7189
5.7014
5.684
5.6667
5.6494
5.6322
5.6151
5.598
5.5809
5.564
5.5471
5.5302
5.5134
5.5139
5.5144
5.5149
5.5154
5.5159
5.5164
5.5169
5.5174
5.5179
5.5184
5.5189
5.5194
5.52
5.5205
5.521
5.5215
5.522
5.5225
5.523
5.5235
5.524
5.5245
5.525
5.5255
5.526
5.5265
5.527
5.5275
5.528
5.5285
5.529
5.5295
5.53
5.5305
5.531
5.5315
5.532
5.5325
5.533
5.5335
5.534
5.5345
5.535
5.5355
5.536
5.5365
5.537
5.5375
5.538
5.5385
5.539
5.5395
5.54
5.5405
5.541
5.5415
5.5421
5.5426
5.5431
5.5436
5.5312
5.5191
5.5072
5.4957
5.4844
5.4735
5.4628
5.4524
5.4423
5.4325
5.423
5.4138
5.4049
5.3963
5.388
5.38
5.3724
5.365
5.3579
5.3512
5.3447
5.3386
5.3328
5.3273
5.3221
5.3172
5.3127
5.3084
5.3045
5.3009
5.2976
5.2947
5.292
5.2897
5.2877
5.2861
5.2847
5.2837
5.283
5.2826
5.2826
5.2829
5.2834
5.2844
5.2856
5.2872
5.2891
5.2913
5.2938
5.2966
5.2998
5.3033
5.3071
5.3113
5.3157
5.3205
5.3256
5.331
5.3367
5.3427
5.321
5.2993
5.2776
5.256
5.2343
5.2127
5.1911
5.1695
5.148
5.1264
5.1049
5.0834
5.0619
5.0405
5.019
4.9976
4.9762
4.9548
4.9335
4.9122
4.8909
4.8696
4.8483
4.8271
4.8059
4.7847
4.7635
4.7424
4.7213
4.7002
4.6792
4.6581
4.6371
4.6162
4.5952
4.5743
4.5534
4.5326
4.5117
4.4909
4.4702
4.4494
4.4287
4.408
4.3874
4.3668
4.3462
4.3257
4.3052
4.2847
4.2642
4.2438
4.2235
4.2031
4.1828
4.1626
4.1424
4.1222
4.102
4.0819
4.0831
4.0844
4.0857
4.0871
4.0885
4.09
4.0916
4.0932
4.0948
4.0965
4.0983
4.1001
4.102
4.1039
4.1059
4.1079
4.11
4.1121
4.1143
4.1166
4.1189
4.1212
4.1236
4.1261
4.1286
4.1312
4.1338
4.1365
4.1392
4.142
4.1448
4.1477
4.1506
4.1536
4.1566
4.1597
4.1629
4.1661
4.1693
4.1726
4.176
4.1794
4.1828
4.1863
4.1899
4.1935
4.1971
4.2008
4.2046
4.2084
4.2123
4.2162
4.2201
4.2241
4.2282
4.2323
4.2365
4.2407
4.2449
4.2492
4.2692
4.2893
4.3097
4.3302
4.3509
4.3718
4.3929
4.4142
4.4356
4.4572
4.479
4.5009
4.523
4.5453
4.5677
4.5903
4.613
4.6359
4.6589
4.6821
4.7054
4.7289
4.7525
4.7763
4.8002
4.8242
4.8484
4.8726
4.8971
4.9216
4.9463
4.9711
4.996
5.021
5.0462
5.0715
5.0969
5.1224
5.148
5.1737
5.1995
5.2255
5.2515
5.2776
5.3039
5.3302
5.3567
5.3832
5.4099
5.4366
5.4634
5.4903
5.5174
5.5445
5.5716
5.5989
5.6263
5.6537
5.6812
5.7088
5.708
5.7072
5.7064
5.7056
5.7049
5.7041
5.7035
5.7028
5.7021
5.7015
5.7009
5.7004
5.6998
5.6993
5.6989
5.6984
5.698
5.6976
5.6972
5.6968
5.6965
5.6962
5.6959
5.6957
5.6955
5.6953
5.6951
5.695
5.6948
5.6948
5.6947
5.6947
5.6946
5.6947
5.6947
5.6948
5.6949
5.695
5.6951
5.6953
5.6955
5.6957
5.696
5.6962
5.6966
5.6969
5.6972
5.6976
5.698
5.6985
5.6989
5.6994
5.6999
5.7005
5.701
5.7016
5.7022
5.7029
5.7035
5.7042
5.7269
5.7496
5.7722
5.7949
5.8176
5.8404
5.8631
5.8858
5.9086
5.9314
5.9541
5.9769
5.9997
6.0225
6.0454
6.0682
6.0911
6.1139
6.1368
6.1597
6.1826
6.2055
6.2284
6.2513
6.2742
6.2972
6.3201
6.3431
6.3661
6.389
6.412
6.435
6.458
6.4811
6.5041
6.5271
6.5502
6.5732
6.5963
6.6194
6.6425
6.6655
6.6886
6.7117
6.7349
6.758
6.7811
6.8042
6.8274
6.8505
6.8737
6.8969
6.9201
6.9432
6.9664
6.9896
7.0128
7.0361
7.0593
7.0825
7.0762
7.0699
7.0637
7.0575
7.0513
7.0452
7.0391
7.033
7.0269
7.0209
7.0149
7.009
7.0031
6.9972
6.9914
6.9855
6.9798
6.974
6.9683
6.9626
6.9569
6.9513
6.9457
6.9402
6.9347
6.9292
6.9237
6.9183
6.9129
6.9076
6.9023
6.897
6.8917
6.8865
6.8813
6.8762
6.8711
6.866
6.861
6.856
6.851
6.8461
6.8412
6.8363
6.8315
6.8267
6.8219
6.8172
6.8125
6.8078
6.8032
6.7986
6.7941
6.7896
6.7851
6.7807
6.7763
6.7719
6.7676
6.7633
6.7901
6.8171
6.8444
6.8718
6.8994
6.9272
6.9552
6.9834
7.0118
7.0403
7.069
7.0979
7.127
7.1562
7.1856
7.2152
7.2449
7.2748
7.3049
7.3351
7.3655
7.396
7.4267
7.4575
7.4885
7.5196
7.5509
7.5823
7.6139
7.6456
7.6774
7.7094
7.7415
7.7737
7.8061
7.8386
7.8712
7.904
7.9369
7.9699
8.003
8.0363
8.0697
8.1032
8.1368
8.1705
8.2043
8.2383
8.2723
8.3065
8.3408
8.3751
8.4096
8.4442
8.4789
8.5137
8.5486
8.5836
8.6187
8.6539
8.6457
8.6376
8.6294
8.6212
8.6131
8.6049
8.5968
8.5886
8.5805
8.5723
8.5642
8.556
8.5479
8.5397
8.5316
8.5235
8.5153
8.5072
8.4991
8.4909
8.4828
8.4747
8.4665
8.4584
8.4503
8.4422
8.434
8.4259
8.4178
8.4097
8.4016
8.3935
8.3853
8.3772
8.3691
8.361
8.3529
8.3448
8.3367
8.3286
8.3205
8.3124
8.3043
8.2962
8.2881
8.2801
8.272
8.2639
8.2558
8.2477
8.2396
8.2316
8.2235
8.2154
8.2073
8.1993
8.1912
8.1831
8.1751
8.167
8.1731
8.1793
8.1856
8.192
8.1984
8.2049
8.2114
8.218
8.2247
8.2315
8.2383
8.2452
8.2521
8.2592
8.2663
8.2734
8.2806
8.2879
8.2953
8.3027
8.3102
8.3177
8.3254
8.3331
8.3408
8.3486
8.3565
8.3644
8.3724
8.3805
8.3887
8.3969
8.4051
8.4134
8.4218
8.4303
8.4388
8.4474
8.456
8.4647
8.4735
8.4823
8.4912
8.5002
8.5092
8.5183
8.5274
8.5366
8.5458
8.5552
8.5645
8.574
8.5835
8.593
8.6026
8.6123
8.622
8.6318
8.6417
8.6516
8.6491
8.6467
8.6442
8.6418
8.6393
8.6369
8.6344
8.632
8.6296
8.6271
8.6247
8.6222
8.6198
8.6173
8.6149
8.6124
8.61
8.6075
8.6051
8.6026
8.6002
8.5977
8.5953
8.5928
8.5904
8.5879
8.5855
8.583
8.5806
8.5781
8.5757
8.5732
8.5708
8.5684
8.5659
8.5635
8.561
8.5586
8.5561
8.5537
8.5512
8.5488
8.5463
8.5439
8.5414
8.539
8.5365
8.5341
8.5316
8.5292
8.5267
8.5243
8.5218
8.5194
8.5169
8.5145
8.512
8.5096
8.5072
8.5047
8.5152
8.5259
8.5366
8.5474
8.5584
8.5694
8.5805
8.5917
8.6031
8.6145
8.626
8.6376
8.6494
8.6612
8.6731
8.6851
8.6972
8.7094
8.7217
8.734
8.7465
8.7591
8.7717
8.7845
8.7973
8.8103
8.8233
8.8364
8.8496
8.8629
8.8763
8.8898
8.9033
8.917
8.9307
8.9446
8.9585
8.9725
8.9866
9.0008
9.015
9.0294
9.0438
9.0583
9.0729
9.0876
9.1023
9.1172
9.1321
9.1471
9.1622
9.1774
9.1927
9.208
9.2234
9.2389
9.2545
9.2701
9.2858
9.3017
9.3212
9.3408
9.3604
9.3801
9.3999
9.4198
9.4398
9.4598
9.4798
9.5
9.5202
9.5405
9.5609
9.5813
9.6018
9.6224
9.643
9.6637
9.6844
9.7053
9.7261
9.7471
9.7681
9.7892
9.8103
9.8315
9.8528
9.8741
9.8955
9.917
9.9385
9.9601
9.9817
10.003
10.025
10.047
10.069
10.091
10.113
10.135
10.157
10.179
10.201
10.224
10.246
10.268
10.291
10.313
10.336
10.358
10.381
10.404
10.426
10.449
10.472
10.495
10.518
10.541
10.564
10.587
10.549
10.511
10.473
10.435
10.397
10.359
10.321
10.283
10.245
10.207
10.169
10.132
10.094
10.056
10.019
9.9811
9.9435
9.906
9.8685
9.831
9.7936
9.7563
9.7189
9.6817
9.6444
9.6072
9.57
9.5329
9.4959
9.4588
9.4219
9.3849
9.348
9.3112
9.2744
9.2376
9.2009
9.1643
9.1277
9.0911
9.0546
9.0182
8.9818
8.9454
8.9091
8.8729
8.8367
8.8006
8.7645
8.7285
8.6926
8.6567
8.6208
8.585
8.5493
8.5136
8.478
8.4425
8.407
8.3716
8.4018
8.4321
8.4625
8.4931
8.5237
8.5544
8.5853
8.6162
8.6472
8.6784
8.7096
8.7409
8.7723
8.8039
8.8355
8.8672
8.899
8.9309
8.9629
8.9949
9.0271
9.0593
9.0917
9.1241
9.1566
9.1892
9.2219
9.2546
9.2875
9.3204
9.3534
9.3864
9.4196
9.4528
9.4861
9.5195
9.553
9.5865
9.6201
9.6538
9.6875
9.7213
9.7552
9.7892
9.8232
9.8573
9.8914
9.9257
9.96
9.9943
10.029
10.063
10.098
10.132
10.167
10.202
10.237
10.271
10.306
10.341
10.346
10.351
10.356
10.361
10.366
10.371
10.376
10.381
10.386
10.391
10.396
10.401
10.406
10.411
10.417
10.422
10.427
10.432
10.437
10.442
10.447
10.453
10.458
10.463
10.468
10.474
10.479
10.484
10.489
10.495
10.5
10.505
10.511
10.516
10.521
10.527
10.532
10.537
10.543
10.548
10.554
10.559
10.565
10.57
10.575
10.581
10.586
10.592
10.597
10.603
10.609
10.614
10.62
10.625
10.631
10.636
10.642
10.648
10.653
10.659
10.648
10.637
10.626
10.615
10.604
10.593
10.582
10.571
10.56
10.549
10.538
10.527
10.516
10.505
10.494
10.483
10.472
10.461
10.45
10.439
10.428
10.417
10.406
10.395
10.384
10.373
10.362
10.351
10.34
10.329
10.318
10.307
10.296
10.285
10.274
10.263
10.253
10.242
10.231
10.22
10.209
10.198
10.187
10.176
10.165
10.154
10.143
10.132
10.121
10.11
10.099
10.088
10.077
10.066
10.055
10.044
10.033
10.022
10.011
9.9999
9.9998
9.9996
9.9995
9.9994
9.9993
9.9992
9.9991
9.999
9.9989
9.9988
9.9987
9.9987
9.9986
9.9986
9.9985
9.9985
9.9985
9.9984
9.9984
9.9984
9.9984
9.9984
9.9984
9.9984
9.9984
9.9985
9.9985
9.9985
9.9986
9.9986
9.9987
9.9988
9.9988
9.9989
9.999
9.9991
9.9992
9.9993
9.9994
9.9996
9.9997
9.9998
10
10
10
10
10.001
10.001
10.001
10.001
10.001
10.002
10.002
10.002
10.002
10.002
10.003
10.003
10.003
10.003
10.006
10.009
10.012
10.015
10.017
10.02
10.023
10.026
10.029
10.032
10.035
10.038
10.041
10.044
10.047
10.05
10.053
10.056
10.059
10.062
10.065
10.068
10.072
10.075
10.078
10.081
10.084
10.088
10.091
10.094
10.098
10.101
10.104
10.108
10.111
10.114
10.118
10.121
10.125
10.128
10.132
10.135
10.139
10.142
10.146
10.15
10.153
10.157
10.16
10.164
10.168
10.172
10.175
10.179
10.183
10.187
10.19
10.194
10.198
10.202
10.147
10.093
10.039
9.9845
9.9302
9.8759
9.8216
9.7673
9.7131
9.6588
9.6046
9.5504
9.4962
9.442
9.3878
9.3336
9.2794
9.2253
9.1712
9.117
9.0629
9.0089
8.9548
8.9007
8.8467
8.7926
8.7386
8.6846
8.6306
8.5767
8.5227
8.4688
8.4149
8.361
8.3071
8.2532
8.1994
8.1456
8.0918
8.038
7.9842
7.9305
7.8768
7.8231
7.7694
7.7158
7.6621
7.6085
7.5549
7.5014
7.4478
7.3943
7.3409
7.2874
7.234
7.1806
7.1272
7.0739
7.0206
6.9673
6.9964
7.0257
7.0551
7.0846
7.1142
7.144
7.1739
7.204
7.2341
7.2644
7.2948
7.3253
7.3559
7.3867
7.4176
7.4485
7.4796
7.5108
7.5421
7.5735
7.6051
7.6367
7.6684
7.7002
7.7322
7.7642
7.7963
7.8286
7.8609
7.8933
7.9258
7.9584
7.9911
8.0239
8.0568
8.0898
8.1228
8.156
8.1892
8.2225
8.2559
8.2893
8.3229
8.3565
8.3902
8.424
8.4579
8.4919
8.5259
8.56
8.5941
8.6284
8.6627
8.6971
8.7315
8.7661
8.8006
8.8353
8.87
8.9048
8.8574
8.81
8.7625
8.7151
8.6677
8.6203
8.5728
8.5254
8.478
8.4306
8.3832
8.3358
8.2884
8.241
8.1936
8.1462
8.0988
8.0515
8.0041
7.9567
7.9093
7.8619
7.8146
7.7672
7.7199
7.6725
7.6251
7.5778
7.5304
7.4831
7.4358
7.3884
7.3411
7.2938
7.2465
7.1991
7.1518
7.1045
7.0572
7.0099
6.9626
6.9153
6.8681
6.8208
6.7735
6.7263
6.679
6.6317
6.5845
6.5372
6.49
6.4428
6.3955
6.3483
6.3011
6.2539
6.2067
6.1595
6.1123
6.0652
6.1153
6.1657
6.2164
6.2673
6.3185
6.3699
6.4216
6.4735
6.5256
6.578
6.6305
6.6833
6.7363
6.7895
6.8429
6.8965
6.9503
7.0043
7.0584
7.1128
7.1673
7.2219
7.2768
7.3318
7.3869
7.4422
7.4977
7.5533
7.6091
7.665
7.721
7.7772
7.8335
7.8899
7.9465
8.0032
8.06
8.1169
8.1739
8.2311
8.2884
8.3457
8.4032
8.4608
8.5185
8.5763
8.6342
8.6922
8.7503
8.8085
8.8667
8.9251
8.9835
9.0421
9.1007
9.1594
9.2181
9.277
9.3359
9.395
9.3701
9.3452
9.3204
9.2955
9.2707
9.2458
9.221
9.1962
9.1713
9.1465
9.1217
9.0968
9.072
9.0472
9.0224
8.9976
8.9728
8.948
8.9232
8.8984
8.8736
8.8489
8.8241
8.7993
8.7745
8.7498
8.725
8.7003
8.6755
8.6508
8.626
8.6013
8.5766
8.5518
8.5271
8.5024
8.4777
8.453
8.4283
8.4036
8.3789
8.3542
8.3295
8.3048
8.2802
8.2555
8.2308
8.2062
8.1815
8.1569
8.1322
8.1076
8.083
8.0583
8.0337
8.0091
7.9845
7.9599
7.9353
7.9107
7.8941
7.8774
7.8608
7.8441
7.8275
7.8108
7.7942
7.7775
7.7609
7.7443
7.7276
7.711
7.6944
7.6777
7.6611
7.6445
7.6279
7.6113
7.5947
7.5781
7.5615
7.5449
7.5283
7.5117
7.4951
7.4785
7.4619
7.4453
7.4288
7.4122
7.3956
7.3791
7.3625
7.3459
7.3294
7.3128
7.2963
7.2797
7.2632
7.2466
7.2301
7.2136
7.197
7.1805
7.164
7.1475
7.131
7.1144
7.0979
7.0814
7.0649
7.0484
7.032
7.0155
6.999
6.9825
6.966
6.9495
6.9331
6.9166
6.9529
6.9892
7.0256
7.062
7.0985
7.135
7.1715
7.2081
7.2448
7.2815
7.3182
7.355
7.3918
7.4287
7.4656
7.5025
7.5395
7.5765
7.6136
7.6507
7.6878
7.725
7.7622
7.7995
7.8367
7.874
7.9114
7.9488
7.9862
8.0236
8.0611
8.0986
8.1362
8.1737
8.2113
8.249
8.2866
8.3243
8.3621
8.3998
8.4376
8.4754
8.5132
8.5511
8.589
8.6269
8.6648
8.7028
8.7408
8.7788
8.8168
8.8549
8.893
8.9311
8.9692
9.0074
9.0456
9.0838
9.122
9.1603
9.1405
9.1208
9.1011
9.0813
9.0616
9.0419
9.0222
9.0025
8.9828
8.9631
8.9434
8.9237
8.9041
8.8844
8.8647
8.845
8.8254
8.8057
8.7861
8.7664
8.7468
8.7272
8.7075
8.6879
8.6683
8.6487
8.6291
8.6094
8.5898
8.5702
8.5507
8.5311
8.5115
8.4919
8.4724
8.4528
8.4332
8.4137
8.3941
8.3746
8.3551
8.3355
8.316
8.2965
8.277
8.2575
8.238
8.2185
8.199
8.1795
8.16
8.1406
8.1211
8.1016
8.0822
8.0628
8.0433
8.0239
8.0045
7.985
7.9682
7.9514
7.9346
7.9178
7.901
7.8843
7.8675
7.8507
7.834
7.8173
7.8005
7.7838
7.7671
7.7504
7.7337
7.717
7.7004
7.6837
7.6671
7.6504
7.6338
7.6172
7.6006
7.584
7.5674
7.5508
7.5342
7.5177
7.5011
7.4846
7.4681
7.4516
7.4351
7.4186
7.4021
7.3856
7.3692
7.3527
7.3363
7.3199
7.3034
7.287
7.2707
7.2543
7.2379
7.2216
7.2052
7.1889
7.1726
7.1563
7.14
7.1237
7.1074
7.0912
7.0749
7.0587
7.0425
7.0263
7.0101
6.9939
7.0249
7.0559
7.087
7.1182
7.1495
7.1809
7.2124
7.2439
7.2756
7.3073
7.3391
7.371
7.4029
7.435
7.4671
7.4993
7.5316
7.5639
7.5963
7.6288
7.6614
7.694
7.7267
7.7595
7.7923
7.8252
7.8582
7.8912
7.9243
7.9575
7.9907
8.024
8.0574
8.0908
8.1243
8.1578
8.1914
8.225
8.2588
8.2925
8.3263
8.3602
8.3941
8.4281
8.4622
8.4963
8.5304
8.5646
8.5988
8.6331
8.6675
8.7018
8.7363
8.7708
8.8053
8.8399
8.8745
8.9092
8.9439
8.9787
8.9644
8.9503
8.9362
8.9222
8.9082
8.8944
8.8806
8.8669
8.8533
8.8397
8.8262
8.8128
8.7995
8.7863
8.7731
8.76
8.747
8.7341
8.7213
8.7085
8.6958
8.6832
8.6707
8.6583
8.6459
8.6336
8.6214
8.6093
8.5973
8.5854
8.5735
8.5618
8.5501
8.5385
8.527
8.5156
8.5042
8.493
8.4818
8.4707
8.4597
8.4488
8.438
8.4273
8.4167
8.4061
8.3957
8.3853
8.375
8.3649
8.3548
8.3448
8.3349
8.3251
8.3153
8.3057
8.2962
8.2867
8.2774
8.2682
8.2731
8.2781
8.2831
8.2881
8.2931
8.2982
8.3032
8.3083
8.3133
8.3184
8.3235
8.3286
8.3337
8.3389
8.344
8.3491
8.3543
8.3595
8.3647
8.3699
8.3751
8.3803
8.3856
8.3908
8.3961
8.4013
8.4066
8.4119
8.4172
8.4226
8.4279
8.4332
8.4386
8.444
8.4493
8.4547
8.4601
8.4655
8.471
8.4764
8.4819
8.4873
8.4928
8.4983
8.5038
8.5093
8.5148
8.5203
8.5259
8.5314
8.537
8.5425
8.5481
8.5537
8.5593
8.565
8.5706
8.5762
8.5819
8.5875
8.5815
8.5755
8.5695
8.5635
8.5575
8.5515
8.5455
8.5395
8.5335
8.5276
8.5216
8.5156
8.5097
8.5037
8.4978
8.4919
8.4859
8.48
8.4741
8.4682
8.4622
8.4563
8.4504
8.4446
8.4387
8.4328
8.4269
8.421
8.4152
8.4093
8.4035
8.3976
8.3918
8.3859
8.3801
8.3743
8.3685
8.3627
8.3568
8.351
8.3452
8.3395
8.3337
8.3279
8.3221
8.3164
8.3106
8.3049
8.2991
8.2934
8.2876
8.2819
8.2762
8.2705
8.2648
8.259
8.2534
8.2477
8.242
8.2363
8.2296
8.223
8.2165
8.21
8.2036
8.1973
8.1911
8.1849
8.1788
8.1728
8.1669
8.161
8.1552
8.1495
8.1439
8.1383
8.1328
8.1274
8.122
8.1168
8.1116
8.1065
8.1014
8.0964
8.0916
8.0867
8.082
8.0773
8.0728
8.0683
8.0638
8.0595
8.0552
8.051
8.0469
8.0428
8.0389
8.035
8.0312
8.0274
8.0238
8.0202
8.0167
8.0133
8.0099
8.0067
8.0035
8.0004
7.9974
7.9944
7.9916
7.9888
7.9861
7.9834
7.9809
7.9784
7.976
7.9737
7.9715
7.9693
7.9743
7.9794
7.9844
7.9894
7.9945
7.9995
8.0045
8.0096
8.0146
8.0197
8.0247
8.0298
8.0349
8.0399
8.045
8.0501
8.0551
8.0602
8.0653
8.0704
8.0754
8.0805
8.0856
8.0907
8.0958
8.1009
8.106
8.1111
8.1162
8.1213
8.1264
8.1315
8.1366
8.1417
8.1469
8.152
8.1571
8.1622
8.1674
8.1725
8.1776
8.1828
8.1879
8.1931
8.1982
8.2034
8.2085
8.2137
8.2188
8.224
8.2291
8.2343
8.2395
8.2446
8.2498
8.255
8.2602
8.2654
8.2705
8.2757
8.2743
8.273
8.2716
8.2702
8.2689
8.2675
8.2662
8.2649
8.2636
8.2623
8.261
8.2597
8.2584
8.2571
8.2558
8.2546
8.2533
8.2521
8.2508
8.2496
8.2484
8.2472
8.246
8.2448
8.2436
8.2424
8.2413
8.2401
8.2389
8.2378
8.2367
8.2355
8.2344
8.2333
8.2322
8.2311
8.23
8.229
8.2279
8.2268
8.2258
8.2247
8.2237
8.2227
8.2217
8.2206
8.2196
8.2186
8.2177
8.2167
8.2157
8.2148
8.2138
8.2129
8.2119
8.211
8.2101
8.2092
8.2083
8.2074
8.1915
8.1757
8.16
8.1445
8.1291
8.1138
8.0987
8.0837
8.0688
8.0541
8.0395
8.0251
8.0107
7.9966
7.9825
7.9686
7.9548
7.9412
7.9277
7.9144
7.9012
7.8881
7.8752
7.8625
7.8498
7.8374
7.825
7.8129
7.8008
7.789
7.7772
7.7657
7.7542
7.743
7.7318
7.7209
7.71
7.6994
7.6889
7.6785
7.6683
7.6583
7.6484
7.6387
7.6291
7.6197
7.6105
7.6014
7.5925
7.5837
7.5751
7.5667
7.5584
7.5503
7.5424
7.5346
7.527
7.5196
7.5123
7.5052
7.5123
7.5194
7.5265
7.5336
7.5407
7.5478
7.5549
7.562
7.5691
7.5762
7.5834
7.5905
7.5976
7.6047
7.6118
7.6189
7.626
7.6331
7.6403
7.6474
7.6545
7.6616
7.6687
7.6758
7.683
7.6901
7.6972
7.7043
7.7115
7.7186
7.7257
7.7328
7.74
7.7471
7.7542
7.7613
7.7685
7.7756
7.7827
7.7899
7.797
7.8041
7.8113
7.8184
7.8255
7.8327
7.8398
7.8469
7.8541
7.8612
7.8684
7.8755
7.8826
7.8898
7.8969
7.9041
7.9112
7.9183
7.9255
7.9326
7.9379
7.9433
7.9486
7.9541
7.9595
7.965
7.9705
7.9761
7.9817
7.9873
7.993
7.9987
8.0045
8.0102
8.0161
8.0219
8.0278
8.0337
8.0397
8.0457
8.0518
8.0578
8.0639
8.0701
8.0763
8.0825
8.0888
8.0951
8.1014
8.1077
8.1141
8.1206
8.127
8.1336
8.1401
8.1467
8.1533
8.1599
8.1666
8.1733
8.1801
8.1869
8.1937
8.2005
8.2074
8.2143
8.2213
8.2283
8.2353
8.2424
8.2494
8.2566
8.2637
8.2709
8.2781
8.2854
8.2927
8.3
8.3074
8.3148
8.3161
8.3174
8.3188
8.3201
8.3214
8.3228
8.3241
8.3255
8.3268
8.3281
8.3295
8.3308
8.3321
8.3335
8.3348
8.3361
8.3375
8.3388
8.3401
8.3415
8.3428
8.3442
8.3455
8.3468
8.3482
8.3495
8.3508
8.3522
8.3535
8.3548
8.3562
8.3575
8.3589
8.3602
8.3615
8.3629
8.3642
8.3655
8.3669
8.3682
8.3696
8.3709
8.3722
8.3736
8.3749
8.3762
8.3776
8.3789
8.3803
8.3816
8.3829
8.3843
8.3856
8.3869
8.3883
8.3896
8.391
8.3923
8.3936
8.395
8.3876
8.3803
8.3731
8.3661
8.3591
8.3523
8.3456
8.3389
8.3324
8.326
8.3198
8.3136
8.3075
8.3016
8.2958
8.29
8.2844
8.279
8.2736
8.2683
8.2632
8.2581
8.2532
8.2484
8.2437
8.2391
8.2347
8.2303
8.2261
8.222
8.218
8.2141
8.2104
8.2067
8.2032
8.1998
8.1965
8.1933
8.1902
8.1873
8.1845
8.1818
8.1792
8.1767
8.1744
8.1721
8.17
8.168
8.1661
8.1644
8.1627
8.1612
8.1598
8.1585
8.1573
8.1563
8.1554
8.1545
8.1539
8.1533
8.1568
8.1602
8.1637
8.1672
8.1706
8.1741
8.1776
8.1811
8.1845
8.188
8.1915
8.195
8.1984
8.2019
8.2054
8.2089
8.2123
8.2158
8.2193
8.2228
8.2262
8.2297
8.2332
8.2367
8.2401
8.2436
8.2471
8.2506
8.254
8.2575
8.261
8.2645
8.2679
8.2714
8.2749
8.2784
8.2819
8.2853
8.2888
8.2923
8.2958
8.2993
8.3027
8.3062
8.3097
8.3132
8.3167
8.3201
8.3236
8.3271
8.3306
8.3341
8.3375
8.341
8.3445
8.348
8.3515
8.3549
8.3584
8.3619
8.3505
8.3393
8.3281
8.3172
8.3063
8.2956
8.2851
8.2747
8.2644
8.2543
8.2443
8.2345
8.2248
8.2153
8.2059
8.1966
8.1875
8.1786
8.1698
8.1611
8.1526
8.1442
8.136
8.128
8.1201
8.1123
8.1047
8.0973
8.09
8.0828
8.0758
8.069
8.0623
8.0558
8.0494
8.0432
8.0372
8.0313
8.0255
8.0199
8.0145
8.0092
8.0041
7.9992
7.9944
7.9897
7.9852
7.9809
7.9768
7.9728
7.9689
7.9652
7.9617
7.9583
7.9551
7.9521
7.9492
7.9465
7.944
7.9416
7.9449
7.9483
7.9517
7.9552
7.9587
7.9622
7.9657
7.9693
7.973
7.9766
7.9803
7.9841
7.9878
7.9916
7.9954
7.9993
8.0032
8.0071
8.0111
8.0151
8.0192
8.0232
8.0273
8.0315
8.0356
8.0398
8.0441
8.0483
8.0526
8.057
8.0614
8.0658
8.0702
8.0747
8.0792
8.0837
8.0883
8.0929
8.0975
8.1022
8.1069
8.1116
8.1164
8.1212
8.126
8.1309
8.1358
8.1407
8.1457
8.1507
8.1557
8.1608
8.1659
8.171
8.1761
8.1813
8.1865
8.1918
8.1971
8.2024
8.1941
8.186
8.178
8.1701
8.1624
8.1548
8.1473
8.14
8.1327
8.1257
8.1187
8.1119
8.1052
8.0987
8.0923
8.086
8.0799
8.0738
8.068
8.0622
8.0566
8.0512
8.0459
8.0407
8.0356
8.0307
8.0259
8.0213
8.0168
8.0124
8.0082
8.0041
8.0002
7.9964
7.9927
7.9892
7.9858
7.9825
7.9794
7.9765
7.9736
7.971
7.9684
7.966
7.9637
7.9616
7.9596
7.9578
7.9561
7.9546
7.9531
7.9519
7.9507
7.9498
7.9489
7.9482
7.9476
7.9472
7.9469
7.9468
7.95
7.9533
7.9566
7.9598
7.9631
7.9665
7.9698
7.9731
7.9765
7.9799
7.9833
7.9867
7.9901
7.9936
7.997
8.0005
8.004
8.0075
8.011
8.0146
8.0181
8.0217
8.0253
8.0289
8.0325
8.0361
8.0398
8.0435
8.0471
8.0508
8.0546
8.0583
8.062
8.0658
8.0696
8.0734
8.0772
8.081
8.0848
8.0887
8.0926
8.0964
8.1003
8.1043
8.1082
8.1121
8.1161
8.1201
8.1241
8.1281
8.1321
8.1362
8.1402
8.1443
8.1484
8.1525
8.1566
8.1607
8.1649
8.169
8.1634
8.1579
8.1525
8.1472
8.1419
8.1368
8.1318
8.1269
8.122
8.1173
8.1126
8.1081
8.1036
8.0993
8.095
8.0909
8.0868
8.0829
8.079
8.0752
8.0716
8.068
8.0645
8.0612
8.0579
8.0547
8.0516
8.0487
8.0458
8.043
8.0403
8.0378
8.0353
8.0329
8.0306
8.0285
8.0264
8.0244
8.0225
8.0208
8.0191
8.0175
8.016
8.0147
8.0134
8.0122
8.0112
8.0102
8.0093
8.0085
8.0079
8.0073
8.0068
8.0065
8.0062
8.0061
8.006
8.006
8.0062
8.0064
8.0016
7.9968
7.992
7.9872
7.9825
7.9777
7.973
7.9683
7.9635
7.9588
7.9541
7.9494
7.9447
7.9401
7.9354
7.9308
7.9261
7.9215
7.9169
7.9123
7.9077
7.9031
7.8985
7.894
7.8894
7.8849
7.8804
7.8758
7.8713
7.8668
7.8624
7.8579
7.8534
7.849
7.8445
7.8401
7.8357
7.8313
7.8269
7.8225
7.8181
7.8137
7.8094
7.8051
7.8007
7.7964
7.7921
7.7878
7.7835
7.7792
7.775
7.7707
7.7665
7.7623
7.758
7.7538
7.7496
7.7455
7.7413
7.7371
7.719
7.7011
7.6833
7.6657
7.6482
7.6309
7.6137
7.5967
7.5799
7.5632
7.5466
7.5303
7.514
7.498
7.4821
7.4664
7.4508
7.4354
7.4202
7.4052
7.3903
7.3756
7.361
7.3466
7.3325
7.3184
7.3046
7.2909
7.2774
7.2641
7.251
7.2381
7.2253
7.2127
7.2003
7.1881
7.1761
7.1642
7.1526
7.1411
7.1298
7.1187
7.1078
7.0971
7.0866
7.0763
7.0662
7.0563
7.0465
7.037
7.0277
7.0185
7.0096
7.0009
6.9923
6.984
6.9759
6.968
6.9602
6.9527
6.9489
6.9452
6.9415
6.9379
6.9343
6.9308
6.9273
6.9239
6.9206
6.9173
6.9141
6.911
6.9078
6.9048
6.9018
6.8989
6.896
6.8932
6.8905
6.8878
6.8851
6.8826
6.8801
6.8776
6.8752
6.8729
6.8706
6.8684
6.8662
6.8641
6.8621
6.8601
6.8582
6.8563
6.8545
6.8528
6.8511
6.8495
6.8479
6.8464
6.845
6.8436
6.8423
6.841
6.8398
6.8387
6.8376
6.8366
6.8356
6.8347
6.8339
6.8331
6.8324
6.8318
6.8312
6.8306
6.8302
6.8297
6.8294
6.8291
6.8093
6.79
6.7712
6.7527
6.7347
6.7172
6.7001
6.6835
6.6673
6.6516
6.6364
6.6216
6.6073
6.5935
6.5801
6.5673
6.5549
6.543
6.5316
6.5207
6.5103
6.5004
6.4909
6.482
6.4736
6.4657
6.4583
6.4514
6.445
6.4392
6.4338
6.429
6.4247
6.4209
6.4176
6.4148
6.4125
6.4108
6.4096
6.4089
6.4088
6.4091
6.41
6.4114
6.4133
6.4157
6.4187
6.4222
6.4262
6.4307
6.4357
6.4412
6.4473
6.4539
6.4609
6.4685
6.4766
6.4852
6.4943
6.5039
6.4916
6.4793
6.467
6.4548
6.4427
6.4305
6.4185
6.4065
6.3945
6.3826
6.3708
6.359
6.3472
6.3355
6.3239
6.3123
6.3007
6.2892
6.2778
6.2664
6.255
6.2438
6.2325
6.2214
6.2103
6.1992
6.1882
6.1772
6.1663
6.1555
6.1447
6.134
6.1233
6.1127
6.1022
6.0917
6.0812
6.0708
6.0605
6.0503
6.0401
6.0299
6.0198
6.0098
5.9998
5.9899
5.9801
5.9703
5.9606
5.951
5.9414
5.9318
5.9224
5.913
5.9036
5.8944
5.8851
5.876
5.8669
5.8579
5.8455
5.8333
5.821
5.8088
5.7967
5.7847
5.7727
5.7608
5.7489
5.7371
5.7254
5.7137
5.7021
5.6905
5.679
5.6676
5.6562
5.645
5.6337
5.6226
5.6115
5.6005
5.5895
5.5786
5.5678
5.5571
5.5464
5.5358
5.5252
5.5148
5.5044
5.494
5.4838
5.4736
5.4635
5.4534
5.4435
5.4336
5.4238
5.414
5.4044
5.3948
5.3852
5.3758
5.3664
5.3571
5.3479
5.3388
5.3298
5.3208
5.3119
5.3031
5.2943
5.2857
5.2771
5.2686
5.2602
5.2518
5.2436
5.2354
5.2206
5.2065
5.1931
5.1805
5.1687
5.1576
5.1473
5.1377
5.129
5.121
5.1138
5.1074
5.1018
5.097
5.093
5.0897
5.0873
5.0857
5.0849
5.0849
5.0857
5.0873
5.0897
5.0929
5.0969
5.1017
5.1073
5.1137
5.1209
5.1288
5.1376
5.1471
5.1574
5.1685
5.1803
5.1929
5.2062
5.2203
5.2352
5.2507
5.267
5.2841
5.3018
5.3203
5.3394
5.3593
5.3798
5.401
5.4229
5.4454
5.4686
5.4925
5.517
5.5421
5.5678
5.5941
5.6211
5.6486
5.6767
5.7054
5.6859
5.6664
5.6469
5.6274
5.6079
5.5884
5.5689
5.5494
5.5299
5.5104
5.4908
5.4713
5.4518
5.4323
5.4128
5.3933
5.3738
5.3543
5.3348
5.3153
5.2958
5.2763
5.2568
5.2373
5.2178
5.1983
5.1788
5.1593
5.1398
5.1204
5.1009
5.0814
5.0619
5.0424
5.0229
5.0034
4.9839
4.9644
4.9449
4.9255
4.906
4.8865
4.867
4.8475
4.828
4.8086
4.7891
4.7696
4.7501
4.7307
4.7112
4.6917
4.6722
4.6528
4.6333
4.6138
4.5943
4.5749
4.5554
4.5359
4.5243
4.5127
4.5012
4.4896
4.478
4.4665
4.455
4.4435
4.432
4.4205
4.409
4.3976
4.3861
4.3747
4.3633
4.3519
4.3405
4.3292
4.3178
4.3065
4.2952
4.2839
4.2726
4.2613
4.2501
4.2389
4.2277
4.2165
4.2053
4.1941
4.183
4.1718
4.1607
4.1496
4.1386
4.1275
4.1165
4.1054
4.0944
4.0835
4.0725
4.0616
4.0506
4.0397
4.0288
4.018
4.0071
3.9963
3.9855
3.9747
3.9639
3.9532
3.9424
3.9317
3.921
3.9104
3.8997
3.8891
3.8785
3.8679
3.8402
3.8124
3.7846
3.7569
3.7291
3.7014
3.6736
3.6459
3.6182
3.5904
3.5627
3.535
3.5073
3.4797
3.452
3.4243
3.3966
3.369
3.3414
3.3137
3.2861
3.2585
3.2309
3.2033
3.1757
3.1481
3.1206
3.093
3.0655
3.038
3.0105
2.983
2.9555
2.928
2.9005
2.8731
2.8457
2.8182
2.7908
2.7635
2.7361
2.7087
2.6814
2.6541
2.6268
2.5995
2.5723
2.545
2.5178
2.4906
2.4635
2.4363
2.4092
2.3821
2.355
2.328
2.301
2.274
2.247
2.2201
2.2083
2.1965
2.1848
2.173
2.1613
2.1495
2.1378
2.126
2.1143
2.1026
2.0908
2.0791
2.0674
2.0557
2.044
2.0323
2.0207
2.009
1.9973
1.9857
1.974
1.9624
1.9508
1.9391
1.9275
1.9159
1.9043
1.8927
1.8811
1.8696
1.858
1.8465
1.8349
1.8234
1.8119
1.8003
1.7888
1.7774
1.7659
1.7544
1.7429
1.7315
1.7201
1.7086
1.6972
1.6858
1.6744
1.6631
1.6517
1.6404
1.629
1.6177
1.6064
1.5951
1.5838
1.5726
1.5613
1.5501
1.5389
1.5277
1.4932
1.4588
1.4246
1.3907
1.3569
1.3234
1.2901
1.257
1.2243
1.1919
1.1598
1.1281
1.0967
1.0658
1.0354
1.0055
0.97613
0.94739
0.91932
0.89198
0.86545
0.8398
0.81511
0.79147
0.76898
0.74774
0.72786
0.70947
0.69267
0.67758
0.66432
0.653
0.64373
0.63659
0.63166
0.62899
0.6286
0.6305
0.63468
0.64108
0.64964
0.66027
0.67289
0.68737
0.70361
0.72148
0.74086
0.76165
0.78373
0.80699
0.83134
0.85668
0.88292
0.91
0.93783
0.96635
0.9955
1.0252
1.0555
1.0862
1.0906
1.0952
1.1
1.1049
1.1099
1.1152
1.1206
1.1261
1.1319
1.1377
1.1438
1.1499
1.1562
1.1627
1.1693
1.1761
1.1829
1.19
1.1971
1.2044
1.2118
1.2193
1.227
1.2348
1.2427
1.2507
1.2588
1.267
1.2754
1.2838
1.2924
1.3011
1.3098
1.3187
1.3277
1.3367
1.3459
1.3551
1.3644
1.3739
1.3834
1.393
1.4026
1.4124
1.4222
1.4321
1.4421
1.4522
1.4623
1.4725
1.4828
1.4931
1.5036
1.514
1.5246
1.5352
1.5458
1.5566
1.5674
1.5782
1.5929
1.6076
1.6225
1.6373
1.6523
1.6673
1.6824
1.6976
1.7128
1.7281
1.7434
1.7588
1.7742
1.7897
1.8053
1.8209
1.8365
1.8522
1.868
1.8838
1.8996
1.9155
1.9314
1.9474
1.9634
1.9794
1.9955
2.0116
2.0278
2.044
2.0602
2.0765
2.0928
2.1091
2.1255
2.1419
2.1583
2.1747
2.1912
2.2077
2.2243
2.2408
2.2574
2.274
2.2907
2.3073
2.324
2.3408
2.3575
2.3743
2.391
2.4078
2.4247
2.4415
2.4584
2.4753
2.4922
2.5091
2.5261
2.543
2.5571
2.5711
2.5852
2.5993
2.6133
2.6274
2.6415
2.6556
2.6697
2.6837
2.6978
2.7119
2.726
2.7401
2.7542
2.7683
2.7824
2.7965
2.8106
2.8248
2.8389
2.853
2.8671
2.8813
2.8954
2.9095
2.9237
2.9378
2.9519
2.9661
2.9802
2.9944
3.0085
3.0227
3.0368
3.051
3.0651
3.0793
3.0935
3.1076
3.1218
3.1359
3.1501
3.1643
3.1785
3.1926
3.2068
3.221
3.2352
3.2494
3.2636
3.2777
3.2919
3.3061
3.3203
3.3345
3.3487
3.3629
3.3771
3.3913
3.3786
3.366
3.3535
3.3409
3.3284
3.316
3.3036
3.2913
3.279
3.2667
3.2545
3.2424
3.2303
3.2183
3.2063
3.1943
3.1824
3.1706
3.1588
3.1471
3.1354
3.1238
3.1123
3.1008
3.0893
3.0779
3.0666
3.0553
3.0441
3.033
3.0219
3.0109
2.9999
2.989
2.9782
2.9674
2.9567
2.9461
2.9355
2.925
2.9146
2.9043
2.894
2.8837
2.8736
2.8635
2.8535
2.8436
2.8337
2.824
2.8143
2.8046
2.7951
2.7856
2.7762
2.7669
2.7577
2.7486
2.7395
2.7305
2.7452
2.7627
2.7829
2.8057
2.8312
2.8592
2.8897
2.9226
2.9577
2.9951
3.0347
3.0763
3.1199
3.1654
3.2127
3.2617
3.3124
3.3647
3.4185
3.4737
3.5303
3.5882
3.6474
3.7078
3.7693
3.8318
3.8954
3.96
4.0255
4.0918
4.159
4.2271
4.2958
4.3653
4.4355
4.5064
4.5779
4.65
4.7226
4.7958
4.8696
4.9438
5.0185
5.0937
5.1693
5.2453
5.3217
5.3985
5.4757
5.5532
5.631
5.7092
5.7877
5.8665
5.9455
6.0249
6.1045
6.1844
6.2645
6.3448
6.3424
6.3401
6.3377
6.3354
6.3331
6.3307
6.3284
6.3261
6.3238
6.3215
6.3192
6.3169
6.3146
6.3124
6.3101
6.3078
6.3056
6.3033
6.3011
6.2988
6.2966
6.2944
6.2922
6.2899
6.2877
6.2855
6.2833
6.2811
6.279
6.2768
6.2746
6.2724
6.2703
6.2681
6.266
6.2638
6.2617
6.2596
6.2575
6.2553
6.2532
6.2511
6.249
6.2469
6.2449
6.2428
6.2407
6.2386
6.2366
6.2345
6.2325
6.2304
6.2284
6.2264
6.2244
6.2224
6.2203
6.2183
6.2163
6.2144
6.215
6.2157
6.2165
6.2173
6.2181
6.219
6.2198
6.2208
6.2217
6.2227
6.2238
6.2249
6.226
6.2271
6.2283
6.2295
6.2308
6.2321
6.2334
6.2348
6.2362
6.2376
6.2391
6.2406
6.2421
6.2437
6.2453
6.247
6.2487
6.2504
6.2522
6.254
6.2558
6.2577
6.2596
6.2615
6.2635
6.2655
6.2676
6.2697
6.2718
6.2739
6.2761
6.2783
6.2806
6.2829
6.2852
6.2876
6.29
6.2925
6.2949
6.2974
6.3
6.3026
6.3052
6.3078
6.3105
6.3132
6.316
6.3188
6.3242
6.3297
6.3352
6.3407
6.3463
6.3519
6.3576
6.3633
6.369
6.3748
6.3806
6.3865
6.3924
6.3983
6.4042
6.4102
6.4163
6.4224
6.4285
6.4346
6.4408
6.447
6.4533
6.4596
6.4659
6.4723
6.4787
6.4851
6.4916
6.4981
6.5047
6.5113
6.5179
6.5246
6.5312
6.538
6.5447
6.5515
6.5584
6.5652
6.5721
6.5791
6.586
6.5931
6.6001
6.6072
6.6143
6.6214
6.6286
6.6358
6.6431
6.6503
6.6576
6.665
6.6724
6.6798
6.6872
6.6947
6.7022
6.7097
6.7157
6.7217
6.7277
6.7337
6.7397
6.7458
6.7518
6.7579
6.764
6.7702
6.7763
6.7825
6.7886
6.7948
6.801
6.8073
6.8135
6.8198
6.8261
6.8324
6.8387
6.845
6.8514
6.8577
6.8641
6.8705
6.8769
6.8834
6.8898
6.8963
6.9028
6.9093
6.9158
6.9223
6.9289
6.9355
6.9421
6.9487
6.9553
6.9619
6.9686
6.9752
6.9819
6.9886
6.9953
7.0021
7.0088
7.0156
7.0224
7.0292
7.036
7.0428
7.0497
7.0565
7.0634
7.0703
7.0772
7.0841
7.0911
7.098
7.0999
7.1018
7.1037
7.1056
7.1075
7.1094
7.1114
7.1133
7.1153
7.1173
7.1193
7.1213
7.1233
7.1254
7.1274
7.1295
7.1316
7.1337
7.1358
7.1379
7.1401
7.1422
7.1444
7.1466
7.1487
7.151
7.1532
7.1554
7.1576
7.1599
7.1622
7.1644
7.1667
7.1691
7.1714
7.1737
7.1761
7.1784
7.1808
7.1832
7.1856
7.188
7.1904
7.1929
7.1953
7.1978
7.2003
7.2028
7.2053
7.2078
7.2103
7.2129
7.2154
7.218
7.2206
7.2232
7.2258
7.2284
7.231
7.2337
7.2487
7.2638
7.279
7.2941
7.3094
7.3246
7.3399
7.3552
7.3705
7.3859
7.4013
7.4167
7.4322
7.4477
7.4633
7.4788
7.4944
7.5101
7.5257
7.5414
7.5572
7.5729
7.5887
7.6045
7.6204
7.6363
7.6522
7.6681
7.6841
7.7001
7.7161
7.7322
7.7483
7.7644
7.7805
7.7967
7.8129
7.8291
7.8454
7.8617
7.878
7.8943
7.9107
7.9271
7.9435
7.9599
7.9764
7.9929
8.0094
8.026
8.0426
8.0592
8.0758
8.0925
8.1091
8.1258
8.1426
8.1593
8.1761
8.1929
8.1515
8.11
8.0686
8.0272
7.9858
7.9444
7.903
7.8616
7.8203
7.7789
7.7376
7.6963
7.6549
7.6136
7.5723
7.5311
7.4898
7.4485
7.4073
7.3661
7.3248
7.2836
7.2424
7.2013
7.1601
7.119
7.0778
7.0367
6.9956
6.9545
6.9134
6.8724
6.8313
6.7903
6.7493
6.7083
6.6673
6.6264
6.5854
6.5445
6.5036
6.4627
6.4219
6.381
6.3402
6.2994
6.2586
6.2178
6.1771
6.1364
6.0957
6.055
6.0144
5.9737
5.9331
5.8926
5.852
5.8115
5.771
5.7305
5.7378
5.7451
5.7524
5.7597
5.767
5.7743
5.7816
5.789
5.7963
5.8036
5.811
5.8184
5.8257
5.8331
5.8405
5.8479
5.8553
5.8627
5.8701
5.8775
5.8849
5.8923
5.8998
5.9072
5.9147
5.9221
5.9296
5.9371
5.9445
5.952
5.9595
5.967
5.9745
5.982
5.9895
5.9971
6.0046
6.0121
6.0197
6.0272
6.0348
6.0423
6.0499
6.0575
6.0651
6.0726
6.0802
6.0878
6.0954
6.103
6.1107
6.1183
6.1259
6.1336
6.1412
6.1488
6.1565
6.1642
6.1718
6.1795
6.1781
6.1767
6.1753
6.1738
6.1724
6.171
6.1696
6.1682
6.1669
6.1655
6.1641
6.1627
6.1613
6.16
6.1586
6.1573
6.1559
6.1545
6.1532
6.1519
6.1505
6.1492
6.1478
6.1465
6.1452
6.1439
6.1425
6.1412
6.1399
6.1386
6.1373
6.136
6.1347
6.1334
6.1322
6.1309
6.1296
6.1283
6.1271
6.1258
6.1245
6.1233
6.122
6.1208
6.1195
6.1183
6.1171
6.1158
6.1146
6.1134
6.1122
6.1109
6.1097
6.1085
6.1073
6.1061
6.1049
6.1037
6.1026
6.1014
6.1009
6.1005
6.1001
6.0997
6.0993
6.099
6.0986
6.0983
6.098
6.0976
6.0974
6.0971
6.0968
6.0965
6.0963
6.0961
6.0959
6.0957
6.0955
6.0953
6.0952
6.095
6.0949
6.0948
6.0947
6.0946
6.0945
6.0944
6.0944
6.0944
6.0943
6.0943
6.0943
6.0944
6.0944
6.0945
6.0945
6.0946
6.0947
6.0948
6.0949
6.0951
6.0952
6.0954
6.0955
6.0957
6.0959
6.0962
6.0964
6.0966
6.0969
6.0972
6.0975
6.0978
6.0981
6.0984
6.0987
6.0991
6.0995
6.0999
6.0818
6.0638
6.0459
6.0281
6.0103
5.9927
5.9751
5.9576
5.9401
5.9228
5.9055
5.8883
5.8712
5.8542
5.8372
5.8204
5.8036
5.7869
5.7703
5.7538
5.7374
5.7211
5.7048
5.6887
5.6726
5.6567
5.6408
5.625
5.6093
5.5937
5.5782
5.5628
5.5475
5.5323
5.5173
5.5023
5.4874
5.4726
5.4579
5.4433
5.4288
5.4144
5.4002
5.386
5.3719
5.358
5.3441
5.3304
5.3168
5.3033
5.2899
5.2766
5.2635
5.2504
5.2375
5.2247
5.212
5.1994
5.187
5.1746
5.1759
5.1771
5.1783
5.1795
5.1808
5.182
5.1832
5.1845
5.1857
5.187
5.1882
5.1895
5.1908
5.192
5.1933
5.1946
5.1959
5.1971
5.1984
5.1997
5.201
5.2023
5.2036
5.2049
5.2062
5.2075
5.2089
5.2102
5.2115
5.2128
5.2142
5.2155
5.2168
5.2182
5.2195
5.2209
5.2222
5.2236
5.225
5.2263
5.2277
5.2291
5.2304
5.2318
5.2332
5.2346
5.236
5.2374
5.2388
5.2402
5.2416
5.243
5.2444
5.2458
5.2472
5.2487
5.2501
5.2515
5.253
5.2544
5.26
5.2656
5.2712
5.2768
5.2825
5.2881
5.2937
5.2994
5.305
5.3106
5.3163
5.3219
5.3276
5.3333
5.3389
5.3446
5.3503
5.356
5.3616
5.3673
5.373
5.3787
5.3844
5.3901
5.3958
5.4015
5.4072
5.4129
5.4187
5.4244
5.4301
5.4358
5.4416
5.4473
5.4531
5.4588
5.4646
5.4703
5.4761
5.4818
5.4876
5.4934
5.4992
5.5049
5.5107
5.5165
5.5223
5.5281
5.5339
5.5397
5.5455
5.5513
5.5571
5.5629
5.5687
5.5746
5.5804
5.5862
5.592
5.5979
5.5744
5.551
5.5277
5.5045
5.4814
5.4583
5.4353
5.4124
5.3896
5.3669
5.3442
5.3217
5.2992
5.2769
5.2546
5.2324
5.2103
5.1883
5.1664
5.1446
5.1229
5.1013
5.0798
5.0584
5.0371
5.0159
4.9949
4.9739
4.953
4.9323
4.9116
4.8911
4.8707
4.8504
4.8302
4.8102
4.7902
4.7704
4.7507
4.7312
4.7117
4.6924
4.6733
4.6542
4.6353
4.6165
4.5979
4.5794
4.561
4.5428
4.5247
4.5068
4.489
4.4714
4.4539
4.4366
4.4194
4.4024
4.3855
4.3688
4.3712
4.3735
4.3759
4.3783
4.3806
4.383
4.3853
4.3877
4.39
4.3924
4.3948
4.3971
4.3995
4.4019
4.4042
4.4066
4.409
4.4113
4.4137
4.4161
4.4184
4.4208
4.4232
4.4255
4.4279
4.4303
4.4327
4.435
4.4374
4.4398
4.4422
4.4445
4.4469
4.4493
4.4517
4.454
4.4564
4.4588
4.4612
4.4636
4.4659
4.4683
4.4707
4.4731
4.4755
4.4779
4.4803
4.4826
4.485
4.4874
4.4898
4.4922
4.4946
4.497
4.4994
4.5018
4.5042
4.5066
4.509
4.5113
4.512
4.5126
4.5132
4.5138
4.5144
4.515
4.5157
4.5163
4.5169
4.5175
4.5182
4.5188
4.5194
4.5201
4.5207
4.5214
4.522
4.5227
4.5233
4.524
4.5246
4.5253
4.526
4.5266
4.5273
4.528
4.5286
4.5293
4.53
4.5307
4.5314
4.532
4.5327
4.5334
4.5341
4.5348
4.5355
4.5362
4.5369
4.5376
4.5383
4.539
4.5397
4.5405
4.5412
4.5419
4.5426
4.5434
4.5441
4.5448
4.5455
4.5463
4.547
4.5478
4.5485
4.5493
4.55
4.5508
4.5515
4.5523
4.5308
4.5096
4.4887
4.4679
4.4474
4.4271
4.4071
4.3873
4.3677
4.3484
4.3294
4.3106
4.292
4.2737
4.2557
4.238
4.2205
4.2033
4.1864
4.1697
4.1534
4.1373
4.1215
4.106
4.0909
4.076
4.0614
4.0471
4.0332
4.0195
4.0062
3.9932
3.9806
3.9682
3.9562
3.9445
3.9332
3.9222
3.9115
3.9012
3.8912
3.8816
3.8723
3.8634
3.8549
3.8467
3.8389
3.8314
3.8243
3.8176
3.8113
3.8053
3.7997
3.7944
3.7896
3.7851
3.7811
3.7774
3.774
3.7711
3.7771
3.7831
3.7891
3.7951
3.8011
3.8071
3.8131
3.8192
3.8252
3.8312
3.8372
3.8432
3.8492
3.8552
3.8612
3.8672
3.8732
3.8792
3.8853
3.8913
3.8973
3.9033
3.9093
3.9153
3.9213
3.9273
3.9333
3.9393
3.9454
3.9514
3.9574
3.9634
3.9694
3.9754
3.9814
3.9874
3.9935
3.9995
4.0055
4.0115
4.0175
4.0235
4.0295
4.0355
4.0416
4.0476
4.0536
4.0596
4.0656
4.0716
4.0776
4.0837
4.0897
4.0957
4.1017
4.1077
4.1137
4.1198
4.1258
4.1318
4.1335
4.1352
4.137
4.1387
4.1404
4.1422
4.1439
4.1456
4.1473
4.1491
4.1508
4.1525
4.1543
4.156
4.1578
4.1595
4.1612
4.163
4.1647
4.1664
4.1682
4.1699
4.1717
4.1734
4.1752
4.1769
4.1786
4.1804
4.1821
4.1839
4.1856
4.1874
4.1891
4.1909
4.1926
4.1944
4.1961
4.1979
4.1996
4.2014
4.2031
4.2049
4.2066
4.2084
4.2101
4.2119
4.2136
4.2154
4.2172
4.2189
4.2207
4.2224
4.2242
4.226
4.2277
4.2295
4.2312
4.233
4.2348
4.2365
4.2302
4.2242
4.2184
4.2128
4.2074
4.2022
4.1973
4.1926
4.1881
4.1839
4.1799
4.1761
4.1726
4.1693
4.1662
4.1634
4.1608
4.1584
4.1563
4.1544
4.1527
4.1513
4.1501
4.1492
4.1485
4.148
4.1478
4.1478
4.148
4.1485
4.1492
4.1502
4.1513
4.1528
4.1544
4.1563
4.1585
4.1608
4.1634
4.1663
4.1693
4.1727
4.1762
4.18
4.184
4.1882
4.1927
4.1974
4.2023
4.2075
4.2128
4.2184
4.2243
4.2303
4.2366
4.2431
4.2499
4.2568
4.264
4.2714
4.2719
4.2725
4.2731
4.2737
4.2743
4.2748
4.2754
4.276
4.2766
4.2771
4.2777
4.2783
4.2789
4.2795
4.2801
4.2806
4.2812
4.2818
4.2824
4.283
4.2835
4.2841
4.2847
4.2853
4.2859
4.2865
4.287
4.2876
4.2882
4.2888
4.2894
4.29
4.2906
4.2911
4.2917
4.2923
4.2929
4.2935
4.2941
4.2947
4.2952
4.2958
4.2964
4.297
4.2976
4.2982
4.2988
4.2994
4.2999
4.3005
4.3011
4.3017
4.3023
4.3029
4.3035
4.3041
4.3047
4.3053
4.3058
4.3064
4.3066
4.3068
4.307
4.3072
4.3073
4.3076
4.3078
4.308
4.3082
4.3084
4.3087
4.3089
4.3092
4.3095
4.3097
4.31
4.3103
4.3106
4.3109
4.3112
4.3115
4.3119
4.3122
4.3125
4.3129
4.3132
4.3136
4.314
4.3144
4.3148
4.3151
4.3156
4.316
4.3164
4.3168
4.3172
4.3177
4.3181
4.3186
4.319
4.3195
4.32
4.3205
4.321
4.3215
4.322
4.3225
4.323
4.3236
4.3241
4.3247
4.3252
4.3258
4.3263
4.3269
4.3275
4.3281
4.3287
4.3293
4.3299
4.3605
4.3913
4.4224
4.4539
4.4856
4.5176
4.5499
4.5825
4.6153
4.6484
4.6817
4.7153
4.7491
4.7832
4.8175
4.852
4.8868
4.9218
4.957
4.9924
5.028
5.0638
5.0998
5.136
5.1724
5.2089
5.2457
5.2826
5.3197
5.357
5.3944
5.432
5.4698
5.5077
5.5458
5.584
5.6223
5.6608
5.6995
5.7383
5.7772
5.8163
5.8554
5.8948
5.9342
5.9738
6.0134
6.0532
6.0931
6.1332
6.1733
6.2135
6.2539
6.2944
6.3349
6.3756
6.4163
6.4572
6.4981
6.5392
6.5396
6.54
6.5404
6.5408
6.5413
6.5417
6.5421
6.5425
6.543
6.5434
6.5439
6.5443
6.5447
6.5452
6.5456
6.5461
6.5466
6.547
6.5475
6.5479
6.5484
6.5489
6.5493
6.5498
6.5503
6.5508
6.5513
6.5518
6.5522
6.5527
6.5532
6.5537
6.5542
6.5547
6.5552
6.5557
6.5563
6.5568
6.5573
6.5578
6.5583
6.5588
6.5594
6.5599
6.5604
6.561
6.5615
6.562
6.5626
6.5631
6.5637
6.5642
6.5648
6.5653
6.5659
6.5665
6.567
6.5676
6.5682
6.5687
6.5819
6.5951
6.6083
6.6214
6.6346
6.6478
6.661
6.6741
6.6873
6.7005
6.7137
6.7269
6.74
6.7532
6.7664
6.7796
6.7927
6.8059
6.8191
6.8323
6.8455
6.8587
6.8718
6.885
6.8982
6.9114
6.9246
6.9378
6.9509
6.9641
6.9773
6.9905
7.0037
7.0169
7.0301
7.0432
7.0564
7.0696
7.0828
7.096
7.1092
7.1224
7.1356
7.1488
7.162
7.1751
7.1883
7.2015
7.2147
7.2279
7.2411
7.2543
7.2675
7.2807
7.2939
7.3071
7.3203
7.3335
7.3467
7.3599
7.38
7.4004
7.4211
7.442
7.4631
7.4845
7.5061
7.5279
7.55
7.5723
7.5948
7.6175
7.6405
7.6637
7.6871
7.7107
7.7345
7.7585
7.7828
7.8073
7.8319
7.8568
7.8819
7.9071
7.9326
7.9583
7.9841
8.0102
8.0364
8.0629
8.0895
8.1163
8.1433
8.1705
8.1978
8.2254
8.2531
8.281
8.309
8.3372
8.3656
8.3942
8.4229
8.4518
8.4809
8.5101
8.5395
8.569
8.5987
8.6285
8.6585
8.6887
8.719
8.7494
8.78
8.8108
8.8416
8.8727
8.9038
8.9351
8.9519
8.9687
8.9855
9.0023
9.0192
9.0361
9.053
9.07
9.087
9.104
9.121
9.1381
9.1551
9.1723
9.1894
9.2066
9.2237
9.241
9.2582
9.2755
9.2927
9.3101
9.3274
9.3448
9.3622
9.3796
9.397
9.4145
9.4319
9.4495
9.467
9.4845
9.5021
9.5197
9.5373
9.555
9.5727
9.5904
9.6081
9.6258
9.6436
9.6614
9.6792
9.697
9.7149
9.7327
9.7506
9.7685
9.7865
9.8044
9.8224
9.8404
9.8584
9.8765
9.8945
9.9126
9.9307
9.9489
9.967
9.9852
9.987
9.9889
9.9909
9.9928
9.9947
9.9966
9.9986
10.001
10.003
10.005
10.007
10.009
10.011
10.013
10.015
10.017
10.019
10.021
10.023
10.025
10.027
10.029
10.031
10.033
10.036
10.038
10.04
10.042
10.044
10.046
10.049
10.051
10.053
10.055
10.058
10.06
10.062
10.064
10.067
10.069
10.071
10.074
10.076
10.078
10.081
10.083
10.085
10.088
10.09
10.093
10.095
10.097
10.1
10.102
10.105
10.107
10.11
10.112
10.115
10.117
10.098
10.08
10.061
10.042
10.024
10.005
9.9864
9.9677
9.9491
9.9304
9.9117
9.8931
9.8744
9.8558
9.8371
9.8185
9.7998
9.7812
9.7626
9.7439
9.7253
9.7067
9.6881
9.6695
9.6508
9.6322
9.6136
9.595
9.5764
9.5578
9.5393
9.5207
9.5021
9.4835
9.4649
9.4464
9.4278
9.4092
9.3907
9.3721
9.3536
9.335
9.3165
9.2979
9.2794
9.2609
9.2424
9.2238
9.2053
9.1868
9.1683
9.1498
9.1313
9.1128
9.0943
9.0758
9.0573
9.0389
9.0204
9.0019
8.999
8.9962
8.9933
8.9905
8.9876
8.9848
8.9819
8.9791
8.9763
8.9735
8.9706
8.9678
8.965
8.9622
8.9594
8.9566
8.9538
8.9511
8.9483
8.9455
8.9428
8.94
8.9372
8.9345
8.9317
8.929
8.9263
8.9235
8.9208
8.9181
8.9154
8.9127
8.91
8.9073
8.9046
8.9019
8.8992
8.8965
8.8939
8.8912
8.8885
8.8859
8.8832
8.8806
8.8779
8.8753
8.8727
8.8701
8.8674
8.8648
8.8622
8.8596
8.857
8.8544
8.8518
8.8493
8.8467
8.8441
8.8415
8.839
8.8552
8.8714
8.8876
8.9039
8.9201
8.9363
8.9525
8.9688
8.985
9.0013
9.0175
9.0338
9.05
9.0663
9.0826
9.0988
9.1151
9.1314
9.1477
9.1639
9.1802
9.1965
9.2128
9.2291
9.2454
9.2617
9.278
9.2943
9.3106
9.3269
9.3433
9.3596
9.3759
9.3922
9.4086
9.4249
9.4413
9.4576
9.4739
9.4903
9.5066
9.523
9.5393
9.5557
9.5721
9.5884
9.6048
9.6212
9.6376
9.6539
9.6703
9.6867
9.7031
9.7195
9.7359
9.7523
9.7687
9.7851
9.8015
9.8179
9.8186
9.8194
9.8201
9.8208
9.8216
9.8223
9.823
9.8238
9.8245
9.8252
9.826
9.8267
9.8275
9.8282
9.8289
9.8297
9.8304
9.8311
9.8319
9.8326
9.8334
9.8341
9.8348
9.8356
9.8363
9.837
9.8378
9.8385
9.8392
9.84
9.8407
9.8415
9.8422
9.8429
9.8437
9.8444
9.8452
9.8459
9.8466
9.8474
9.8481
9.8488
9.8496
9.8503
9.8511
9.8518
9.8525
9.8533
9.854
9.8547
9.8555
9.8562
9.857
9.8577
9.8584
9.8592
9.8599
9.8607
9.8614
9.8621
9.836
9.8098
9.7836
9.7575
9.7313
9.7052
9.679
9.6529
9.6267
9.6006
9.5745
9.5483
9.5222
9.4961
9.47
9.4438
9.4177
9.3916
9.3655
9.3394
9.3133
9.2872
9.2612
9.2351
9.209
9.1829
9.1569
9.1308
9.1047
9.0787
9.0526
9.0266
9.0005
8.9745
8.9485
8.9224
8.8964
8.8704
8.8444
8.8184
8.7924
8.7664
8.7404
8.7144
8.6884
8.6624
8.6364
8.6105
8.5845
8.5586
8.5326
8.5067
8.4807
8.4548
8.4288
8.4029
8.377
8.3511
8.3252
8.2993
8.2716
8.2439
8.2162
8.1886
8.1609
8.1332
8.1055
8.0779
8.0502
8.0225
7.9949
7.9672
7.9395
7.9119
7.8842
7.8565
7.8289
7.8012
7.7735
7.7459
7.7182
7.6906
7.6629
7.6352
7.6076
7.5799
7.5523
7.5246
7.497
7.4693
7.4417
7.414
7.3864
7.3587
7.3311
7.3034
7.2758
7.2481
7.2205
7.1928
7.1652
7.1376
7.1099
7.0823
7.0547
7.027
6.9994
6.9717
6.9441
6.9165
6.8889
6.8612
6.8336
6.806
6.7784
6.7507
6.7231
6.6955
6.6679
6.6403
6.612
6.5839
6.5557
6.5277
6.4996
6.4717
6.4437
6.4159
6.388
6.3603
6.3326
6.3049
6.2773
6.2497
6.2223
6.1948
6.1674
6.1401
6.1129
6.0857
6.0585
6.0315
6.0045
5.9775
5.9506
5.9238
5.8971
5.8704
5.8438
5.8172
5.7908
5.7643
5.738
5.7118
5.6856
5.6595
5.6334
5.6075
5.5816
5.5558
5.5301
5.5045
5.4789
5.4535
5.4281
5.4028
5.3776
5.3525
5.3274
5.3025
5.2777
5.2529
5.2283
5.2037
5.1792
5.1549
5.1306
5.1065
5.0824
5.0585
5.0506
5.043
5.0356
5.0284
5.0214
5.0147
5.0083
5.0021
4.9961
4.9903
4.9848
4.9796
4.9745
4.9698
4.9652
4.9609
4.9569
4.9531
4.9495
4.9462
4.9432
4.9404
4.9378
4.9355
4.9334
4.9316
4.9301
4.9287
4.9277
4.9269
4.9263
4.926
4.9259
4.9261
4.9265
4.9272
4.9282
4.9294
4.9308
4.9325
4.9344
4.9366
4.939
4.9417
4.9446
4.9478
4.9512
4.9549
4.9588
4.963
4.9674
4.9721
4.977
4.9821
4.9875
4.9931
4.999
5.0051
5.0114
5.018
5.0309
5.0438
5.0568
5.0699
5.083
5.0962
5.1095
5.1228
5.1362
5.1496
5.1631
5.1767
5.1903
5.204
5.2177
5.2315
5.2454
5.2593
5.2732
5.2873
5.3013
5.3155
5.3296
5.3439
5.3582
5.3725
5.3869
5.4014
5.4159
5.4304
5.445
5.4597
5.4744
5.4891
5.5039
5.5188
5.5337
5.5486
5.5636
5.5787
5.5938
5.6089
5.6241
5.6393
5.6546
5.6699
5.6853
5.7007
5.7162
5.7317
5.7472
5.7628
5.7784
5.7941
5.8098
5.8255
5.8413
5.8572
5.873
5.889
5.8927
5.8964
5.9001
5.9039
5.9076
5.9113
5.9151
5.9188
5.9226
5.9263
5.9301
5.9338
5.9376
5.9413
5.9451
5.9489
5.9527
5.9564
5.9602
5.964
5.9678
5.9716
5.9754
5.9792
5.983
5.9868
5.9906
5.9944
5.9982
6.002
6.0059
6.0097
6.0135
6.0174
6.0212
6.025
6.0289
6.0327
6.0366
6.0404
6.0443
6.0481
6.052
6.0559
6.0597
6.0636
6.0675
6.0714
6.0753
6.0791
6.083
6.0869
6.0908
6.0947
6.0986
6.1025
6.1064
6.1104
6.1143
6.1182
6.1155
6.1129
6.1102
6.1076
6.1049
6.1023
6.0996
6.097
6.0943
6.0916
6.089
6.0863
6.0837
6.081
6.0784
6.0757
6.0731
6.0704
6.0678
6.0651
6.0625
6.0598
6.0572
6.0545
6.0519
6.0492
6.0466
6.0439
6.0413
6.0386
6.036
6.0333
6.0307
6.028
6.0254
6.0227
6.0201
6.0174
6.0148
6.0121
6.0095
6.0068
6.0042
6.0015
5.9989
5.9962
5.9936
5.9909
5.9883
5.9857
5.983
5.9804
5.9777
5.9751
5.9724
5.9698
5.9671
5.9645
5.9618
5.9592
5.9491
5.939
5.9289
5.9188
5.9088
5.8987
5.8886
5.8785
5.8685
5.8584
5.8483
5.8383
5.8282
5.8182
5.8081
5.7981
5.788
5.778
5.7679
5.7579
5.7479
5.7379
5.7278
5.7178
5.7078
5.6978
5.6878
5.6778
5.6678
5.6578
5.6478
5.6378
5.6278
5.6179
5.6079
5.5979
5.5879
5.578
5.568
5.5581
5.5481
5.5382
5.5282
5.5183
5.5083
5.4984
5.4885
5.4786
5.4686
5.4587
5.4488
5.4389
5.429
5.4191
5.4092
5.3993
5.3895
5.3796
5.3697
5.3598
5.3568
5.3538
5.3509
5.348
5.3451
5.3423
5.3395
5.3368
5.3342
5.3315
5.3289
5.3264
5.3239
5.3215
5.3191
5.3167
5.3144
5.3121
5.3099
5.3077
5.3056
5.3035
5.3015
5.2995
5.2975
5.2956
5.2938
5.292
5.2902
5.2885
5.2868
5.2852
5.2836
5.2821
5.2806
5.2791
5.2777
5.2764
5.2751
5.2738
5.2726
5.2715
5.2703
5.2693
5.2682
5.2673
5.2663
5.2655
5.2646
5.2638
5.2631
5.2624
5.2617
5.2611
5.2606
5.2601
5.2596
5.2592
5.2588
5.2585
5.2504
5.2423
5.2342
5.2261
5.2181
5.21
5.202
5.194
5.1859
5.1779
5.1699
5.1619
5.1539
5.1459
5.138
5.13
5.1221
5.1141
5.1062
5.0983
5.0904
5.0825
5.0746
5.0667
5.0589
5.051
5.0432
5.0353
5.0275
5.0197
5.0119
5.0041
4.9963
4.9885
4.9808
4.973
4.9653
4.9575
4.9498
4.9421
4.9344
4.9267
4.919
4.9114
4.9037
4.8961
4.8884
4.8808
4.8732
4.8656
4.858
4.8505
4.8429
4.8354
4.8278
4.8203
4.8128
4.8053
4.7978
4.7903
4.7822
4.7741
4.7661
4.7583
4.7504
4.7427
4.7351
4.7275
4.72
4.7126
4.7053
4.6981
4.691
4.6839
4.6769
4.6701
4.6633
4.6566
4.6499
4.6434
4.6369
4.6306
4.6243
4.6181
4.612
4.606
4.6001
4.5943
4.5886
4.5829
4.5774
4.5719
4.5665
4.5613
4.5561
4.551
4.546
4.5411
4.5363
4.5316
4.527
4.5224
4.518
4.5137
4.5094
4.5053
4.5012
4.4973
4.4934
4.4897
4.486
4.4824
4.479
4.4756
4.4723
4.4692
4.4661
4.4631
4.4603
4.4575
4.4578
4.4582
4.4585
4.4589
4.4593
4.4597
4.4601
4.4604
4.4608
4.4612
4.4616
4.4621
4.4625
4.4629
4.4633
4.4638
4.4642
4.4646
4.4651
4.4655
4.466
4.4665
4.4669
4.4674
4.4679
4.4684
4.4689
4.4694
4.4699
4.4704
4.4709
4.4714
4.472
4.4725
4.473
4.4736
4.4741
4.4747
4.4752
4.4758
4.4764
4.477
4.4775
4.4781
4.4787
4.4793
4.4799
4.4805
4.4811
4.4818
4.4824
4.483
4.4836
4.4843
4.4849
4.4856
4.4862
4.4869
4.4876
4.4883
4.4914
4.4945
4.4977
4.5009
4.5041
4.5073
4.5105
4.5138
4.5171
4.5204
4.5237
4.5271
4.5304
4.5338
4.5372
4.5407
4.5441
4.5476
4.5511
4.5546
4.5582
4.5617
4.5653
4.5689
4.5725
4.5761
4.5798
4.5835
4.5872
4.5909
4.5946
4.5984
4.6022
4.606
4.6098
4.6136
4.6175
4.6214
4.6253
4.6292
4.6331
4.6371
4.641
4.645
4.649
4.6531
4.6571
4.6612
4.6653
4.6694
4.6735
4.6777
4.6818
4.686
4.6902
4.6944
4.6987
4.7029
4.7072
4.7115
4.7061
4.7006
4.6952
4.6897
4.6843
4.6788
4.6734
4.6679
4.6625
4.657
4.6516
4.6461
4.6407
4.6352
4.6298
4.6243
4.6189
4.6134
4.608
4.6026
4.5971
4.5917
4.5862
4.5808
4.5753
4.5699
4.5644
4.559
4.5535
4.5481
4.5426
4.5372
4.5317
4.5263
4.5208
4.5154
4.5099
4.5045
4.4991
4.4936
4.4882
4.4827
4.4773
4.4718
4.4664
4.4609
4.4555
4.45
4.4446
4.4391
4.4337
4.4282
4.4228
4.4174
4.4119
4.4065
4.401
4.3956
4.3901
4.3847
