   3.3186481191836962E-009
   105.47714287391150     
   193.98035179595084     
   268.22961670825367     
   330.64973242786533     
   383.32750404190966     
   427.99911047823747     
   466.08221008681591     
   498.72189668518217     
   526.84344058733086     
   551.19309735722629     
   572.37872811234388     
   590.89353701457446     
   607.14549438478889     
   621.46981835773659     
   634.14627518120813     
   645.40588146883306     
   655.44389079731036     
   664.42556243597664     
   672.49264614116373     
   679.75765277204277     
   686.32505486650359     
   692.28093774886952     
   697.69478346865890     
   702.63251704250627     
   707.14757248732701     
   711.28607578392507     
   715.08809731026520     
   718.58748971958960     
   721.81456931721334     
   724.79492283278262     
   727.55050662572921     
   730.10434051826701     
   732.46839756996508     
   734.66365576437067     
   736.69670813383777     
   738.58249221397455     
   740.33380935493756     
   741.95583622496406     
   743.45903870668417     
   744.84847491594815     
   746.13332928123680     
   747.31623416098671     
   748.40752261580303     
   749.40736553874558     
   750.32487729179888     
   751.15876359820834     
   751.91683666612971     
   752.60298894499863     
   753.21943028630710     
   753.76764129954199     
   754.25191892296596     
   754.67559705450628     
   755.04102653493464     
   755.35162775786512     
   755.60750982992852     
   755.81142271976898     
   755.96876092955392     
   756.07598197583275     
   756.14115172379900     
   756.15898885314778     
   756.13748587273938     
   756.07671385632068     
   755.97745869204255     
   755.84218920474666     
   755.67053751906474     
   755.46742366785440     
   755.23147528580353     
   754.96326235441029     
   754.66631208187243     
   754.34325552094049     
   753.99065476875410     
   753.61470648369379     
   753.21250447392038     
   752.78559872704056     
   752.34190539717792     
   751.87371590944326     
   751.38372437088378     
   750.87793550729657     
   750.35149319406923     
   749.80783767650803     
   749.24845556538696     
   748.67375622267150     
   748.08182687960027     
   747.47770573453681     
   746.85961171858889     
   746.23032388458830     
   745.58664800872589     
   744.93273562515708     
   744.26777636694931     
   743.59472973461163     
   742.91129038171573     
   742.21997614549696     
   741.52029853914337     
   740.81258162357858     
   740.09759306489468     
   739.37510998515427     
   738.64751929949989     
   737.91526679428137     
   737.17769161335582     
