   3.3109961289617599E-009
   2.2902836043863854E-007
   2.3196002756282435E-006
   1.0794922415926595E-005
   3.3670991915021197E-005
   8.2913079561759006E-005
   1.7481370301420830E-004
   3.2986343779851972E-004
   5.7195663110451433E-004
   9.2713444401147183E-004
   1.4221990170458808E-003
   2.0834844928087331E-003
   2.9359412299060682E-003
   4.0025877954397507E-003
   5.3042965742857891E-003
   6.8598504928700068E-003
   8.6861714046151429E-003
   1.0798649984591391E-002
   1.3211496558939434E-002
   1.5938072037186758E-002
   1.8991159299683282E-002
   2.2383169879387422E-002
   2.6126277688704905E-002
   3.0232489104028010E-002
   3.4713666140884586E-002
   3.9581502840815838E-002
   4.4847493175175987E-002
   5.0522882463526722E-002
   5.6618576932719877E-002
   6.3145121282329950E-002
   7.0112617000852001E-002
   7.7530659134445165E-002
   8.5408287715529038E-002
   9.3753941195832524E-002
  0.10257537645602663     
  0.11187962412806468     
  0.12167292855764711     
  0.13196067615921070     
  0.14274738263161196     
  0.15403654494988994     
  0.16583070298425973     
  0.17813129921088514     
  0.19093868500823374     
  0.20425207002929205     
  0.21806943448607521     
  0.23238788102239855     
  0.24720270932030236     
  0.26250861322623603     
  0.27829891995271577     
  0.29456567886007168     
  0.31129997264039128     
  0.32849168193691991     
  0.34612976563830339     
  0.36420204491757058     
  0.38269561070774627     
  0.40159654380714699     
  0.42089013076944337     
  0.44056103553138598     
  0.46059316559763147     
  0.48097024299461749     
  0.50167462893942039     
  0.52268918003610743     
  0.54399596357131896     
  0.56557703049425878     
  0.58741393265465691     
  0.60948845739294621     
  0.63178204812521699     
  0.65427640027414735     
  0.67695297147995626     
  0.69979383250897076     
  0.72278087271745250     
  0.74589640078931085     
  0.76912307082237008     
  0.79244366217337781     
  0.81584157026347615     
  0.83930055339020893     
  0.86280475703409132     
  0.88633879454635844     
  0.90988791664643154     
  0.93343768322471110     
  0.95697459003217444     
  0.98048520225263891     
   1.0039569604827476     
   1.0273778404119278     
   1.0507362678719638     
   1.0740214745284937     
   1.0972230860805201     
   1.1203314753617342     
   1.1433373111105214     
   1.1662322207611087     
   1.1890080277263750     
   1.2116573494796679     
   1.2341733246747082     
   1.2565494726785553     
   1.2787800441846460     
   1.3008594260951358     
   1.3227830328818599     
   1.3445463993625948     
   1.3661453541513038     
   1.3875767095896383     
