250.5	0
251.5	0
252.5	0
253.5	0
254.5	0
255.5	0
256.5	0
257.5	0
258.5	0
259.5	0
260.5	0
261.5	0
262.5	0
263.5	0
264.5	0
265.5	0
266.5	0
267.5	0
268.5	0
269.5	0
270.5	0
271.5	0
272.5	0
273.5	0
274.5	0
275.5	0
276.5	0
277.5	0
278.5	0
279.5	0
280.5	0
281.5	0
282.5	0
283.5	0
284.5	0
285.5	0
286.5	0
287.5	0
288.5	0
289.5	0
290.5	0
291.5	0
292.5	0
293.5	0
294.5	0
295.5	0
296.5	0
297.5	0
298.5	0
299.5	0
300.5	0
301.5	0
302.5	0
303.5	0
304.5	0
305.5	0
306.5	0
307.5	0
308.5	0
309.5	0
310.5	0
311.5	0
312.5	0
313.5	0
314.5	0
315.5	0
316.5	0
317.5	0
318.5	0
319.5	0
320.5	0
321.5	0
322.5	0
323.5	0
324.5	0
325.5	0
326.5	0
327.5	0
328.5	0
329.5	0
330.5	0
331.5	0
332.5	0
333.5	0
334.5	0
335.5	0
336.5	0
337.5	0
338.5	0
339.5	0
340.5	0
341.5	0
342.5	0
343.5	0
344.5	0
345.5	0
346.5	0
347.5	0
348.5	0
349.5	0
350.5	0
351.5	0
352.5	0
353.5	0
354.5	0
355.5	0
356.5	0
357.5	0
358.5	0
359.5	0
360.5	0
361.5	0
362.5	0
363.5	0
364.5	0
365.5	0
366.5	0
367.5	0
368.5	0
369.5	0
370.5	0
371.5	0
372.5	0
373.5	0
374.5	0
375.5	0
376.5	0
377.5	0
378.5	0
379.5	0
380.5	0
381.5	0
382.5	0
383.5	0
384.5	0
385.5	0
386.5	0
387.5	0
388.5	0
389.5	0
390.5	0
391.5	0
392.5	0
393.5	0
394.5	0
395.5	0
396.5	0
397.5	0
398.5	0
399.5	0
400.5	0
401.5	0
402.5	0
403.5	0
404.5	0
405.5	0
406.5	0
407.5	0
408.5	0
409.5	0
410.5	0
411.5	0
412.5	0
413.5	0
414.5	0
415.5	0
416.5	0
417.5	0
418.5	0
419.5	0
420.5	0
421.5	0
422.5	0
423.5	0
424.5	0
425.5	0
426.5	0
427.5	0
428.5	0
429.5	0
430.5	0
431.5	0
432.5	0
433.5	0
434.5	0
435.5	0
436.5	0
437.5	0
438.5	0
439.5	0
440.5	0
441.5	0
442.5	0
443.5	0
444.5	0
445.5	0
446.5	0
447.5	0
448.5	0
449.5	0
450.5	0
451.5	0
452.5	0
453.5	0
454.5	0
455.5	0
456.5	0
457.5	0
458.5	0
459.5	0
460.5	0
461.5	0
462.5	0
463.5	0
464.5	0
465.5	0
466.5	0
467.5	0
468.5	0
469.5	0
470.5	0
471.5	0
472.5	0
473.5	0
474.5	0
475.5	0
476.5	0
477.5	0
478.5	0
479.5	0
480.5	0
481.5	0
482.5	0
483.5	0
484.5	0
485.5	0
486.5	0
487.5	0
488.5	0
489.5	0
490.5	0
491.5	0
492.5	0
493.5	0
494.5	0
495.5	0
496.5	0
497.5	0
498.5	0
499.5	0
500.5	0
501.5	0
502.5	0
503.5	0
504.5	0
505.5	0
506.5	0
507.5	0
508.5	0
509.5	0
510.5	0
511.5	0
512.5	0
513.5	0
514.5	0
515.5	0
516.5	8.33e-18
517.5	6.96e-18
518.5	5.65e-18
519.5	5.99e-18
520.5	7.19e-18
521.5	6.26e-18
522.5	5.73e-18
523.5	5.17e-18
524.5	4.96e-18
525.5	5.34e-18
526.5	7.54e-18
527.5	8.4e-18
528.5	6.97e-18
529.5	6.26e-18
530.5	6.51e-18
531.5	9.89e-18
532.5	1.012e-17
533.5	7.79e-18
534.5	6.36e-18
535.5	5.19e-18
536.5	6.43e-18
537.5	7.09e-18
538.5	6.4e-18
539.5	5.48e-18
540.5	4.7e-18
541.5	4.51e-18
542.5	4.94e-18
543.5	7.15e-18
544.5	8.17e-18
545.5	6.76e-18
546.5	5.82e-18
547.5	5.13e-18
548.5	6.65e-18
549.5	1.03e-17
550.5	8.42e-18
551.5	5.75e-18
552.5	4.29e-18
553.5	3.77e-18
554.5	6.09e-18
555.5	6.61e-18
556.5	6.04e-18
557.5	4.74e-18
558.5	3.93e-18
559.5	3.73e-18
560.5	3.5e-18
561.5	4.76e-18
562.5	7.69e-18
563.5	7.09e-18
564.5	5.24e-18
565.5	4.42e-18
566.5	3.84e-18
567.5	6.13e-18
568.5	9.37e-18
569.5	6.99e-18
570.5	4.75e-18
571.5	3.22e-18
572.5	2.24e-18
573.5	0
574.5	0
575.5	0
576.5	0
577.5	0
578.5	0
579.5	0
580.5	0
581.5	0
582.5	0
583.5	0
584.5	0
585.5	0
586.5	0
587.5	0
588.5	0
589.5	0
590.5	0
591.5	0
592.5	0
593.5	0
594.5	0
595.5	0
596.5	0
597.5	0
598.5	0
599.5	0
600.5	0
601.5	0
602.5	0
603.5	0
604.5	0
605.5	0
606.5	0
607.5	0
608.5	0
609.5	0
610.5	0
611.5	0
612.5	0
613.5	0
614.5	0
615.5	0
616.5	0
617.5	0
618.5	0
619.5	0
620.5	0
621.5	0
622.5	0
623.5	0
624.5	0
625.5	0
626.5	0
627.5	0
628.5	0
629.5	0
630.5	0
631.5	0
632.5	0
633.5	0
634.5	0
635.5	0
636.5	0
637.5	0
638.5	0
639.5	0
640.5	0
641.5	0
642.5	0
643.5	0
644.5	0
645.5	0
646.5	0
647.5	0
648.5	0
649.5	0
650.5	0
651.5	0
652.5	0
653.5	0
654.5	0
655.5	0
656.5	0
657.5	0
658.5	0
659.5	0
660.5	0
661.5	0
662.5	0
663.5	0
664.5	0
665.5	0
666.5	0
667.5	0
668.5	0
669.5	0
670.5	0
671.5	0
672.5	0
673.5	0
674.5	0
675.5	0
676.5	0
677.5	0
678.5	0
679.5	0
680.5	0
681.5	0
682.5	0
683.5	0
684.5	0
685.5	0
686.5	0
687.5	0
688.5	0
689.5	0
690.5	0
691.5	0
692.5	0
693.5	0
694.5	0
695.5	0
696.5	0
697.5	0
698.5	0
699.5	0
701	0
711	0
721	0
731	0
741	0
751	0
761	0
771	0
781	0
791	0
801	0
821	0
841	0
861	0
881	0
901	0
921	0
941	0
961	0
981	0
1002.5	0
1052.5	0
1102.5	0
1152.5	0
1202.5	0
1252.5	0
1302.5	0
1352.5	0
1402.5	0
1452.5	0
1502.5	0
1552.5	0
1602.5	0
1652.5	0
1702.5	0
1752.5	0
1802.5	0
1852.5	0
1902.5	0
1952.5	0
2002.5	0
2107.5	0
2212.5	0
2302.5	0
2402.5	0
2517.5	0
2617.5	0
2702.5	0
2832.5	0
3025	0
3235	0
3425	0
3665	0
3855	0
4085	0
4575	0
5085	0
5925	0
7785	0
10075	0
