250.5	1.295e-18
251.5	1.385e-18
252.5	1.475e-18
253.5	1.565e-18
254.5	1.655e-18
255.5	1.737e-18
256.5	1.811e-18
257.5	1.885e-18
258.5	1.959e-18
259.5	2.033e-18
260.5	2.091e-18
261.5	2.133e-18
262.5	2.175e-18
263.5	2.217e-18
264.5	2.259e-18
265.5	2.281e-18
266.5	2.283e-18
267.5	2.285e-18
268.5	2.287e-18
269.5	2.289e-18
270.5	2.275e-18
271.5	2.245e-18
272.5	2.215e-18
273.5	2.185e-18
274.5	2.155e-18
275.5	2.11e-18
276.5	2.05e-18
277.5	1.99e-18
278.5	1.93e-18
279.5	1.87e-18
280.5	1.806e-18
281.5	1.738e-18
282.5	1.67e-18
283.5	1.602e-18
284.5	1.534e-18
285.5	1.46e-18
286.5	1.38e-18
287.5	1.3e-18
288.5	1.22e-18
289.5	1.14e-18
290.5	1.0725e-18
291.5	1.0175e-18
292.5	9.625e-19
293.5	9.075e-19
294.5	8.525e-19
295.5	8.031e-19
296.5	7.593e-19
297.5	7.155e-19
298.5	6.717e-19
299.5	6.279e-19
300.5	5.883e-19
301.5	5.529e-19
302.5	5.175e-19
303.5	4.821e-19
304.5	4.467e-19
305.5	4.175e-19
306.5	3.945e-19
307.5	3.715e-19
308.5	3.485e-19
309.5	3.255e-19
310.5	3.057e-19
311.5	2.891e-19
312.5	2.725e-19
313.5	2.559e-19
314.5	2.393e-19
315.5	2.247e-19
316.5	2.121e-19
317.5	1.995e-19
318.5	1.869e-19
319.5	1.743e-19
320.5	1.627e-19
321.5	1.521e-19
322.5	1.415e-19
323.5	1.309e-19
324.5	1.203e-19
325.5	1.1152e-19
326.5	1.0456e-19
327.5	9.76e-20
328.5	9.064e-20
329.5	8.368e-20
330.5	7.77e-20
331.5	7.27e-20
332.5	6.77e-20
333.5	6.27e-20
334.5	5.77e-20
335.5	5.318e-20
336.5	4.914e-20
337.5	4.51e-20
338.5	4.106e-20
339.5	3.702e-20
340.5	3.374e-20
341.5	3.122e-20
342.5	2.87e-20
343.5	2.618e-20
344.5	2.366e-20
345.5	2.157e-20
346.5	1.991e-20
347.5	1.825e-20
348.5	1.659e-20
349.5	1.493e-20
350.5	1.3507e-20
351.5	1.2321e-20
352.5	1.1135e-20
353.5	9.949e-21
354.5	8.763e-21
355.5	7.851e-21
356.5	7.213e-21
357.5	6.575e-21
358.5	5.937e-21
359.5	5.299e-21
360.5	4.784e-21
361.5	4.392e-21
362.5	4e-21
363.5	3.608e-21
364.5	3.216e-21
365.5	2.883e-21
366.5	2.609e-21
367.5	2.335e-21
368.5	2.061e-21
369.5	1.787e-21
370.5	1.583e-21
371.5	1.449e-21
372.5	1.315e-21
373.5	1.181e-21
374.5	1.047e-21
375.5	9.52e-22
376.5	8.96e-22
377.5	8.4e-22
378.5	7.84e-22
379.5	7.28e-22
380.5	6.69e-22
381.5	6.07e-22
382.5	5.45e-22
383.5	4.83e-22
384.5	4.21e-22
385.5	3.76e-22
386.5	3.48e-22
387.5	3.2e-22
388.5	2.92e-22
389.5	2.64e-22
390.5	0
391.5	0
392.5	0
393.5	0
394.5	0
395.5	0
396.5	0
397.5	0
398.5	0
399.5	0
400.5	0
401.5	0
402.5	0
403.5	0
404.5	0
405.5	0
406.5	0
407.5	0
408.5	0
409.5	0
410.5	0
411.5	0
412.5	0
413.5	0
414.5	0
415.5	0
416.5	0
417.5	0
418.5	0
419.5	0
420.5	0
421.5	0
422.5	0
423.5	0
424.5	0
425.5	0
426.5	0
427.5	0
428.5	0
429.5	0
430.5	0
431.5	0
432.5	0
433.5	0
434.5	0
435.5	0
436.5	0
437.5	0
438.5	0
439.5	0
440.5	0
441.5	0
442.5	0
443.5	0
444.5	0
445.5	0
446.5	0
447.5	0
448.5	0
449.5	0
450.5	0
451.5	0
452.5	0
453.5	0
454.5	0
455.5	0
456.5	0
457.5	0
458.5	0
459.5	0
460.5	0
461.5	0
462.5	0
463.5	0
464.5	0
465.5	0
466.5	0
467.5	0
468.5	0
469.5	0
470.5	0
471.5	0
472.5	0
473.5	0
474.5	0
475.5	0
476.5	0
477.5	0
478.5	0
479.5	0
480.5	0
481.5	0
482.5	0
483.5	0
484.5	0
485.5	0
486.5	0
487.5	0
488.5	0
489.5	0
490.5	0
491.5	0
492.5	0
493.5	0
494.5	0
495.5	0
496.5	0
497.5	0
498.5	0
499.5	0
500.5	0
501.5	0
502.5	0
503.5	0
504.5	0
505.5	0
506.5	0
507.5	0
508.5	0
509.5	0
510.5	0
511.5	0
512.5	0
513.5	0
514.5	0
515.5	0
516.5	0
517.5	0
518.5	0
519.5	0
520.5	0
521.5	0
522.5	0
523.5	0
524.5	0
525.5	0
526.5	0
527.5	0
528.5	0
529.5	0
530.5	0
531.5	0
532.5	0
533.5	0
534.5	0
535.5	0
536.5	0
537.5	0
538.5	0
539.5	0
540.5	0
541.5	0
542.5	0
543.5	0
544.5	0
545.5	0
546.5	0
547.5	0
548.5	0
549.5	0
550.5	0
551.5	0
552.5	0
553.5	0
554.5	0
555.5	0
556.5	0
557.5	0
558.5	0
559.5	0
560.5	0
561.5	0
562.5	0
563.5	0
564.5	0
565.5	0
566.5	0
567.5	0
568.5	0
569.5	0
570.5	0
571.5	0
572.5	0
573.5	0
574.5	0
575.5	0
576.5	0
577.5	0
578.5	0
579.5	0
580.5	0
581.5	0
582.5	0
583.5	0
584.5	0
585.5	0
586.5	0
587.5	0
588.5	0
589.5	0
590.5	0
591.5	0
592.5	0
593.5	0
594.5	0
595.5	0
596.5	0
597.5	0
598.5	0
599.5	0
600.5	0
601.5	0
602.5	0
603.5	0
604.5	0
605.5	0
606.5	0
607.5	0
608.5	0
609.5	0
610.5	0
611.5	0
612.5	0
613.5	0
614.5	0
615.5	0
616.5	0
617.5	0
618.5	0
619.5	0
620.5	0
621.5	0
622.5	0
623.5	0
624.5	0
625.5	0
626.5	0
627.5	0
628.5	0
629.5	0
630.5	0
631.5	0
632.5	0
633.5	0
634.5	0
635.5	0
636.5	0
637.5	0
638.5	0
639.5	0
640.5	0
641.5	0
642.5	0
643.5	0
644.5	0
645.5	0
646.5	0
647.5	0
648.5	0
649.5	0
650.5	0
651.5	0
652.5	0
653.5	0
654.5	0
655.5	0
656.5	0
657.5	0
658.5	0
659.5	0
660.5	0
661.5	0
662.5	0
663.5	0
664.5	0
665.5	0
666.5	0
667.5	0
668.5	0
669.5	0
670.5	0
671.5	0
672.5	0
673.5	0
674.5	0
675.5	0
676.5	0
677.5	0
678.5	0
679.5	0
680.5	0
681.5	0
682.5	0
683.5	0
684.5	0
685.5	0
686.5	0
687.5	0
688.5	0
689.5	0
690.5	0
691.5	0
692.5	0
693.5	0
694.5	0
695.5	0
696.5	0
697.5	0
698.5	0
699.5	0
701	0
711	0
721	0
731	0
741	0
751	0
761	0
771	0
781	0
791	0
801	0
821	0
841	0
861	0
881	0
901	0
921	0
941	0
961	0
981	0
1002.5	0
1052.5	0
1102.5	0
1152.5	0
1202.5	0
1252.5	0
1302.5	0
1352.5	0
1402.5	0
1452.5	0
1502.5	0
1552.5	0
1602.5	0
1652.5	0
1702.5	0
1752.5	0
1802.5	0
1852.5	0
1902.5	0
1952.5	0
2002.5	0
2107.5	0
2212.5	0
2302.5	0
2402.5	0
2517.5	0
2617.5	0
2702.5	0
2832.5	0
3025	0
3235	0
3425	0
3665	0
3855	0
4085	0
4575	0
5085	0
5925	0
7785	0
10075	0
