250.5	0.29
251.5	0.29
252.5	0.29
253.5	0.29
254.5	0.29
255.5	0.29
256.5	0.29
257.5	0.29
258.5	0.29
259.5	0.29
260.5	0.29
261.5	0.29
262.5	0.29
263.5	0.29
264.5	0.29
265.5	0.29
266.5	0.29
267.5	0.29
268.5	0.29
269.5	0.29
270.5	0.29
271.5	0.29
272.5	0.29
273.5	0.29
274.5	0.29
275.5	0.29
276.5	0.29
277.5	0.29
278.5	0.29
279.5	0.29
280.5	0.29
281.5	0.29
282.5	0.29
283.5	0.29
284.5	0.29
285.5	0.29
286.5	0.29
287.5	0.29
288.5	0.29
289.5	0.29
290.5	0.29
291.5	0.29
292.5	0.29
293.5	0.29
294.5	0.29
295.5	0.29
296.5	0.29
297.5	0.29
298.5	0.29
299.5	0.29
300.5	0.29
301.5	0.29
302.5	0.29
303.5	0.29
304.5	0.29
305.5	0.29
306.5	0.29
307.5	0.29
308.5	0.29
309.5	0.29
310.5	0.29
311.5	0.29
312.5	0.29
313.5	0.29
314.5	0.29
315.5	0.29
316.5	0.29
317.5	0.29
318.5	0.29
319.5	0.29
320.5	0.29
321.5	0.29
322.5	0.29
323.5	0.29
324.5	0.29
325.5	0.29
326.5	0.29
327.5	0.29
328.5	0.29
329.5	0.29
330.5	0.29
331.5	0.29
332.5	0.29
333.5	0.29
334.5	0.29
335.5	0.29
336.5	0.29
337.5	0.29
338.5	0.29
339.5	0.29
340.5	0.29
341.5	0.29
342.5	0.29
343.5	0.29
344.5	0.29
345.5	0.29
346.5	0.29
347.5	0.29
348.5	0.29
349.5	0.29
350.5	0.29
351.5	0.29
352.5	0.29
353.5	0.29
354.5	0.29
355.5	0.29
356.5	0.29
357.5	0.29
358.5	0.29
359.5	0.29
360.5	0.29
361.5	0.29
362.5	0.29
363.5	0.29
364.5	0.29
365.5	0.29
366.5	0.29
367.5	0.29
368.5	0.29
369.5	0.29
370.5	0.29
371.5	0.29
372.5	0.29
373.5	0.29
374.5	0.29
375.5	0.29
376.5	0.29
377.5	0.29
378.5	0.29
379.5	0.29
380.5	0.29
381.5	0.29
382.5	0.29
383.5	0.29
384.5	0.29
385.5	0.29
386.5	0.29
387.5	0.29
388.5	0.29
389.5	0.29
390.5	0.29
391.5	0.29
392.5	0.29
393.5	0.29
394.5	0.29
395.5	0.29
396.5	0.29
397.5	0.29
398.5	0.29
399.5	0.29
400.5	0.29
401.5	0.29
402.5	0.29
403.5	0.29
404.5	0.29
405.5	0.29
406.5	0.29
407.5	0.29
408.5	0.29
409.5	0.29
410.5	0.29
411.5	0.29
412.5	0.29
413.5	0.29
414.5	0.29
415.5	0.29
416.5	0.29
417.5	0.29
418.5	0.29
419.5	0.29
420.5	0.29
421.5	0.29
422.5	0.29
423.5	0.29
424.5	0.29
425.5	0.29
426.5	0.29
427.5	0.29
428.5	0.29
429.5	0.29
430.5	0.29
431.5	0.29
432.5	0.29
433.5	0.29
434.5	0.29
435.5	0.29
436.5	0.29
437.5	0.29
438.5	0.29
439.5	0.29
440.5	0.29
441.5	0.29
442.5	0.29
443.5	0.29
444.5	0.29
445.5	0.29
446.5	0.29
447.5	0.29
448.5	0.29
449.5	0.29
450.5	0.29
451.5	0.29
452.5	0.29
453.5	0.29
454.5	0.29
455.5	0.29
456.5	0.29
457.5	0.29
458.5	0.29
459.5	0.29
460.5	0.29
461.5	0.29
462.5	0.29
463.5	0.29
464.5	0.29
465.5	0.29
466.5	0.29
467.5	0.29
468.5	0.29
469.5	0.29
470.5	0.29
471.5	0.29
472.5	0.29
473.5	0.29
474.5	0.29
475.5	0.29
476.5	0.29
477.5	0.29
478.5	0.29
479.5	0.29
480.5	0.29
481.5	0.29
482.5	0.29
483.5	0.29
484.5	0.29
485.5	0.29
486.5	0.29
487.5	0.29
488.5	0.29
489.5	0.29
490.5	0.29
491.5	0.29
492.5	0.29
493.5	0.29
494.5	0.29
495.5	0.29
496.5	0.29
497.5	0.29
498.5	0.29
499.5	0.29
500.5	0.29
501.5	0.29
502.5	0.29
503.5	0.29
504.5	0.29
505.5	0.29
506.5	0.29
507.5	0.29
508.5	0.29
509.5	0.29
510.5	0.29
511.5	0.29
512.5	0.29
513.5	0.29
514.5	0.29
515.5	0.29
516.5	0.29
517.5	0.29
518.5	0.29
519.5	0.29
520.5	0.29
521.5	0.29
522.5	0.29
523.5	0.29
524.5	0.29
525.5	0.29
526.5	0.29
527.5	0.29
528.5	0.29
529.5	0.29
530.5	0.29
531.5	0.29
532.5	0.29
533.5	0.29
534.5	0.29
535.5	0.29
536.5	0.29
537.5	0.29
538.5	0.29
539.5	0.29
540.5	0.29
541.5	0.29
542.5	0.29
543.5	0.29
544.5	0.29
545.5	0.29
546.5	0.29
547.5	0.29
548.5	0.29
549.5	0.29
550.5	0.29
551.5	0.29
552.5	0.29
553.5	0.29
554.5	0.29
555.5	0.29
556.5	0.29
557.5	0.29
558.5	0.29
559.5	0.29
560.5	0.29
561.5	0.29
562.5	0.29
563.5	0.29
564.5	0.29
565.5	0.29
566.5	0.29
567.5	0.29
568.5	0.29
569.5	0.29
570.5	0.29
571.5	0.29
572.5	0.29
573.5	0.29
574.5	0.29
575.5	0.29
576.5	0.29
577.5	0.29
578.5	0.29
579.5	0.29
580.5	0.29
581.5	0.29
582.5	0.29
583.5	0.29
584.5	0.29
585.5	0.29
586.5	0.29
587.5	0.29
588.5	0.29
589.5	0.29
590.5	0.29
591.5	0.29
592.5	0.29
593.5	0.29
594.5	0.29
595.5	0.29
596.5	0.29
597.5	0.29
598.5	0.29
599.5	0.29
600.5	0.29
601.5	0.29
602.5	0.29
603.5	0.29
604.5	0.29
605.5	0.29
606.5	0.29
607.5	0.29
608.5	0.29
609.5	0.29
610.5	0.29
611.5	0.29
612.5	0.29
613.5	0.29
614.5	0.29
615.5	0.29
616.5	0.29
617.5	0.29
618.5	0.29
619.5	0.29
620.5	0.29
621.5	0.29
622.5	0.29
623.5	0.29
624.5	0.29
625.5	0.29
626.5	0.29
627.5	0.29
628.5	0.29
629.5	0.29
630.5	0.29
631.5	0.29
632.5	0.29
633.5	0.29
634.5	0.29
635.5	0.29
636.5	0.29
637.5	0.29
638.5	0.29
639.5	0.29
640.5	0.29
641.5	0.29
642.5	0.29
643.5	0.29
644.5	0.29
645.5	0.29
646.5	0.29
647.5	0.29
648.5	0.29
649.5	0.29
650.5	0.29
651.5	0.29
652.5	0.29
653.5	0.29
654.5	0.29
655.5	0.29
656.5	0.29
657.5	0.29
658.5	0.29
659.5	0.29
660.5	0.29
661.5	0.29
662.5	0.29
663.5	0.29
664.5	0.29
665.5	0.29
666.5	0.29
667.5	0.29
668.5	0.29
669.5	0.29
670.5	0.29
671.5	0.29
672.5	0.29
673.5	0.29
674.5	0.29
675.5	0.29
676.5	0.29
677.5	0.29
678.5	0.29
679.5	0.29
680.5	0.29
681.5	0.29
682.5	0.29
683.5	0.29
684.5	0.29
685.5	0.29
686.5	0.29
687.5	0.29
688.5	0.29
689.5	0.29
690.5	0.29
691.5	0.29
692.5	0.29
693.5	0.29
694.5	0.29
695.5	0.29
696.5	0.29
697.5	0.29
698.5	0.29
699.5	0.29
701	0.29
711	0.29
721	0.29
731	0.29
741	0.29
751	0.29
761	0.29
771	0.29
781	0.29
791	0.29
801	0.29
821	0.29
841	0.29
861	0.29
881	0.29
901	0.29
921	0.29
941	0.29
961	0.29
981	0.29
1002.5	0.29
1052.5	0.29
1102.5	0.29
1152.5	0.29
1202.5	0.29
1252.5	0.29
1302.5	0.29
1352.5	0.29
1402.5	0.29
1452.5	0.29
1502.5	0.29
1552.5	0.29
1602.5	0.29
1652.5	0.29
1702.5	0.29
1752.5	0.29
1802.5	0.29
1852.5	0.29
1902.5	0.29
1952.5	0.29
2002.5	0.29
2107.5	0.29
2212.5	0.29
2302.5	0.29
2402.5	0.29
2517.5	0.29
2617.5	0.29
2702.5	0.29
2832.5	0.29
3025	0.29
3235	0.29
3425	0.29
3665	0.29
3855	0.29
4085	0.29
4575	0.29
5085	0.29
5925	0.29
7785	0.29
10075	0.29
