250.5	0.71
251.5	0.71
252.5	0.71
253.5	0.71
254.5	0.71
255.5	0.71
256.5	0.71
257.5	0.71
258.5	0.71
259.5	0.71
260.5	0.71
261.5	0.71
262.5	0.71
263.5	0.71
264.5	0.71
265.5	0.71
266.5	0.71
267.5	0.71
268.5	0.71
269.5	0.71
270.5	0.71
271.5	0.71
272.5	0.71
273.5	0.71
274.5	0.71
275.5	0.71
276.5	0.71
277.5	0.71
278.5	0.71
279.5	0.71
280.5	0.71
281.5	0.71
282.5	0.71
283.5	0.71
284.5	0.71
285.5	0.71
286.5	0.71
287.5	0.71
288.5	0.71
289.5	0.71
290.5	0.71
291.5	0.71
292.5	0.71
293.5	0.71
294.5	0.71
295.5	0.71
296.5	0.71
297.5	0.71
298.5	0.71
299.5	0.71
300.5	0.71
301.5	0.71
302.5	0.71
303.5	0.71
304.5	0.71
305.5	0.71
306.5	0.71
307.5	0.71
308.5	0.71
309.5	0.71
310.5	0.71
311.5	0.71
312.5	0.71
313.5	0.71
314.5	0.71
315.5	0.71
316.5	0.71
317.5	0.71
318.5	0.71
319.5	0.71
320.5	0.71
321.5	0.71
322.5	0.71
323.5	0.71
324.5	0.71
325.5	0.71
326.5	0.71
327.5	0.71
328.5	0.71
329.5	0.71
330.5	0.71
331.5	0.71
332.5	0.71
333.5	0.71
334.5	0.71
335.5	0.71
336.5	0.71
337.5	0.71
338.5	0.71
339.5	0.71
340.5	0.71
341.5	0.71
342.5	0.71
343.5	0.71
344.5	0.71
345.5	0.71
346.5	0.71
347.5	0.71
348.5	0.71
349.5	0.71
350.5	0.71
351.5	0.71
352.5	0.71
353.5	0.71
354.5	0.71
355.5	0.71
356.5	0.71
357.5	0.71
358.5	0.71
359.5	0.71
360.5	0.71
361.5	0.71
362.5	0.71
363.5	0.71
364.5	0.71
365.5	0.71
366.5	0.71
367.5	0.71
368.5	0.71
369.5	0.71
370.5	0.71
371.5	0.71
372.5	0.71
373.5	0.71
374.5	0.71
375.5	0.71
376.5	0.71
377.5	0.71
378.5	0.71
379.5	0.71
380.5	0.71
381.5	0.71
382.5	0.71
383.5	0.71
384.5	0.71
385.5	0.71
386.5	0.71
387.5	0.71
388.5	0.71
389.5	0.71
390.5	0.71
391.5	0.71
392.5	0.71
393.5	0.71
394.5	0.71
395.5	0.71
396.5	0.71
397.5	0.71
398.5	0.71
399.5	0.71
400.5	0.71
401.5	0.71
402.5	0.71
403.5	0.71
404.5	0.71
405.5	0.71
406.5	0.71
407.5	0.71
408.5	0.71
409.5	0.71
410.5	0.71
411.5	0.71
412.5	0.71
413.5	0.71
414.5	0.71
415.5	0.71
416.5	0.71
417.5	0.71
418.5	0.71
419.5	0.71
420.5	0.71
421.5	0.71
422.5	0.71
423.5	0.71
424.5	0.71
425.5	0.71
426.5	0.71
427.5	0.71
428.5	0.71
429.5	0.71
430.5	0.71
431.5	0.71
432.5	0.71
433.5	0.71
434.5	0.71
435.5	0.71
436.5	0.71
437.5	0.71
438.5	0.71
439.5	0.71
440.5	0.71
441.5	0.71
442.5	0.71
443.5	0.71
444.5	0.71
445.5	0.71
446.5	0.71
447.5	0.71
448.5	0.71
449.5	0.71
450.5	0.71
451.5	0.71
452.5	0.71
453.5	0.71
454.5	0.71
455.5	0.71
456.5	0.71
457.5	0.71
458.5	0.71
459.5	0.71
460.5	0.71
461.5	0.71
462.5	0.71
463.5	0.71
464.5	0.71
465.5	0.71
466.5	0.71
467.5	0.71
468.5	0.71
469.5	0.71
470.5	0.71
471.5	0.71
472.5	0.71
473.5	0.71
474.5	0.71
475.5	0.71
476.5	0.71
477.5	0.71
478.5	0.71
479.5	0.71
480.5	0.71
481.5	0.71
482.5	0.71
483.5	0.71
484.5	0.71
485.5	0.71
486.5	0.71
487.5	0.71
488.5	0.71
489.5	0.71
490.5	0.71
491.5	0.71
492.5	0.71
493.5	0.71
494.5	0.71
495.5	0.71
496.5	0.71
497.5	0.71
498.5	0.71
499.5	0.71
500.5	0.71
501.5	0.71
502.5	0.71
503.5	0.71
504.5	0.71
505.5	0.71
506.5	0.71
507.5	0.71
508.5	0.71
509.5	0.71
510.5	0.71
511.5	0.71
512.5	0.71
513.5	0.71
514.5	0.71
515.5	0.71
516.5	0.71
517.5	0.71
518.5	0.71
519.5	0.71
520.5	0.71
521.5	0.71
522.5	0.71
523.5	0.71
524.5	0.71
525.5	0.71
526.5	0.71
527.5	0.71
528.5	0.71
529.5	0.71
530.5	0.71
531.5	0.71
532.5	0.71
533.5	0.71
534.5	0.71
535.5	0.71
536.5	0.71
537.5	0.71
538.5	0.71
539.5	0.71
540.5	0.71
541.5	0.71
542.5	0.71
543.5	0.71
544.5	0.71
545.5	0.71
546.5	0.71
547.5	0.71
548.5	0.71
549.5	0.71
550.5	0.71
551.5	0.71
552.5	0.71
553.5	0.71
554.5	0.71
555.5	0.71
556.5	0.71
557.5	0.71
558.5	0.71
559.5	0.71
560.5	0.71
561.5	0.71
562.5	0.71
563.5	0.71
564.5	0.71
565.5	0.71
566.5	0.71
567.5	0.71
568.5	0.71
569.5	0.71
570.5	0.71
571.5	0.71
572.5	0.71
573.5	0.71
574.5	0.71
575.5	0.71
576.5	0.71
577.5	0.71
578.5	0.71
579.5	0.71
580.5	0.71
581.5	0.71
582.5	0.71
583.5	0.71
584.5	0.71
585.5	0.71
586.5	0.71
587.5	0.71
588.5	0.71
589.5	0.71
590.5	0.71
591.5	0.71
592.5	0.71
593.5	0.71
594.5	0.71
595.5	0.71
596.5	0.71
597.5	0.71
598.5	0.71
599.5	0.71
600.5	0.71
601.5	0.71
602.5	0.71
603.5	0.71
604.5	0.71
605.5	0.71
606.5	0.71
607.5	0.71
608.5	0.71
609.5	0.71
610.5	0.71
611.5	0.71
612.5	0.71
613.5	0.71
614.5	0.71
615.5	0.71
616.5	0.71
617.5	0.71
618.5	0.71
619.5	0.71
620.5	0.71
621.5	0.71
622.5	0.71
623.5	0.71
624.5	0.71
625.5	0.71
626.5	0.71
627.5	0.71
628.5	0.71
629.5	0.71
630.5	0.71
631.5	0.71
632.5	0.71
633.5	0.71
634.5	0.71
635.5	0.71
636.5	0.71
637.5	0.71
638.5	0.71
639.5	0.71
640.5	0.71
641.5	0.71
642.5	0.71
643.5	0.71
644.5	0.71
645.5	0.71
646.5	0.71
647.5	0.71
648.5	0.71
649.5	0.71
650.5	0.71
651.5	0.71
652.5	0.71
653.5	0.71
654.5	0.71
655.5	0.71
656.5	0.71
657.5	0.71
658.5	0.71
659.5	0.71
660.5	0.71
661.5	0.71
662.5	0.71
663.5	0.71
664.5	0.71
665.5	0.71
666.5	0.71
667.5	0.71
668.5	0.71
669.5	0.71
670.5	0.71
671.5	0.71
672.5	0.71
673.5	0.71
674.5	0.71
675.5	0.71
676.5	0.71
677.5	0.71
678.5	0.71
679.5	0.71
680.5	0.71
681.5	0.71
682.5	0.71
683.5	0.71
684.5	0.71
685.5	0.71
686.5	0.71
687.5	0.71
688.5	0.71
689.5	0.71
690.5	0.71
691.5	0.71
692.5	0.71
693.5	0.71
694.5	0.71
695.5	0.71
696.5	0.71
697.5	0.71
698.5	0.71
699.5	0.71
701	0.71
711	0.71
721	0.71
731	0.71
741	0.71
751	0.71
761	0.71
771	0.71
781	0.71
791	0.71
801	0.71
821	0.71
841	0.71
861	0.71
881	0.71
901	0.71
921	0.71
941	0.71
961	0.71
981	0.71
1002.5	0.71
1052.5	0.71
1102.5	0.71
1152.5	0.71
1202.5	0.71
1252.5	0.71
1302.5	0.71
1352.5	0.71
1402.5	0.71
1452.5	0.71
1502.5	0.71
1552.5	0.71
1602.5	0.71
1652.5	0.71
1702.5	0.71
1752.5	0.71
1802.5	0.71
1852.5	0.71
1902.5	0.71
1952.5	0.71
2002.5	0.71
2107.5	0.71
2212.5	0.71
2302.5	0.71
2402.5	0.71
2517.5	0.71
2617.5	0.71
2702.5	0.71
2832.5	0.71
3025	0.71
3235	0.71
3425	0.71
3665	0.71
3855	0.71
4085	0.71
4575	0.71
5085	0.71
5925	0.71
7785	0.71
10075	0.71
