
 2.50500000e+02 	 0.00000000e+00
 2.51500000e+02 	 0.00000000e+00
 2.52500000e+02 	 0.00000000e+00
 2.53500000e+02 	 0.00000000e+00
 2.54500000e+02 	 0.00000000e+00
 2.55500000e+02 	 0.00000000e+00
 2.56500000e+02 	 0.00000000e+00
 2.57500000e+02 	 0.00000000e+00
 2.58500000e+02 	 0.00000000e+00
 2.59500000e+02 	 0.00000000e+00
 2.60500000e+02 	 0.00000000e+00
 2.61500000e+02 	 0.00000000e+00
 2.62500000e+02 	 0.00000000e+00
 2.63500000e+02 	 0.00000000e+00
 2.64500000e+02 	 0.00000000e+00
 2.65500000e+02 	 0.00000000e+00
 2.66500000e+02 	 0.00000000e+00
 2.67500000e+02 	 0.00000000e+00
 2.68500000e+02 	 0.00000000e+00
 2.69500000e+02 	 0.00000000e+00
 2.70500000e+02 	 0.00000000e+00
 2.71500000e+02 	 0.00000000e+00
 2.72500000e+02 	 0.00000000e+00
 2.73500000e+02 	 0.00000000e+00
 2.74500000e+02 	 0.00000000e+00
 2.75500000e+02 	 0.00000000e+00
 2.76500000e+02 	 0.00000000e+00
 2.77500000e+02 	 0.00000000e+00
 2.78500000e+02 	 0.00000000e+00
 2.79500000e+02 	 0.00000000e+00
 2.80500000e+02 	 0.00000000e+00
 2.81500000e+02 	 0.00000000e+00
 2.82500000e+02 	 0.00000000e+00
 2.83500000e+02 	 0.00000000e+00
 2.84500000e+02 	 0.00000000e+00
 2.85500000e+02 	 0.00000000e+00
 2.86500000e+02 	 0.00000000e+00
 2.87500000e+02 	 0.00000000e+00
 2.88500000e+02 	 0.00000000e+00
 2.89500000e+02 	 0.00000000e+00
 2.90500000e+02 	 9.92432971e-01
 2.91500000e+02 	 9.91238081e-01
 2.92500000e+02 	 9.90043191e-01
 2.93500000e+02 	 9.88848301e-01
 2.94500000e+02 	 9.87653411e-01
 2.95500000e+02 	 9.86458521e-01
 2.96500000e+02 	 9.85263631e-01
 2.97500000e+02 	 9.84068741e-01
 2.98500000e+02 	 9.82873851e-01
 2.99500000e+02 	 9.81678961e-01
 3.00500000e+02 	 9.79662986e-01
 3.01500000e+02 	 9.76825927e-01
 3.02500000e+02 	 9.73988868e-01
 3.03500000e+02 	 9.71151810e-01
 3.04500000e+02 	 9.68314751e-01
 3.05500000e+02 	 9.65477691e-01
 3.06500000e+02 	 9.62640632e-01
 3.07500000e+02 	 9.59803574e-01
 3.08500000e+02 	 9.56966515e-01
 3.09500000e+02 	 9.54129456e-01
 3.10500000e+02 	 9.49700886e-01
 3.11500000e+02 	 9.43680805e-01
 3.12500000e+02 	 9.37660724e-01
 3.13500000e+02 	 9.31640643e-01
 3.14500000e+02 	 9.25620562e-01
 3.15500000e+02 	 9.19600482e-01
 3.16500000e+02 	 9.13580401e-01
 3.17500000e+02 	 9.07560320e-01
 3.18500000e+02 	 9.01540239e-01
 3.19500000e+02 	 8.95520158e-01
 3.20500000e+02 	 8.87040858e-01
 3.21500000e+02 	 8.76102337e-01
 3.22500000e+02 	 8.65163817e-01
 3.23500000e+02 	 8.54225297e-01
 3.24500000e+02 	 8.43286776e-01
 3.25500000e+02 	 8.32348256e-01
 3.26500000e+02 	 8.21409735e-01
 3.27500000e+02 	 8.10471215e-01
 3.28500000e+02 	 7.99532695e-01
 3.29500000e+02 	 7.88594174e-01
 3.30500000e+02 	 7.75094935e-01
 3.31500000e+02 	 7.59034976e-01
 3.32500000e+02 	 7.42975017e-01
 3.33500000e+02 	 7.26915058e-01
 3.34500000e+02 	 7.10855099e-01
 3.35500000e+02 	 6.94795140e-01
 3.36500000e+02 	 6.78735181e-01
 3.37500000e+02 	 6.62675222e-01
 3.38500000e+02 	 6.46615263e-01
 3.39500000e+02 	 6.30555304e-01
 3.40500000e+02 	 6.13430299e-01
 3.41500000e+02 	 5.95240246e-01
 3.42500000e+02 	 5.77050193e-01
 3.43500000e+02 	 5.58860141e-01
 3.44500000e+02 	 5.40670088e-01
 3.45500000e+02 	 5.22480035e-01
 3.46500000e+02 	 5.04289982e-01
 3.47500000e+02 	 4.86099930e-01
 3.48500000e+02 	 4.67909877e-01
 3.49500000e+02 	 4.49719824e-01
 3.50500000e+02 	 4.32674115e-01
 3.51500000e+02 	 4.16772748e-01
 3.52500000e+02 	 4.00871381e-01
 3.53500000e+02 	 3.84970014e-01
 3.54500000e+02 	 3.69068647e-01
 3.55500000e+02 	 3.53167281e-01
 3.56500000e+02 	 3.37265914e-01
 3.57500000e+02 	 3.21364547e-01
 3.58500000e+02 	 3.05463180e-01
 3.59500000e+02 	 2.89561813e-01
 3.60500000e+02 	 2.75953308e-01
 3.61500000e+02 	 2.64637663e-01
 3.62500000e+02 	 2.53322019e-01
 3.63500000e+02 	 2.42006374e-01
 3.64500000e+02 	 2.30690730e-01
 3.65500000e+02 	 2.19375085e-01
 3.66500000e+02 	 2.08059441e-01
 3.67500000e+02 	 1.96743796e-01
 3.68500000e+02 	 1.85428152e-01
 3.69500000e+02 	 1.74112507e-01
 3.70500000e+02 	 1.64880288e-01
 3.71500000e+02 	 1.57731493e-01
 3.72500000e+02 	 1.50582699e-01
 3.73500000e+02 	 1.43433904e-01
 3.74500000e+02 	 1.36285110e-01
 3.75500000e+02 	 1.29136315e-01
 3.76500000e+02 	 1.21987521e-01
 3.77500000e+02 	 1.14838726e-01
 3.78500000e+02 	 1.07689932e-01
 3.79500000e+02 	 1.00541137e-01
 3.80500000e+02 	 9.49238799e-02
 3.81500000e+02 	 9.08381599e-02
 3.82500000e+02 	 8.67524397e-02
 3.83500000e+02 	 8.26667196e-02
 3.84500000e+02 	 7.85809996e-02
 3.85500000e+02 	 7.44952795e-02
 3.86500000e+02 	 7.04095593e-02
 3.87500000e+02 	 6.63238393e-02
 3.88500000e+02 	 6.22381192e-02
 3.89500000e+02 	 5.81523990e-02
 3.90500000e+02 	 5.49104023e-02
 3.91500000e+02 	 5.25121289e-02
 3.92500000e+02 	 5.01138555e-02
 3.93500000e+02 	 4.77155821e-02
 3.94500000e+02 	 4.53173087e-02
 3.95500000e+02 	 4.29190353e-02
 3.96500000e+02 	 4.05207619e-02
 3.97500000e+02 	 3.81224885e-02
 3.98500000e+02 	 3.57242151e-02
 3.99500000e+02 	 3.33259417e-02
 4.00500000e+02 	 3.14588818e-02
 4.01500000e+02 	 3.01230354e-02
 4.02500000e+02 	 2.87871890e-02
 4.03500000e+02 	 2.74513426e-02
 4.04500000e+02 	 2.61154962e-02
 4.05500000e+02 	 2.47796498e-02
 4.06500000e+02 	 2.34438034e-02
 4.07500000e+02 	 2.21079570e-02
 4.08500000e+02 	 2.07721106e-02
 4.09500000e+02 	 1.94362642e-02
 4.10500000e+02 	 1.84027876e-02
 4.11500000e+02 	 1.76716808e-02
 4.12500000e+02 	 1.69405740e-02
 4.13500000e+02 	 1.62094672e-02
 4.14500000e+02 	 1.54783604e-02
 4.15500000e+02 	 1.47472536e-02
 4.16500000e+02 	 1.40161468e-02
 4.17500000e+02 	 1.32850400e-02
 4.18500000e+02 	 1.25539332e-02
 4.19500000e+02 	 1.18228264e-02
 4.20500000e+02 	 1.12390221e-02
 4.21500000e+02 	 1.08025203e-02
 4.22500000e+02 	 1.03660185e-02
 4.23500000e+02 	 9.92951670e-03
 4.24500000e+02 	 9.49301490e-03
 4.25500000e+02 	 9.05651310e-03
 4.26500000e+02 	 8.62001130e-03
 4.27500000e+02 	 8.18350950e-03
 4.28500000e+02 	 7.74700770e-03
 4.29500000e+02 	 7.31050590e-03
 4.30500000e+02 	 6.96252350e-03
 4.31500000e+02 	 6.70306050e-03
 4.32500000e+02 	 6.44359750e-03
 4.33500000e+02 	 6.18413450e-03
 4.34500000e+02 	 5.92467150e-03
 4.35500000e+02 	 5.66520850e-03
 4.36500000e+02 	 5.40574550e-03
 4.37500000e+02 	 5.14628250e-03
 4.38500000e+02 	 4.88681950e-03
 4.39500000e+02 	 4.62735650e-03
 4.40500000e+02 	 0.00000000e+00
 4.41500000e+02 	 0.00000000e+00
 4.42500000e+02 	 0.00000000e+00
 4.43500000e+02 	 0.00000000e+00
 4.44500000e+02 	 0.00000000e+00
 4.45500000e+02 	 0.00000000e+00
 4.46500000e+02 	 0.00000000e+00
 4.47500000e+02 	 0.00000000e+00
 4.48500000e+02 	 0.00000000e+00
 4.49500000e+02 	 0.00000000e+00
 4.50500000e+02 	 0.00000000e+00
 4.51500000e+02 	 0.00000000e+00
 4.52500000e+02 	 0.00000000e+00
 4.53500000e+02 	 0.00000000e+00
 4.54500000e+02 	 0.00000000e+00
 4.55500000e+02 	 0.00000000e+00
 4.56500000e+02 	 0.00000000e+00
 4.57500000e+02 	 0.00000000e+00
 4.58500000e+02 	 0.00000000e+00
 4.59500000e+02 	 0.00000000e+00
 4.60500000e+02 	 0.00000000e+00
 4.61500000e+02 	 0.00000000e+00
 4.62500000e+02 	 0.00000000e+00
 4.63500000e+02 	 0.00000000e+00
 4.64500000e+02 	 0.00000000e+00
 4.65500000e+02 	 0.00000000e+00
 4.66500000e+02 	 0.00000000e+00
 4.67500000e+02 	 0.00000000e+00
 4.68500000e+02 	 0.00000000e+00
 4.69500000e+02 	 0.00000000e+00
 4.70500000e+02 	 0.00000000e+00
 4.71500000e+02 	 0.00000000e+00
 4.72500000e+02 	 0.00000000e+00
 4.73500000e+02 	 0.00000000e+00
 4.74500000e+02 	 0.00000000e+00
 4.75500000e+02 	 0.00000000e+00
 4.76500000e+02 	 0.00000000e+00
 4.77500000e+02 	 0.00000000e+00
 4.78500000e+02 	 0.00000000e+00
 4.79500000e+02 	 0.00000000e+00
 4.80500000e+02 	 0.00000000e+00
 4.81500000e+02 	 0.00000000e+00
 4.82500000e+02 	 0.00000000e+00
 4.83500000e+02 	 0.00000000e+00
 4.84500000e+02 	 0.00000000e+00
 4.85500000e+02 	 0.00000000e+00
 4.86500000e+02 	 0.00000000e+00
 4.87500000e+02 	 0.00000000e+00
 4.88500000e+02 	 0.00000000e+00
 4.89500000e+02 	 0.00000000e+00
 4.90500000e+02 	 0.00000000e+00
 4.91500000e+02 	 0.00000000e+00
 4.92500000e+02 	 0.00000000e+00
 4.93500000e+02 	 0.00000000e+00
 4.94500000e+02 	 0.00000000e+00
 4.95500000e+02 	 0.00000000e+00
 4.96500000e+02 	 0.00000000e+00
 4.97500000e+02 	 0.00000000e+00
 4.98500000e+02 	 0.00000000e+00
 4.99500000e+02 	 0.00000000e+00
 5.00500000e+02 	 0.00000000e+00
 5.01500000e+02 	 0.00000000e+00
 5.02500000e+02 	 0.00000000e+00
 5.03500000e+02 	 0.00000000e+00
 5.04500000e+02 	 0.00000000e+00
 5.05500000e+02 	 0.00000000e+00
 5.06500000e+02 	 0.00000000e+00
 5.07500000e+02 	 0.00000000e+00
 5.08500000e+02 	 0.00000000e+00
 5.09500000e+02 	 0.00000000e+00
 5.10500000e+02 	 0.00000000e+00
 5.11500000e+02 	 0.00000000e+00
 5.12500000e+02 	 0.00000000e+00
 5.13500000e+02 	 0.00000000e+00
 5.14500000e+02 	 0.00000000e+00
 5.15500000e+02 	 0.00000000e+00
 5.16500000e+02 	 0.00000000e+00
 5.17500000e+02 	 0.00000000e+00
 5.18500000e+02 	 0.00000000e+00
 5.19500000e+02 	 0.00000000e+00
 5.20500000e+02 	 0.00000000e+00
 5.21500000e+02 	 0.00000000e+00
 5.22500000e+02 	 0.00000000e+00
 5.23500000e+02 	 0.00000000e+00
 5.24500000e+02 	 0.00000000e+00
 5.25500000e+02 	 0.00000000e+00
 5.26500000e+02 	 0.00000000e+00
 5.27500000e+02 	 0.00000000e+00
 5.28500000e+02 	 0.00000000e+00
 5.29500000e+02 	 0.00000000e+00
 5.30500000e+02 	 0.00000000e+00
 5.31500000e+02 	 0.00000000e+00
 5.32500000e+02 	 0.00000000e+00
 5.33500000e+02 	 0.00000000e+00
 5.34500000e+02 	 0.00000000e+00
 5.35500000e+02 	 0.00000000e+00
 5.36500000e+02 	 0.00000000e+00
 5.37500000e+02 	 0.00000000e+00
 5.38500000e+02 	 0.00000000e+00
 5.39500000e+02 	 0.00000000e+00
 5.40500000e+02 	 0.00000000e+00
 5.41500000e+02 	 0.00000000e+00
 5.42500000e+02 	 0.00000000e+00
 5.43500000e+02 	 0.00000000e+00
 5.44500000e+02 	 0.00000000e+00
 5.45500000e+02 	 0.00000000e+00
 5.46500000e+02 	 0.00000000e+00
 5.47500000e+02 	 0.00000000e+00
 5.48500000e+02 	 0.00000000e+00
 5.49500000e+02 	 0.00000000e+00
 5.50500000e+02 	 0.00000000e+00
 5.51500000e+02 	 0.00000000e+00
 5.52500000e+02 	 0.00000000e+00
 5.53500000e+02 	 0.00000000e+00
 5.54500000e+02 	 0.00000000e+00
 5.55500000e+02 	 0.00000000e+00
 5.56500000e+02 	 0.00000000e+00
 5.57500000e+02 	 0.00000000e+00
 5.58500000e+02 	 0.00000000e+00
 5.59500000e+02 	 0.00000000e+00
 5.60500000e+02 	 0.00000000e+00
 5.61500000e+02 	 0.00000000e+00
 5.62500000e+02 	 0.00000000e+00
 5.63500000e+02 	 0.00000000e+00
 5.64500000e+02 	 0.00000000e+00
 5.65500000e+02 	 0.00000000e+00
 5.66500000e+02 	 0.00000000e+00
 5.67500000e+02 	 0.00000000e+00
 5.68500000e+02 	 0.00000000e+00
 5.69500000e+02 	 0.00000000e+00
 5.70500000e+02 	 0.00000000e+00
 5.71500000e+02 	 0.00000000e+00
 5.72500000e+02 	 0.00000000e+00
 5.73500000e+02 	 0.00000000e+00
 5.74500000e+02 	 0.00000000e+00
 5.75500000e+02 	 0.00000000e+00
 5.76500000e+02 	 0.00000000e+00
 5.77500000e+02 	 0.00000000e+00
 5.78500000e+02 	 0.00000000e+00
 5.79500000e+02 	 0.00000000e+00
 5.80500000e+02 	 0.00000000e+00
 5.81500000e+02 	 0.00000000e+00
 5.82500000e+02 	 0.00000000e+00
 5.83500000e+02 	 0.00000000e+00
 5.84500000e+02 	 0.00000000e+00
 5.85500000e+02 	 0.00000000e+00
 5.86500000e+02 	 0.00000000e+00
 5.87500000e+02 	 0.00000000e+00
 5.88500000e+02 	 0.00000000e+00
 5.89500000e+02 	 0.00000000e+00
 5.90500000e+02 	 0.00000000e+00
 5.91500000e+02 	 0.00000000e+00
 5.92500000e+02 	 0.00000000e+00
 5.93500000e+02 	 0.00000000e+00
 5.94500000e+02 	 0.00000000e+00
 5.95500000e+02 	 0.00000000e+00
 5.96500000e+02 	 0.00000000e+00
 5.97500000e+02 	 0.00000000e+00
 5.98500000e+02 	 0.00000000e+00
 5.99500000e+02 	 0.00000000e+00
 6.00500000e+02 	 0.00000000e+00
 6.01500000e+02 	 0.00000000e+00
 6.02500000e+02 	 0.00000000e+00
 6.03500000e+02 	 0.00000000e+00
 6.04500000e+02 	 0.00000000e+00
 6.05500000e+02 	 0.00000000e+00
 6.06500000e+02 	 0.00000000e+00
 6.07500000e+02 	 0.00000000e+00
 6.08500000e+02 	 0.00000000e+00
 6.09500000e+02 	 0.00000000e+00
 6.10500000e+02 	 0.00000000e+00
 6.11500000e+02 	 0.00000000e+00
 6.12500000e+02 	 0.00000000e+00
 6.13500000e+02 	 0.00000000e+00
 6.14500000e+02 	 0.00000000e+00
 6.15500000e+02 	 0.00000000e+00
 6.16500000e+02 	 0.00000000e+00
 6.17500000e+02 	 0.00000000e+00
 6.18500000e+02 	 0.00000000e+00
 6.19500000e+02 	 0.00000000e+00
 6.20500000e+02 	 0.00000000e+00
 6.21500000e+02 	 0.00000000e+00
 6.22500000e+02 	 0.00000000e+00
 6.23500000e+02 	 0.00000000e+00
 6.24500000e+02 	 0.00000000e+00
 6.25500000e+02 	 0.00000000e+00
 6.26500000e+02 	 0.00000000e+00
 6.27500000e+02 	 0.00000000e+00
 6.28500000e+02 	 0.00000000e+00
 6.29500000e+02 	 0.00000000e+00
 6.30500000e+02 	 0.00000000e+00
 6.31500000e+02 	 0.00000000e+00
 6.32500000e+02 	 0.00000000e+00
 6.33500000e+02 	 0.00000000e+00
 6.34500000e+02 	 0.00000000e+00
 6.35500000e+02 	 0.00000000e+00
 6.36500000e+02 	 0.00000000e+00
 6.37500000e+02 	 0.00000000e+00
 6.38500000e+02 	 0.00000000e+00
 6.39500000e+02 	 0.00000000e+00
 6.40500000e+02 	 0.00000000e+00
 6.41500000e+02 	 0.00000000e+00
 6.42500000e+02 	 0.00000000e+00
 6.43500000e+02 	 0.00000000e+00
 6.44500000e+02 	 0.00000000e+00
 6.45500000e+02 	 0.00000000e+00
 6.46500000e+02 	 0.00000000e+00
 6.47500000e+02 	 0.00000000e+00
 6.48500000e+02 	 0.00000000e+00
 6.49500000e+02 	 0.00000000e+00
 6.50500000e+02 	 0.00000000e+00
 6.51500000e+02 	 0.00000000e+00
 6.52500000e+02 	 0.00000000e+00
 6.53500000e+02 	 0.00000000e+00
 6.54500000e+02 	 0.00000000e+00
 6.55500000e+02 	 0.00000000e+00
 6.56500000e+02 	 0.00000000e+00
 6.57500000e+02 	 0.00000000e+00
 6.58500000e+02 	 0.00000000e+00
 6.59500000e+02 	 0.00000000e+00
 6.60500000e+02 	 0.00000000e+00
 6.61500000e+02 	 0.00000000e+00
 6.62500000e+02 	 0.00000000e+00
 6.63500000e+02 	 0.00000000e+00
 6.64500000e+02 	 0.00000000e+00
 6.65500000e+02 	 0.00000000e+00
 6.66500000e+02 	 0.00000000e+00
 6.67500000e+02 	 0.00000000e+00
 6.68500000e+02 	 0.00000000e+00
 6.69500000e+02 	 0.00000000e+00
 6.70500000e+02 	 0.00000000e+00
 6.71500000e+02 	 0.00000000e+00
 6.72500000e+02 	 0.00000000e+00
 6.73500000e+02 	 0.00000000e+00
 6.74500000e+02 	 0.00000000e+00
 6.75500000e+02 	 0.00000000e+00
 6.76500000e+02 	 0.00000000e+00
 6.77500000e+02 	 0.00000000e+00
 6.78500000e+02 	 0.00000000e+00
 6.79500000e+02 	 0.00000000e+00
 6.80500000e+02 	 0.00000000e+00
 6.81500000e+02 	 0.00000000e+00
 6.82500000e+02 	 0.00000000e+00
 6.83500000e+02 	 0.00000000e+00
 6.84500000e+02 	 0.00000000e+00
 6.85500000e+02 	 0.00000000e+00
 6.86500000e+02 	 0.00000000e+00
 6.87500000e+02 	 0.00000000e+00
 6.88500000e+02 	 0.00000000e+00
 6.89500000e+02 	 0.00000000e+00
 6.90500000e+02 	 0.00000000e+00
 6.91500000e+02 	 0.00000000e+00
 6.92500000e+02 	 0.00000000e+00
 6.93500000e+02 	 0.00000000e+00
 6.94500000e+02 	 0.00000000e+00
 6.95500000e+02 	 0.00000000e+00
 6.96500000e+02 	 0.00000000e+00
 6.97500000e+02 	 0.00000000e+00
 6.98500000e+02 	 0.00000000e+00
 6.99500000e+02 	 0.00000000e+00
 7.01000000e+02 	 0.00000000e+00
 7.11000000e+02 	 0.00000000e+00
 7.21000000e+02 	 0.00000000e+00
 7.31000000e+02 	 0.00000000e+00
 7.41000000e+02 	 0.00000000e+00
 7.51000000e+02 	 0.00000000e+00
 7.61000000e+02 	 0.00000000e+00
 7.71000000e+02 	 0.00000000e+00
 7.81000000e+02 	 0.00000000e+00
 7.91000000e+02 	 0.00000000e+00
 8.01000000e+02 	 0.00000000e+00
 8.21000000e+02 	 0.00000000e+00
 8.41000000e+02 	 0.00000000e+00
 8.61000000e+02 	 0.00000000e+00
 8.81000000e+02 	 0.00000000e+00
 9.01000000e+02 	 0.00000000e+00
 9.21000000e+02 	 0.00000000e+00
 9.41000000e+02 	 0.00000000e+00
 9.61000000e+02 	 0.00000000e+00
 9.81000000e+02 	 0.00000000e+00
 1.00250000e+03 	 0.00000000e+00
 1.05250000e+03 	 0.00000000e+00
 1.10250000e+03 	 0.00000000e+00
 1.15250000e+03 	 0.00000000e+00
 1.20250000e+03 	 0.00000000e+00
 1.25250000e+03 	 0.00000000e+00
 1.30250000e+03 	 0.00000000e+00
 1.35250000e+03 	 0.00000000e+00
 1.40250000e+03 	 0.00000000e+00
 1.45250000e+03 	 0.00000000e+00
 1.50250000e+03 	 0.00000000e+00
 1.55250000e+03 	 0.00000000e+00
 1.60250000e+03 	 0.00000000e+00
 1.65250000e+03 	 0.00000000e+00
 1.70250000e+03 	 0.00000000e+00
 1.75250000e+03 	 0.00000000e+00
 1.80250000e+03 	 0.00000000e+00
 1.85250000e+03 	 0.00000000e+00
 1.90250000e+03 	 0.00000000e+00
 1.95250000e+03 	 0.00000000e+00
 2.00250000e+03 	 0.00000000e+00
 2.10750000e+03 	 0.00000000e+00
 2.21250000e+03 	 0.00000000e+00
 2.30250000e+03 	 0.00000000e+00
 2.40250000e+03 	 0.00000000e+00
 2.51750000e+03 	 0.00000000e+00
 2.61750000e+03 	 0.00000000e+00
 2.70250000e+03 	 0.00000000e+00
 2.83250000e+03 	 0.00000000e+00
 3.02500000e+03 	 0.00000000e+00
 3.23500000e+03 	 0.00000000e+00
 3.42500000e+03 	 0.00000000e+00
 3.66500000e+03 	 0.00000000e+00
 3.85500000e+03 	 0.00000000e+00
 4.08500000e+03 	 0.00000000e+00
 4.57500000e+03 	 0.00000000e+00
 5.08500000e+03 	 0.00000000e+00
 5.92500000e+03 	 0.00000000e+00
 7.78500000e+03 	 0.00000000e+00
 1.00750000e+04 	 0.00000000e+00