249.5
250.5
251.5
252.5
253.5
254.5
255.5
256.5
257.5
258.5
259.5
260.5
261.5
262.5
263.5
264.5
265.5
266.5
267.5
268.5
269.5
270.5
271.5
272.5
273.5
274.5
275.5
276.5
277.5
278.5
279.5
280.5
281.5
282.5
283.5
284.5
285.5
286.5
287.5
288.5
289.5
290.5
291.5
292.5
293.5
294.5
295.5
296.5
297.5
298.5
299.5
300.5
301.5
302.5
303.5
304.5
305.5
306.5
307.5
308.5
309.5
310.5
311.5
312.5
313.5
314.5
315.5
316.5
317.5
318.5
319.5
320.5
321.5
322.5
323.5
324.5
325.5
326.5
327.5
328.5
329.5
330.5
331.5
332.5
333.5
334.5
335.5
336.5
337.5
338.5
339.5
340.5
341.5
342.5
343.5
344.5
345.5
346.5
347.5
348.5
349.5
350.5
351.5
352.5
353.5
354.5
355.5
356.5
357.5
358.5
359.5
360.5
361.5
362.5
363.5
364.5
365.5
366.5
367.5
368.5
369.5
370.5
371.5
372.5
373.5
374.5
375.5
376.5
377.5
378.5
379.5
380.5
381.5
382.5
383.5
384.5
385.5
386.5
387.5
388.5
389.5
390.5
391.5
392.5
393.5
394.5
395.5
396.5
397.5
398.5
399.5
400.5
401.5
402.5
403.5
404.5
405.5
406.5
407.5
408.5
409.5
410.5
411.5
412.5
413.5
414.5
415.5
416.5
417.5
418.5
419.5
420.5
421.5
422.5
423.5
424.5
425.5
426.5
427.5
428.5
429.5
430.5
431.5
432.5
433.5
434.5
435.5
436.5
437.5
438.5
439.5
440.5
441.5
442.5
443.5
444.5
445.5
446.5
447.5
448.5
449.5
450.5
451.5
452.5
453.5
454.5
455.5
456.5
457.5
458.5
459.5
460.5
461.5
462.5
463.5
464.5
465.5
466.5
467.5
468.5
469.5
470.5
471.5
472.5
473.5
474.5
475.5
476.5
477.5
478.5
479.5
480.5
481.5
482.5
483.5
484.5
485.5
486.5
487.5
488.5
489.5
490.5
491.5
492.5
493.5
494.5
495.5
496.5
497.5
498.5
499.5
500.5
501.5
502.5
503.5
504.5
505.5
506.5
507.5
508.5
509.5
510.5
511.5
512.5
513.5
514.5
515.5
516.5
517.5
518.5
519.5
520.5
521.5
522.5
523.5
524.5
525.5
526.5
527.5
528.5
529.5
530.5
531.5
532.5
533.5
534.5
535.5
536.5
537.5
538.5
539.5
540.5
541.5
542.5
543.5
544.5
545.5
546.5
547.5
548.5
549.5
550.5
551.5
552.5
553.5
554.5
555.5
556.5
557.5
558.5
559.5
560.5
561.5
562.5
563.5
564.5
565.5
566.5
567.5
568.5
569.5
570.5
571.5
572.5
573.5
574.5
575.5
576.5
577.5
578.5
579.5
580.5
581.5
582.5
583.5
584.5
585.5
586.5
587.5
588.5
589.5
590.5
591.5
592.5
593.5
594.5
595.5
596.5
597.5
598.5
599.5
600.5
601.5
602.5
603.5
604.5
605.5
606.5
607.5
608.5
609.5
610.5
611.5
612.5
613.5
614.5
615.5
616.5
617.5
618.5
619.5
620.5
621.5
622.5
623.5
624.5
625.5
626.5
627.5
628.5
629.5
630.5
631.5
632.5
633.5
634.5
635.5
636.5
637.5
638.5
639.5
640.5
641.5
642.5
643.5
644.5
645.5
646.5
647.5
648.5
649.5
650.5
651.5
652.5
653.5
654.5
655.5
656.5
657.5
658.5
659.5
660.5
661.5
662.5
663.5
664.5
665.5
666.5
667.5
668.5
669.5
670.5
671.5
672.5
673.5
674.5
675.5
676.5
677.5
678.5
679.5
680.5
681.5
682.5
683.5
684.5
685.5
686.5
687.5
688.5
689.5
690.5
691.5
692.5
693.5
694.5
695.5
696.5
697.5
698.5
699.5
701
711
721
731
741
751
761
771
781
791
801
821
841
861
881
901
921
941
961
981
1002.5
1052.5
1102.5
1152.5
1202.5
1252.5
1302.5
1352.5
1402.5
1452.5
1502.5
1552.5
1602.5
1652.5
1702.5
1752.5
1802.5
1852.5
1902.5
1952.5
2002.5
2107.5
2212.5
2302.5
2402.5
2517.5
2617.5
2702.5
2832.5
3025
3235
3425
3665
3855
4085
4575
5085
5925
7785
10075