0.30476
0.30459
0.30442
0.30424
0.30407
0.3039
0.30373
0.30356
0.30339
0.30321
0.30304
0.30287
0.3027
0.30253
0.30235
0.30218
0.30201
0.30184
0.30167
0.30149
0.30132
0.30115
0.30098
0.30081
0.30064
0.30046
0.30029
0.30012
0.29995
0.29978
0.2996
0.29943
0.29926
0.29909
0.29892
0.29874
0.29857
0.2984
0.29823
0.29806
0.29788
0.29771
0.29754
0.29737
0.2972
0.29703
0.29685
0.29668
0.29651
0.29634
0.29617
0.29599
0.29582
0.29565
0.29548
0.29531
0.29513
0.29496
0.29479
0.29462
0.29445
0.2943
0.29414
0.29399
0.29384
0.29369
0.29354
0.29339
0.29323
0.29308
0.29293
0.29278
0.29263
0.29248
0.29232
0.29217
0.29202
0.29187
0.29172
0.29157
0.29142
0.29126
0.29111
0.29096
0.29081
0.29066
0.29051
0.29035
0.2902
0.29005
0.2899
0.28975
0.2896
0.28944
0.28929
0.28914
0.28899
0.28884
0.28869
0.28854
0.28838
0.28823
0.28808
0.28793
0.28778
0.28763
0.28747
0.28732
0.28717
0.28702
0.28687
0.28672
0.28656
0.28641
0.28626
0.28611
0.28596
0.28581
0.28566
0.2855
0.28535
0.28514
0.28492
0.2847
0.28449
0.28427
0.28405
0.28384
0.28362
0.2834
0.28319
0.28297
0.28276
0.28254
0.28232
0.28211
0.28189
0.28167
0.28146
0.28124
0.28102
0.28081
0.28059
0.28038
0.28016
0.27994
0.27973
0.27951
0.27929
0.27908
0.27886
0.27864
0.27843
0.27821
0.27799
0.27778
0.27756
0.27735
0.27713
0.27691
0.2767
0.27648
0.27626
0.27605
0.27583
0.27561
0.2754
0.27518
0.27497
0.27475
0.27453
0.27432
0.2741
0.27388
0.27367
0.27345
0.27323
0.27302
0.2728
0.27258
0.27237
0.27219
0.27201
0.27183
0.27165
0.27147
0.27128
0.2711
0.27092
0.27074
0.27056
0.27038
0.2702
0.27002
0.26984
0.26966
0.26948
0.2693
0.26912
0.26894
0.26876
0.26858
0.2684
0.26821
0.26803
0.26785
0.26767
0.26749
0.26731
0.26713
0.26695
0.26677
0.26659
0.26641
0.26623
0.26605
0.26587
0.26569
0.26551
0.26532
0.26514
0.26496
0.26478
0.2646
0.26442
0.26424
0.26406
0.26388
0.2637
0.26352
0.26334
0.26316
0.26298
0.2628
0.26262
0.26244
0.26225
0.26207
0.26189
0.26171
0.26153
0.26141
0.26129
0.26117
0.26105
0.26093
0.26081
0.26069
0.26057
0.26045
0.26033
0.26021
0.26009
0.25997
0.25985
0.25973
0.25961
0.25949
0.25937
0.25925
0.25913
0.25901
0.25889
0.25877
0.25865
0.25853
0.25841
0.25829
0.25817
0.25805
0.25793
0.25781
0.25769
0.25757
0.25745
0.25733
0.25721
0.25709
0.25697
0.25685
0.25673
0.25661
0.25649
0.25637
0.25625
0.25613
0.25601
0.25589
0.25577
0.25565
0.25553
0.25541
0.25529
0.25517
0.25505
0.25493
0.25481
0.25469
0.25457
0.25445
0.25433
0.25434
0.25434
0.25435
0.25435
0.25436
0.25436
0.25436
0.25437
0.25437
0.25438
0.25438
0.25439
0.25439
0.2544
0.2544
0.25441
0.25441
0.25442
0.25442
0.25443
0.25443
0.25444
0.25444
0.25445
0.25445
0.25446
0.25446
0.25446
0.25447
0.25447
0.25448
0.25448
0.25449
0.25449
0.2545
0.2545
0.25451
0.25451
0.25452
0.25452
0.25453
0.25453
0.25454
0.25454
0.25455
0.25455
0.25455
0.25456
0.25456
0.25457
0.25457
0.25458
0.25458
0.25459
0.25459
0.2546
0.2546
0.25461
0.25461
0.25462
0.25444
0.25427
0.2541
0.25392
0.25375
0.25358
0.2534
0.25323
0.25306
0.25288
0.25271
0.25254
0.25236
0.25219
0.25202
0.25184
0.25167
0.2515
0.25132
0.25115
0.25097
0.2508
0.25063
0.25045
0.25028
0.25011
0.24993
0.24976
0.24959
0.24941
0.24924
0.24907
0.24889
0.24872
0.24855
0.24837
0.2482
0.24803
0.24785
0.24768
0.24751
0.24733
0.24716
0.24699
0.24681
0.24664
0.24647
0.24629
0.24612
0.24595
0.24577
0.2456
0.24543
0.24525
0.24508
0.24491
0.24473
0.24456
0.24439
0.24421
0.24438
0.24455
0.24471
0.24488
0.24505
0.24522
0.24539
0.24555
0.24572
0.24589
0.24606
0.24622
0.24639
0.24656
0.24673
0.24689
0.24706
0.24723
0.2474
0.24757
0.24773
0.2479
0.24807
0.24824
0.2484
0.24857
0.24874
0.24891
0.24907
0.24924
0.24941
0.24958
0.24974
0.24991
0.25008
0.25025
0.25042
0.25058
0.25075
0.25092
0.25109
0.25125
0.25142
0.25159
0.25176
0.25192
0.25209
0.25226
0.25243
0.2526
0.25276
0.25293
0.2531
0.25327
0.25343
0.2536
0.25377
0.25394
0.2541
0.25427
0.25443
0.25459
0.25475
0.25491
0.25507
0.25523
0.25539
0.25555
0.25571
0.25588
0.25604
0.2562
0.25636
0.25652
0.25668
0.25684
0.257
0.25716
0.25732
0.25748
0.25764
0.2578
0.25796
0.25812
0.25828
0.25844
0.2586
0.25876
0.25892
0.25908
0.25924
0.2594
0.25956
0.25972
0.25988
0.26004
0.2602
0.26036
0.26053
0.26069
0.26085
0.26101
0.26117
0.26133
0.26149
0.26165
0.26181
0.26197
0.26213
0.26229
0.26245
0.26261
0.26277
0.26293
0.26309
0.26325
0.26341
0.26357
0.26373
0.26389
0.26412
0.26434
0.26457
0.2648
0.26502
0.26525
0.26547
0.2657
0.26593
0.26615
0.26638
0.2666
0.26683
0.26706
0.26728
0.26751
0.26773
0.26796
0.26819
0.26841
0.26864
0.26886
0.26909
0.26932
0.26954
0.26977
0.26999
0.27022
0.27045
0.27067
0.2709
0.27112
0.27135
0.27158
0.2718
0.27203
0.27225
0.27248
0.27271
0.27293
0.27316
0.27338
0.27361
0.27384
0.27406
0.27429
0.27451
0.27474
0.27496
0.27519
0.27542
0.27564
0.27587
0.27609
0.27632
0.27655
0.27677
0.277
0.27722
0.27745
0.27764
0.27782
0.27801
0.2782
0.27839
0.27857
0.27876
0.27895
0.27914
0.27932
0.27951
0.2797
0.27988
0.28007
0.28026
0.28045
0.28063
0.28082
0.28101
0.28119
0.28138
0.28157
0.28176
0.28194
0.28213
0.28232
0.28251
0.28269
0.28288
0.28307
0.28325
0.28344
0.28363
0.28382
0.284
0.28419
0.28438
0.28456
0.28475
0.28494
0.28513
0.28531
0.2855
0.28569
0.28587
0.28606
0.28625
0.28644
0.28662
0.28681
0.287
0.28719
0.28737
0.28756
0.28775
0.28793
0.28812
0.28831
0.2885
0.28868
0.28881
0.28895
0.28908
0.28921
0.28934
0.28947
0.2896
0.28973
0.28986
0.29
0.29013
0.29026
0.29039
0.29052
0.29065
0.29078
0.29091
0.29105
0.29118
0.29131
0.29144
0.29157
0.2917
0.29183
0.29196
0.2921
0.29223
0.29236
0.29249
0.29262
0.29275
0.29288
0.29301
0.29314
0.29328
0.29341
0.29354
0.29367
0.2938
0.29393
0.29406
0.29419
0.29433
0.29446
0.29459
0.29472
0.29485
0.29498
0.29511
0.29524
0.29538
0.29551
0.29564
0.29577
0.2959
0.29603
0.29616
0.29629
0.29643
0.29656
0.29668
0.2968
0.29692
0.29705
0.29717
0.29729
0.29741
0.29753
0.29766
0.29778
0.2979
0.29802
0.29814
0.29827
0.29839
0.29851
0.29863
0.29875
0.29888
0.299
0.29912
0.29924
0.29936
0.29949
0.29961
0.29973
0.29985
0.29997
0.3001
0.30022
0.30034
0.30046
0.30059
0.30071
0.30083
0.30095
0.30107
0.3012
0.30132
0.30144
0.30156
0.30168
0.30181
0.30193
0.30205
0.30217
0.30229
0.30242
0.30254
0.30266
0.30278
0.3029
0.30303
0.30315
0.30327
0.30339
0.30351
0.30364
0.30376
0.30388
0.30412
0.30435
0.30458
0.30482
0.30505
0.30529
0.30552
0.30576
0.30599
0.30623
0.30646
0.3067
0.30693
0.30717
0.3074
0.30764
0.30787
0.30811
0.30834
0.30858
0.30881
0.30904
0.30928
0.30951
0.30975
0.30998
0.31022
0.31045
0.31069
0.31092
0.31116
0.31139
0.31163
0.31186
0.3121
0.31233
0.31257
0.3128
0.31304
0.31327
0.3135
0.31374
0.31397
0.31421
0.31444
0.31468
0.31491
0.31515
0.31538
0.31562
0.31585
0.31609
0.31632
0.31656
0.31679
0.31703
0.31726
0.3175
0.31773
0.31796
0.31787
0.31778
0.31769
0.31759
0.3175
0.31741
0.31731
0.31722
0.31713
0.31703
0.31694
0.31685
0.31676
0.31666
0.31657
0.31648
0.31638
0.31629
0.3162
0.3161
0.31601
0.31592
0.31583
0.31573
0.31564
0.31555
0.31545
0.31536
0.31527
0.31518
0.31508
0.31499
0.3149
0.3148
0.31471
0.31462
0.31452
0.31443
0.31434
0.31425
0.31415
0.31406
0.31397
0.31387
0.31378
0.31369
0.31359
0.3135
0.31341
0.31332
0.31322
0.31313
0.31304
0.31294
0.31285
0.31276
0.31266
0.31257
0.31248
0.31239
0.31257
0.31275
0.31293
0.31311
0.3133
0.31348
0.31366
0.31384
0.31403
0.31421
0.31439
0.31457
0.31475
0.31494
0.31512
0.3153
0.31548
0.31567
0.31585
0.31603
0.31621
0.3164
0.31658
0.31676
0.31694
0.31712
0.31731
0.31749
0.31767
0.31785
0.31804
0.31822
0.3184
0.31858
0.31876
0.31895
0.31913
0.31931
0.31949
0.31968
0.31986
0.32004
0.32022
0.32041
0.32059
0.32077
0.32095
0.32113
0.32132
0.3215
0.32168
0.32186
0.32205
0.32223
0.32241
0.32259
0.32277
0.32296
0.32314
0.32332
0.32354
0.32375
0.32396
0.32417
0.32439
0.3246
0.32481
0.32503
0.32524
0.32545
0.32567
0.32588
0.32609
0.32631
0.32652
0.32673
0.32695
0.32716
0.32737
0.32759
0.3278
0.32801
0.32823
0.32844
0.32865
0.32887
0.32908
0.32929
0.32951
0.32972
0.32993
0.33015
0.33036
0.33057
0.33078
0.331
0.33121
0.33142
0.33164
0.33185
0.33206
0.33228
0.33249
0.3327
0.33292
0.33313
0.33334
0.33356
0.33377
0.33398
0.3342
0.33441
0.33462
0.33484
0.33505
0.33526
0.33548
0.33569
0.3359
0.33612
0.33626
0.3364
0.33654
0.33668
0.33681
0.33695
0.33709
0.33723
0.33737
0.33751
0.33765
0.33779
0.33793
0.33807
0.33821
0.33835
0.33849
0.33863
0.33877
0.33891
0.33905
0.33919
0.33933
0.33947
0.33961
0.33975
0.33989
0.34003
0.34017
0.34031
0.34045
0.34059
0.34073
0.34087
0.34101
0.34115
0.34129
0.34143
0.34157
0.34171
0.34185
0.34199
0.34213
0.34227
0.34241
0.34255
0.34269
0.34283
0.34297
0.34311
0.34325
0.34339
0.34353
0.34367
0.34381
0.34395
0.34409
0.34423
0.34437
0.34451
0.34461
0.34471
0.34481
0.34492
0.34502
0.34512
0.34522
0.34532
0.34543
0.34553
0.34563
0.34573
0.34583
0.34594
0.34604
0.34614
0.34624
0.34635
0.34645
0.34655
0.34665
0.34675
0.34686
0.34696
0.34706
0.34716
0.34727
0.34737
0.34747
0.34757
0.34767
0.34778
0.34788
0.34798
0.34808
0.34819
0.34829
0.34839
0.34849
0.34859
0.3487
0.3488
0.3489
0.349
0.3491
0.34921
0.34931
0.34941
0.34951
0.34962
0.34972
0.34982
0.34992
0.35002
0.35013
0.35023
0.35033
0.35043
0.35054
0.35064
0.35067
0.35071
0.35075
0.35078
0.35082
0.35086
0.35089
0.35093
0.35096
0.351
0.35104
0.35107
0.35111
0.35115
0.35118
0.35122
0.35125
0.35129
0.35133
0.35136
0.3514
0.35144
0.35147
0.35151
0.35154
0.35158
0.35162
0.35165
0.35169
0.35173
0.35176
0.3518
0.35183
0.35187
0.35191
0.35194
0.35198
0.35202
0.35205
0.35209
0.35212
0.35216
0.3522
0.35223
0.35227
0.35231
0.35234
0.35238
0.35241
0.35245
0.35249
0.35252
0.35256
0.3526
0.35263
0.35267
0.3527
0.35274
0.35278
0.35281
0.35278
0.35275
0.35272
0.35268
0.35265
0.35262
0.35259
0.35256
0.35252
0.35249
0.35246
0.35243
0.35239
0.35236
0.35233
0.3523
0.35227
0.35223
0.3522
0.35217
0.35214
0.3521
0.35207
0.35204
0.35201
0.35198
0.35194
0.35191
0.35188
0.35185
0.35181
0.35178
0.35175
0.35172
0.35169
0.35165
0.35162
0.35159
0.35156
0.35152
0.35149
0.35146
0.35143
0.3514
0.35136
0.35133
0.3513
0.35127
0.35123
0.3512
0.35117
0.35114
0.35111
0.35107
0.35104
0.35101
0.35098
0.35094
0.35091
0.35088
0.35082
0.35076
0.3507
0.35064
0.35058
0.35052
0.35046
0.3504
0.35034
0.35028
0.35022
0.35015
0.35009
0.35003
0.34997
0.34991
0.34985
0.34979
0.34973
0.34967
0.34961
0.34955
0.34949
0.34943
0.34937
0.34931
0.34925
0.34919
0.34913
0.34907
0.34901
0.34894
0.34888
0.34882
0.34876
0.3487
0.34864
0.34858
0.34852
0.34846
0.3484
0.34834
0.34828
0.34822
0.34816
0.3481
0.34804
0.34798
0.34792
0.34786
0.3478
0.34773
0.34767
0.34761
0.34755
0.34749
0.34743
0.34737
0.34731
0.34725
0.34705
0.34684
0.34663
0.34643
0.34622
0.34602
0.34581
0.34561
0.3454
0.34519
0.34499
0.34478
0.34458
0.34437
0.34417
0.34396
0.34376
0.34355
0.34334
0.34314
0.34293
0.34273
0.34252
0.34232
0.34211
0.3419
0.3417
0.34149
0.34129
0.34108
0.34088
0.34067
0.34047
0.34026
0.34005
0.33985
0.33964
0.33944
0.33923
0.33903
0.33882
0.33861
0.33841
0.3382
0.338
0.33779
0.33759
0.33738
0.33718
0.33697
0.33676
0.33656
0.33635
0.33615
0.33594
0.33574
0.33553
0.33532
0.33512
0.33491
0.33473
0.33454
0.33436
0.33418
0.33399
0.33381
0.33362
0.33344
0.33325
0.33307
0.33289
0.3327
0.33252
0.33233
0.33215
0.33196
0.33178
0.33159
0.33141
0.33123
0.33104
0.33086
0.33067
0.33049
0.3303
0.33012
0.32994
0.32975
0.32957
0.32938
0.3292
0.32901
0.32883
0.32864
0.32846
0.32828
0.32809
0.32791
0.32772
0.32754
0.32735
0.32717
0.32699
0.3268
0.32662
0.32643
0.32625
0.32606
0.32588
0.32569
0.32551
0.32533
0.32514
0.32496
0.32477
0.32459
0.3244
0.32422
0.32404
0.32385
0.32368
0.32351
0.32334
0.32318
0.32301
0.32284
0.32267
0.3225
0.32233
0.32217
0.322
0.32183
0.32166
0.32149
0.32132
0.32115
0.32099
0.32082
0.32065
0.32048
0.32031
0.32014
0.31997
0.31981
0.31964
0.31947
0.3193
0.31913
0.31896
0.31879
0.31863
0.31846
0.31829
0.31812
0.31795
0.31778
0.31761
0.31745
0.31728
0.31711
0.31694
0.31677
0.3166
0.31643
0.31627
0.3161
0.31593
0.31576
0.31559
0.31542
0.31525
0.31509
0.31492
0.31475
0.31458
0.31441
0.31424
0.31407
0.31391
0.31374
0.31359
0.31344
0.31329
0.31315
0.313
0.31285
0.31271
0.31256
0.31241
0.31226
0.31212
0.31197
0.31182
0.31167
0.31153
0.31138
0.31123
0.31108
0.31094
0.31079
0.31064
0.31049
0.31035
0.3102
0.31005
0.3099
0.30976
0.30961
0.30946
0.30932
0.30917
0.30902
0.30887
0.30873
0.30858
0.30843
0.30828
0.30814
0.30799
0.30784
0.30769
0.30755
0.3074
0.30725
0.3071
0.30696
0.30681
0.30666
0.30651
0.30637
0.30622
0.30607
0.30593
0.30578
0.30563
0.30548
0.30534
0.30519
0.30504
0.30489
0.30473
0.30456
0.30439
0.30423
0.30406
0.30389
0.30372
0.30356
0.30339
0.30322
0.30306
0.30289
0.30272
0.30256
0.30239
0.30222
0.30205
0.30189
0.30172
0.30155
0.30139
0.30122
0.30105
0.30088
0.30072
0.30055
0.30038
0.30022
0.30005
0.29988
0.29972
0.29955
0.29938
0.29921
0.29905
0.29888
0.29871
0.29855
0.29838
0.29821
0.29805
0.29788
0.29771
0.29754
0.29738
0.29721
0.29704
0.29688
0.29671
0.29654
0.29638
0.29621
0.29604
0.29587
0.29571
0.29554
0.29537
0.29521
0.29504
0.29487
0.29481
0.29474
0.29468
0.29461
0.29454
0.29448
0.29441
0.29435
0.29428
0.29422
0.29415
0.29409
0.29402
0.29395
0.29389
0.29382
0.29376
0.29369
0.29363
0.29356
0.2935
0.29343
0.29336
0.2933
0.29323
0.29317
0.2931
0.29304
0.29297
0.29291
0.29284
0.29277
0.29271
0.29264
0.29258
0.29251
0.29245
0.29238
0.29232
0.29225
0.29219
0.29212
0.29205
0.29199
0.29192
0.29186
0.29179
0.29173
0.29166
0.2916
0.29153
0.29146
0.2914
0.29133
0.29127
0.2912
0.29114
0.29107
0.29101
0.29094
0.29086
0.29078
0.2907
0.29062
0.29054
0.29046
0.29038
0.2903
0.29022
0.29014
0.29006
0.28997
0.28989
0.28981
0.28973
0.28965
0.28957
0.28949
0.28941
0.28933
0.28925
0.28917
0.28909
0.28901
0.28893
0.28885
0.28877
0.28869
0.28861
0.28853
0.28845
0.28837
0.28829
0.28821
0.28812
0.28804
0.28796
0.28788
0.2878
0.28772
0.28764
0.28756
0.28748
0.2874
0.28732
0.28724
0.28716
0.28708
0.287
0.28692
0.28684
0.28676
0.28668
0.2866
0.28652
0.28644
0.28636
0.28628
0.28619
0.28611
0.28588
0.28565
0.28542
0.28518
0.28495
0.28472
0.28449
0.28425
0.28402
0.28379
0.28356
0.28332
0.28309
0.28286
0.28263
0.28239
0.28216
0.28193
0.2817
0.28146
0.28123
0.281
0.28076
0.28053
0.2803
0.28007
0.27983
0.2796
0.27937
0.27914
0.2789
0.27867
0.27844
0.27821
0.27797
0.27774
0.27751
0.27728
0.27704
0.27681
0.27658
0.27635
0.27611
0.27588
0.27565
0.27542
0.27518
0.27495
0.27472
0.27449
0.27425
0.27402
0.27379
0.27355
0.27332
0.27309
0.27286
0.27262
0.27239
0.27216
0.27204
0.27191
0.27179
0.27166
0.27154
0.27141
0.27129
0.27117
0.27104
0.27092
0.27079
0.27067
0.27055
0.27042
0.2703
0.27017
0.27005
0.26993
0.2698
0.26968
0.26955
0.26943
0.26931
0.26918
0.26906
0.26893
0.26881
0.26868
0.26856
0.26844
0.26831
0.26819
0.26806
0.26794
0.26782
0.26769
0.26757
0.26744
0.26732
0.2672
0.26707
0.26695
0.26682
0.2667
0.26658
0.26645
0.26633
0.2662
0.26608
0.26595
0.26583
0.26571
0.26558
0.26546
0.26533
0.26521
0.26509
0.26496
0.26484
0.26471
0.26467
0.26463
0.26459
0.26454
0.2645
0.26446
0.26441
0.26437
0.26433
0.26429
0.26424
0.2642
0.26416
0.26412
0.26407
0.26403
0.26399
0.26394
0.2639
0.26386
0.26382
0.26377
0.26373
0.26369
0.26365
0.2636
0.26356
0.26352
0.26348
0.26343
0.26339
0.26335
0.2633
0.26326
0.26322
0.26318
0.26313
0.26309
0.26305
0.26301
0.26296
0.26292
0.26288
0.26283
0.26279
0.26275
0.26271
0.26266
0.26262
0.26258
0.26254
0.26249
0.26245
0.26241
0.26236
0.26232
0.26228
0.26224
0.26219
0.26215
0.26213
0.26211
0.2621
0.26208
0.26206
0.26204
0.26202
0.262
0.26199
0.26197
0.26195
0.26193
0.26191
0.26189
0.26187
0.26186
0.26184
0.26182
0.2618
0.26178
0.26176
0.26175
0.26173
0.26171
0.26169
0.26167
0.26165
0.26163
0.26162
0.2616
0.26158
0.26156
0.26154
0.26152
0.26151
0.26149
0.26147
0.26145
0.26143
0.26141
0.26139
0.26138
0.26136
0.26134
0.26132
0.2613
0.26128
0.26127
0.26125
0.26123
0.26121
0.26119
0.26117
0.26115
0.26114
0.26112
0.2611
0.26108
0.26106
0.26104
0.26066
0.26028
0.2599
0.25952
0.25914
0.25876
0.25838
0.258
0.25762
0.25724
0.25686
0.25648
0.2561
0.25572
0.25534
0.25496
0.25458
0.2542
0.25382
0.25344
0.25306
0.25268
0.2523
0.25192
0.25154
0.25116
0.25078
0.2504
0.25002
0.24964
0.24926
0.24888
0.2485
0.24812
0.24774
0.24736
0.24698
0.2466
0.24622
0.24584
0.24546
0.24508
0.2447
0.24432
0.24394
0.24356
0.24318
0.2428
0.24242
0.24204
0.24166
0.24128
0.2409
0.24052
0.24014
0.23976
0.23938
0.239
0.23862
0.23824
0.23831
0.23837
0.23843
0.2385
0.23856
0.23862
0.23869
0.23875
0.23881
0.23888
0.23894
0.239
0.23907
0.23913
0.23919
0.23925
0.23932
0.23938
0.23944
0.23951
0.23957
0.23963
0.2397
0.23976
0.23982
0.23989
0.23995
0.24001
0.24008
0.24014
0.2402
0.24026
0.24033
0.24039
0.24045
0.24052
0.24058
0.24064
0.24071
0.24077
0.24083
0.2409
0.24096
0.24102
0.24109
0.24115
0.24121
0.24127
0.24134
0.2414
0.24146
0.24153
0.24159
0.24165
0.24172
0.24178
0.24184
0.24191
0.24197
0.24203
0.24218
0.24234
0.24249
0.24264
0.24279
0.24295
0.2431
0.24325
0.2434
0.24356
0.24371
0.24386
0.24401
0.24417
0.24432
0.24447
0.24462
0.24478
0.24493
0.24508
0.24523
0.24538
0.24554
0.24569
0.24584
0.24599
0.24615
0.2463
0.24645
0.2466
0.24676
0.24691
0.24706
0.24721
0.24737
0.24752
0.24767
0.24782
0.24798
0.24813
0.24828
0.24843
0.24859
0.24874
0.24889
0.24904
0.2492
0.24935
0.2495
0.24965
0.2498
0.24996
0.25011
0.25026
0.25041
0.25057
0.25072
0.25087
0.25102
0.25118
0.25136
0.25155
0.25174
0.25192
0.25211
0.2523
0.25248
0.25267
0.25286
0.25304
0.25323
0.25342
0.2536
0.25379
0.25398
0.25417
0.25435
0.25454
0.25473
0.25491
0.2551
0.25529
0.25547
0.25566
0.25585
0.25603
0.25622
0.25641
0.25659
0.25678
0.25697
0.25715
0.25734
0.25753
0.25771
0.2579
0.25809
0.25827
0.25846
0.25865
0.25884
0.25902
0.25921
0.2594
0.25958
0.25977
0.25996
0.26014
0.26033
0.26052
0.2607
0.26089
0.26108
0.26126
0.26145
0.26164
0.26182
0.26201
0.2622
0.26238
0.26252
0.26266
0.2628
0.26294
0.26308
0.26322
0.26336
0.26349
0.26363
0.26377
0.26391
0.26405
0.26419
0.26433
0.26447
0.2646
0.26474
0.26488
0.26502
0.26516
0.2653
0.26544
0.26557
0.26571
0.26585
0.26599
0.26613
0.26627
0.26641
0.26655
0.26668
0.26682
0.26696
0.2671
0.26724
0.26738
0.26752
0.26765
0.26779
0.26793
0.26807
0.26821
0.26835
0.26849
0.26863
0.26876
0.2689
0.26904
0.26918
0.26932
0.26946
0.2696
0.26973
0.26987
0.27001
0.27015
0.27029
0.27043
0.27057
0.27071
0.27077
0.27083
0.27089
0.27095
0.27102
0.27108
0.27114
0.2712
0.27126
0.27133
0.27139
0.27145
0.27151
0.27157
0.27164
0.2717
0.27176
0.27182
0.27188
0.27195
0.27201
0.27207
0.27213
0.27219
0.27226
0.27232
0.27238
0.27244
0.2725
0.27257
0.27263
0.27269
0.27275
0.27281
0.27288
0.27294
0.273
0.27306
0.27312
0.27319
0.27325
0.27331
0.27337
0.27343
0.2735
0.27356
0.27362
0.27368
0.27374
0.27381
0.27387
0.27393
0.27399
0.27405
0.27412
0.27418
0.27424
0.2743
0.27436
0.27443
0.27443
0.27444
0.27444
0.27444
0.27445
0.27445
0.27446
0.27446
0.27447
0.27447
0.27447
0.27448
0.27448
0.27449
0.27449
0.2745
0.2745
0.27451
0.27451
0.27451
0.27452
0.27452
0.27453
0.27453
0.27454
0.27454
0.27454
0.27455
0.27455
0.27456
0.27456
0.27457
0.27457
0.27458
0.27458
0.27458
0.27459
0.27459
0.2746
0.2746
0.27461
0.27461
0.27461
0.27462
0.27462
0.27463
0.27463
0.27464
0.27464
0.27464
0.27465
0.27465
0.27466
0.27466
0.27467
0.27467
0.27468
0.27468
0.27468
0.27469
0.27462
0.27456
0.2745
0.27443
0.27437
0.27431
0.27424
0.27418
0.27411
0.27405
0.27399
0.27392
0.27386
0.27379
0.27373
0.27367
0.2736
0.27354
0.27347
0.27341
0.27335
0.27328
0.27322
0.27316
0.27309
0.27303
0.27296
0.2729
0.27284
0.27277
0.27271
0.27264
0.27258
0.27252
0.27245
0.27239
0.27232
0.27226
0.2722
0.27213
0.27207
0.27201
0.27194
0.27188
0.27181
0.27175
0.27169
0.27162
0.27156
0.27149
0.27143
0.27137
0.2713
0.27124
0.27117
0.27111
0.27105
0.27098
0.27092
0.27086
0.27094
0.27103
0.27111
0.2712
0.27128
0.27137
0.27146
0.27154
0.27163
0.27171
0.2718
0.27188
0.27197
0.27206
0.27214
0.27223
0.27231
0.2724
0.27248
0.27257
0.27266
0.27274
0.27283
0.27291
0.273
0.27308
0.27317
0.27326
0.27334
0.27343
0.27351
0.2736
0.27368
0.27377
0.27386
0.27394
0.27403
0.27411
0.2742
0.27428
0.27437
0.27446
0.27454
0.27463
0.27471
0.2748
0.27489
0.27497
0.27506
0.27514
0.27523
0.27531
0.2754
0.27549
0.27557
0.27566
0.27574
0.27583
0.27591
0.276
0.27614
0.27627
0.27641
0.27654
0.27668
0.27681
0.27695
0.27708
0.27722
0.27735
0.27749
0.27763
0.27776
0.2779
0.27803
0.27817
0.2783
0.27844
0.27857
0.27871
0.27884
0.27898
0.27912
0.27925
0.27939
0.27952
0.27966
0.27979
0.27993
0.28006
0.2802
0.28033
0.28047
0.2806
0.28074
0.28088
0.28101
0.28115
0.28128
0.28142
0.28155
0.28169
0.28182
0.28196
0.28209
0.28223
0.28237
0.2825
0.28264
0.28277
0.28291
0.28304
0.28318
0.28331
0.28345
0.28358
0.28372
0.28386
0.28399
0.28413
0.28419
0.28426
0.28432
0.28438
0.28445
0.28451
0.28458
0.28464
0.2847
0.28477
0.28483
0.2849
0.28496
0.28503
0.28509
0.28515
0.28522
0.28528
0.28535
0.28541
0.28548
0.28554
0.2856
0.28567
0.28573
0.2858
0.28586
0.28592
0.28599
0.28605
0.28612
0.28618
0.28625
0.28631
0.28637
0.28644
0.2865
0.28657
0.28663
0.2867
0.28676
0.28682
0.28689
0.28695
0.28702
0.28708
0.28714
0.28721
0.28727
0.28734
0.2874
0.28747
0.28753
0.28759
0.28766
0.28772
0.28779
0.28785
0.28792
0.28798
0.28803
0.28808
0.28814
0.28819
0.28824
0.28829
0.28835
0.2884
0.28845
0.2885
0.28856
0.28861
0.28866
0.28871
0.28877
0.28882
0.28887
0.28892
0.28898
0.28903
0.28908
0.28913
0.28919
0.28924
0.28929
0.28934
0.2894
0.28945
0.2895
0.28955
0.28961
0.28966
0.28971
0.28976
0.28982
0.28987
0.28992
0.28997
0.29003
0.29008
0.29013
0.29018
0.29023
0.29029
0.29034
0.29039
0.29044
0.2905
0.29055
0.2906
0.29065
0.29071
0.29076
0.29081
0.29086
0.29092
0.29097
0.29102
0.29107
0.29113
0.29111
0.2911
0.29108
0.29107
0.29106
0.29104
0.29103
0.29102
0.291
0.29099
0.29097
0.29096
0.29095
0.29093
0.29092
0.29091
0.29089
0.29088
0.29086
0.29085
0.29084
0.29082
0.29081
0.29079
0.29078
0.29077
0.29075
0.29074
0.29073
0.29071
0.2907
0.29068
0.29067
0.29066
0.29064
0.29063
0.29061
0.2906
0.29059
0.29057
0.29056
0.29055
0.29053
0.29052
0.2905
0.29049
0.29048
0.29046
0.29045
0.29044
0.29042
0.29041
0.29039
0.29038
0.29037
0.29035
0.29034
0.29032
0.29031
0.2903
0.29015
0.29001
0.28987
0.28973
0.28958
0.28944
0.2893
0.28915
0.28901
0.28887
0.28873
0.28858
0.28844
0.2883
0.28815
0.28801
0.28787
0.28773
0.28758
0.28744
0.2873
0.28715
0.28701
0.28687
0.28673
0.28658
0.28644
0.2863
0.28615
0.28601
0.28587
0.28573
0.28558
0.28544
0.2853
0.28515
0.28501
0.28487
0.28473
0.28458
0.28444
0.2843
0.28416
0.28401
0.28387
0.28373
0.28358
0.28344
0.2833
0.28316
0.28301
0.28287
0.28273
0.28258
0.28244
0.2823
0.28216
0.28201
0.28187
0.28173
0.28149
0.28126
0.28102
0.28078
0.28055
0.28031
0.28007
0.27984
0.2796
0.27937
0.27913
0.27889
0.27866
0.27842
0.27819
0.27795
0.27771
0.27748
0.27724
0.27701
0.27677
0.27653
0.2763
0.27606
0.27583
0.27559
0.27535
0.27512
0.27488
0.27465
0.27441
0.27417
0.27394
0.2737
0.27347
0.27323
0.27299
0.27276
0.27252
0.27229
0.27205
0.27181
0.27158
0.27134
0.27111
0.27087
0.27063
0.2704
0.27016
0.26993
0.26969
0.26945
0.26922
0.26898
0.26875
0.26851
0.26827
0.26804
0.2678
0.26757
0.26697
0.26638
0.26578
0.26518
0.26459
0.26399
0.2634
0.2628
0.26221
0.26161
0.26102
0.26042
0.25983
0.25923
0.25863
0.25804
0.25744
0.25685
0.25625
0.25566
0.25506
0.25447
0.25387
0.25328
0.25268
0.25208
0.25149
0.25089
0.2503
0.2497
0.24911
0.24851
0.24792
0.24732
0.24673
0.24613
0.24553
0.24494
0.24434
0.24375
0.24315
0.24256
0.24196
0.24137
0.24077
0.24018
0.23958
0.23898
0.23839
0.23779
0.2372
0.2366
0.23601
0.23541
0.23482
0.23422
0.23363
0.23303
0.23243
0.23184
0.23142
0.231
0.23058
0.23016
0.22973
0.22931
0.22889
0.22847
0.22805
0.22763
0.22721
0.22679
0.22637
0.22595
0.22552
0.2251
0.22468
0.22426
0.22384
0.22342
0.223
0.22258
0.22216
0.22174
0.22131
0.22089
0.22047
0.22005
0.21963
0.21921
0.21879
0.21837
0.21795
0.21753
0.2171
0.21668
0.21626
0.21584
0.21542
0.215
0.21458
0.21416
0.21374
0.21332
0.21289
0.21247
0.21205
0.21163
0.21121
0.21079
0.21037
0.20995
0.20953
0.20911
0.20868
0.20826
0.20784
0.20742
0.207
0.20658
0.20624
0.20591
0.20557
0.20524
0.2049
0.20457
0.20423
0.20389
0.20356
0.20322
0.20289
0.20255
0.20222
0.20188
0.20154
0.20121
0.20087
0.20054
0.2002
0.19987
0.19953
0.19919
0.19886
0.19852
0.19819
0.19785
0.19752
0.19718
0.19684
0.19651
0.19617
0.19584
0.1955
0.19517
0.19483
0.19449
0.19416
0.19382
0.19349
0.19315
0.19282
0.19248
0.19214
0.19181
0.19147
0.19114
0.1908
0.19047
0.19013
0.18979
0.18946
0.18912
0.18879
0.18845
0.18812
0.18778
0.18745
0.18711
0.18677
0.18644
0.18619
0.18593
0.18568
0.18543
0.18518
0.18493
0.18468
0.18443
0.18417
0.18392
0.18367
0.18342
0.18317
0.18292
0.18266
0.18241
0.18216
0.18191
0.18166
0.18141
0.18115
0.1809
0.18065
0.1804
0.18015
0.1799
0.17965
0.17939
0.17914
0.17889
0.17864
0.17839
0.17814
0.17788
0.17763
0.17738
0.17713
0.17688
0.17663
0.17637
0.17612
0.17587
0.17562
0.17537
0.17512
0.17486
0.17461
0.17436
0.17411
0.17386
0.17361
0.17336
0.1731
0.17285
0.1726
0.17235
0.1721
0.17185
0.17159
0.17134
0.17066
0.16998
0.1693
0.16861
0.16793
0.16725
0.16657
0.16588
0.1652
0.16452
0.16384
0.16315
0.16247
0.16179
0.16111
0.16043
0.15974
0.15906
0.15838
0.1577
0.15701
0.15633
0.15565
0.15497
0.15428
0.1536
0.15292
0.15224
0.15155
0.15087
0.15019
0.14951
0.14883
0.14814
0.14746
0.14678
0.1461
0.14541
0.14473
0.14405
0.14337
0.14268
0.142
0.14132
0.14064
0.13995
0.13927
0.13859
0.13791
0.13723
0.13654
0.13586
0.13518
0.1345
0.13381
0.13313
0.13245
0.13177
0.13108
0.1304
0.13065
0.1309
0.13114
0.13139
0.13164
0.13189
0.13214
0.13238
0.13263
0.13288
0.13313
0.13337
0.13362
0.13387
0.13412
0.13436
0.13461
0.13486
0.13511
0.13536
0.1356
0.13585
0.1361
0.13635
0.13659
0.13684
0.13709
0.13734
0.13759
0.13783
0.13808
0.13833
0.13858
0.13882
0.13907
0.13932
0.13957
0.13981
0.14006
0.14031
0.14056
0.14081
0.14105
0.1413
0.14155
0.1418
0.14204
0.14229
0.14254
0.14279
0.14303
0.14328
0.14353
0.14378
0.14403
0.14427
0.14452
0.14477
0.14502
0.14526
0.14555
0.14583
0.14611
0.14639
0.14667
0.14696
0.14724
0.14752
0.1478
0.14809
0.14837
0.14865
0.14893
0.14921
0.1495
0.14978
0.15006
0.15034
0.15062
0.15091
0.15119
0.15147
0.15175
0.15204
0.15232
0.1526
0.15288
0.15316
0.15345
0.15373
0.15401
0.15429
0.15457
0.15486
0.15514
0.15542
0.1557
0.15598
0.15627
0.15655
0.15683
0.15711
0.1574
0.15768
0.15796
0.15824
0.15852
0.15881
0.15909
0.15937
0.15965
0.15993
0.16022
0.1605
0.16078
0.16106
0.16135
0.16163
0.16191
0.16219
0.16235
0.16251
0.16266
0.16282
0.16298
0.16313
0.16329
0.16345
0.16361
0.16376
0.16392
0.16408
0.16423
0.16439
0.16455
0.16471
0.16486
0.16502
0.16518
0.16533
0.16549
0.16565
0.16581
0.16596
0.16612
0.16628
0.16643
0.16659
0.16675
0.16691
0.16706
0.16722
0.16738
0.16753
0.16769
0.16785
0.16801
0.16816
0.16832
0.16848
0.16863
0.16879
0.16895
0.1691
0.16926
0.16942
0.16958
0.16973
0.16989
0.17005
0.1702
0.17036
0.17052
0.17068
0.17083
0.17099
0.17115
0.1713
0.17146
0.17162
0.1719
0.17218
0.17246
0.17274
0.17302
0.1733
0.17358
0.17386
0.17414
0.17442
0.1747
0.17498
0.17526
0.17554
0.17582
0.1761
0.17638
0.17666
0.17694
0.17722
0.1775
0.17778
0.17806
0.17834
0.17862
0.1789
0.17918
0.17946
0.17974
0.18002
0.1803
0.18058
0.18086
0.18115
0.18143
0.18171
0.18199
0.18227
0.18255
0.18283
0.18311
0.18339
0.18367
0.18395
0.18423
0.18451
0.18479
0.18507
0.18535
0.18563
0.18591
0.18619
0.18647
0.18675
0.18703
0.18731
0.18759
0.18787
0.18815
0.18843
0.18883
0.18923
0.18962
0.19002
0.19042
0.19082
0.19122
0.19162
0.19201
0.19241
0.19281
0.19321
0.19361
0.194
0.1944
0.1948
0.1952
0.1956
0.196
0.19639
0.19679
0.19719
0.19759
0.19799
0.19839
0.19878
0.19918
0.19958
0.19998
0.20038
0.20077
0.20117
0.20157
0.20197
0.20237
0.20277
0.20316
0.20356
0.20396
0.20436
0.20476
0.20515
0.20555
0.20595
0.20635
0.20675
0.20715
0.20754
0.20794
0.20834
0.20874
0.20914
0.20953
0.20993
0.21033
0.21073
0.21113
0.21153
0.21192
0.21232
0.21273
0.21315
0.21356
0.21397
0.21438
0.21479
0.2152
0.21561
0.21603
0.21644
0.21685
0.21726
0.21767
0.21808
0.21849
0.21891
0.21932
0.21973
0.22014
0.22055
0.22096
0.22138
0.22179
0.2222
0.22261
0.22302
0.22343
0.22384
0.22426
0.22467
0.22508
0.22549
0.2259
0.22631
0.22672
0.22714
0.22755
0.22796
0.22837
0.22878
0.22919
0.2296
0.23002
0.23043
0.23084
0.23125
0.23166
0.23207
0.23249
0.2329
0.23331
0.23372
0.23413
0.23454
0.23495
0.23537
0.23578
0.23619
0.2366
0.23701
0.23727
0.23752
0.23778
0.23804
0.23829
0.23855
0.2388
0.23906
0.23931
0.23957
0.23983
0.24008
0.24034
0.24059
0.24085
0.24111
0.24136
0.24162
0.24187
0.24213
0.24238
0.24264
0.2429
0.24315
0.24341
0.24366
0.24392
0.24418
0.24443
0.24469
0.24494
0.2452
0.24545
0.24571
0.24597
0.24622
0.24648
0.24673
0.24699
0.24725
0.2475
0.24776
0.24801
0.24827
0.24852
0.24878
0.24904
0.24929
0.24955
0.2498
0.25006
0.25032
0.25057
0.25083
0.25108
0.25134
0.25159
0.25185
0.25211
0.25236
0.25264
0.25291
0.25318
0.25346
0.25373
0.25401
0.25428
0.25455
0.25483
0.2551
0.25537
0.25565
0.25592
0.2562
0.25647
0.25674
0.25702
0.25729
0.25757
0.25784
0.25811
0.25839
0.25866
0.25893
0.25921
0.25948
0.25976
0.26003
0.2603
0.26058
0.26085
0.26113
0.2614
0.26167
0.26195
0.26222
0.26249
0.26277
0.26304
0.26332
0.26359
0.26386
0.26414
0.26441
0.26469
0.26496
0.26523
0.26551
0.26578
0.26605
0.26633
0.2666
0.26688
0.26715
0.26742
0.2677
0.26797
0.26824
0.26852
0.26879
0.26862
0.26844
0.26827
0.26809
0.26792
0.26775
0.26757
0.2674
0.26722
0.26705
0.26687
0.2667
0.26652
0.26635
0.26617
0.266
0.26582
0.26565
0.26548
0.2653
0.26513
0.26495
0.26478
0.2646
0.26443
0.26425
0.26408
0.2639
0.26373
0.26356
0.26338
0.26321
0.26303
0.26286
0.26268
0.26251
0.26233
0.26216
0.26198
0.26181
0.26164
0.26146
0.26129
0.26111
0.26094
0.26076
0.26059
0.26041
0.26024
0.26006
0.25989
0.25971
0.25954
0.25937
0.25919
0.25902
0.25884
0.25867
0.25849
0.25832
0.25837
0.25842
0.25847
0.25853
0.25858
0.25863
0.25868
0.25874
0.25879
0.25884
0.25889
0.25894
0.259
0.25905
0.2591
0.25915
0.2592
0.25926
0.25931
0.25936
0.25941
0.25946
0.25952
0.25957
0.25962
0.25967
0.25973
0.25978
0.25983
0.25988
0.25993
0.25999
0.26004
0.26009
0.26014
0.26019
0.26025
0.2603
0.26035
0.2604
0.26046
0.26051
0.26056
0.26061
0.26066
0.26072
0.26077
0.26082
0.26087
0.26092
0.26098
0.26103
0.26108
0.26113
0.26118
0.26124
0.26129
0.26134
0.26139
0.26145
0.26156
0.26168
0.2618
0.26191
0.26203
0.26215
0.26226
0.26238
0.2625
0.26262
0.26273
0.26285
0.26297
0.26308
0.2632
0.26332
0.26343
0.26355
0.26367
0.26379
0.2639
0.26402
0.26414
0.26425
0.26437
0.26449
0.2646
0.26472
0.26484
0.26496
0.26507
0.26519
0.26531
0.26542
0.26554
0.26566
0.26577
0.26589
0.26601
0.26612
0.26624
0.26636
0.26648
0.26659
0.26671
0.26683
0.26694
0.26706
0.26718
0.26729
0.26741
0.26753
0.26765
0.26776
0.26788
0.268
0.26811
0.26823
0.26835
0.26846
0.2687
0.26894
0.26918
0.26942
0.26966
0.2699
0.27013
0.27037
0.27061
0.27085
0.27109
0.27133
0.27156
0.2718
0.27204
0.27228
0.27252
0.27276
0.273
0.27323
0.27347
0.27371
0.27395
0.27419
0.27443
0.27466
0.2749
0.27514
0.27538
0.27562
0.27586
0.27609
0.27633
0.27657
0.27681
0.27705
0.27729
0.27753
0.27776
0.278
0.27824
0.27848
0.27872
0.27896
0.27919
0.27943
0.27967
0.27991
0.28015
0.28039
0.28063
0.28086
0.2811
0.28134
0.28158
0.28182
0.28206
0.28229
0.28253
0.28277
0.28676
0.29074
0.29473
0.29871
0.3027
0.30669
0.31067
0.31466
0.31864
0.32263
0.32662
0.3306
0.33459
0.33857
0.34256
0.34655
0.35053
0.35452
0.3585
0.36249
0.36648
0.37046
0.37445
0.37843
0.38242
0.3864
0.39039
0.39438
0.39836
0.40235
0.40633
0.41032
0.41431
0.41829
0.42228
0.42626
0.43025
0.43424
0.43822
0.44221
0.44619
0.45018
0.45416
0.45815
0.46214
0.46612
0.47011
0.47409
0.47808
0.48207
0.48605
0.49004
0.49402
0.49801
0.502
0.50598
0.50997
0.51395
0.51794
0.52193
0.5226
0.52328
0.52395
0.52463
0.52531
0.52598
0.52666
0.52733
0.52801
0.52869
0.52936
0.53004
0.53071
0.53139
0.53207
0.53274
0.53342
0.53409
0.53477
0.53545
0.53612
0.5368
0.53747
0.53815
0.53883
0.5395
0.54018
0.54085
0.54153
0.54221
0.54288
0.54356
0.54423
0.54491
0.54559
0.54626
0.54694
0.54762
0.54829
0.54897
0.54964
0.55032
0.551
0.55167
0.55235
0.55302
0.5537
0.55438
0.55505
0.55573
0.5564
0.55708
0.55776
0.55843
0.55911
0.55978
0.56046
0.56114
0.56181
0.56249
0.56299
0.5635
0.56401
0.56451
0.56502
0.56552
0.56603
0.56654
0.56704
0.56755
0.56805
0.56856
0.56907
0.56957
0.57008
0.57058
0.57109
0.5716
0.5721
0.57261
0.57312
0.57362
0.57413
0.57463
0.57514
0.57565
0.57615
0.57666
0.57716
0.57767
0.57818
0.57868
0.57919
0.57969
0.5802
0.58071
0.58121
0.58172
0.58222
0.58273
0.58324
0.58374
0.58425
0.58475
0.58526
0.58577
0.58627
0.58678
0.58728
0.58779
0.5883
0.5888
0.58931
0.58981
0.59032
0.59083
0.59133
0.59184
0.59234
0.59285
0.59203
0.5912
0.59038
0.58955
0.58873
0.5879
0.58708
0.58625
0.58543
0.5846
0.58378
0.58295
0.58213
0.5813
0.58048
0.57965
0.57883
0.578
0.57718
0.57635
0.57553
0.5747
0.57388
0.57305
0.57223
0.5714
0.57058
0.56975
0.56893
0.5681
0.56727
0.56645
0.56562
0.5648
0.56397
0.56315
0.56232
0.5615
0.56067
0.55985
0.55902
0.5582
0.55737
0.55655
0.55572
0.5549
0.55407
0.55325
0.55242
0.5516
0.55077
0.54995
0.54912
0.5483
0.54747
0.54665
0.54582
0.545
0.54417
0.54335
0.54319
0.54303
0.54286
0.5427
0.54254
0.54238
0.54222
0.54206
0.5419
0.54173
0.54157
0.54141
0.54125
0.54109
0.54093
0.54076
0.5406
0.54044
0.54028
0.54012
0.53996
0.53979
0.53963
0.53947
0.53931
0.53915
0.53899
0.53883
0.53866
0.5385
0.53834
0.53818
0.53802
0.53786
0.53769
0.53753
0.53737
0.53721
0.53705
0.53689
0.53672
0.53656
0.5364
0.53624
0.53608
0.53592
0.53576
0.53559
0.53543
0.53527
0.53511
0.53495
0.53479
0.53462
0.53446
0.5343
0.53414
0.53398
0.53382
0.53365
0.53045
0.52725
0.52405
0.52085
0.51765
0.51445
0.51125
0.50805
0.50485
0.50165
0.49845
0.49525
0.49205
0.48885
0.48565
0.48245
0.47925
0.47605
0.47285
0.46965
0.46645
0.46325
0.46005
0.45685
0.45365
0.45045
0.44725
0.44405
0.44085
0.43765
0.43445
0.43125
0.42805
0.42485
0.42165
0.41845
0.41525
0.41205
0.40885
0.40565
0.40245
0.39925
0.39605
0.39285
0.38965
0.38645
0.38325
0.38005
0.37685
0.37365
0.37045
0.36725
0.36405
0.36085
0.35765
0.35445
0.35125
0.34805
0.34485
0.34165
0.3418
0.34195
0.3421
0.34225
0.3424
0.34255
0.3427
0.34285
0.343
0.34315
0.3433
0.34345
0.34359
0.34374
0.34389
0.34404
0.34419
0.34434
0.34449
0.34464
0.34479
0.34494
0.34509
0.34524
0.34538
0.34553
0.34568
0.34583
0.34598
0.34613
0.34628
0.34643
0.34658
0.34673
0.34688
0.34703
0.34718
0.34732
0.34747
0.34762
0.34777
0.34792
0.34807
0.34822
0.34837
0.34852
0.34867
0.34882
0.34897
0.34911
0.34926
0.34941
0.34956
0.34971
0.34986
0.35001
0.35016
0.35031
0.35046
0.35061
0.35039
0.35017
0.34996
0.34974
0.34952
0.34931
0.34909
0.34887
0.34866
0.34844
0.34822
0.34801
0.34779
0.34757
0.34736
0.34714
0.34692
0.34671
0.34649
0.34627
0.34606
0.34584
0.34562
0.34541
0.34519
0.34497
0.34476
0.34454
0.34432
0.34411
0.34389
0.34368
0.34346
0.34324
0.34303
0.34281
0.34259
0.34238
0.34216
0.34194
0.34173
0.34151
0.34129
0.34108
0.34086
0.34064
0.34043
0.34021
0.33999
0.33978
0.33956
0.33934
0.33913
0.33891
0.33869
0.33848
0.33826
0.33804
0.33783
0.33761
0.33751
0.33741
0.33732
0.33722
0.33712
0.33703
0.33693
0.33683
0.33673
0.33664
0.33654
0.33644
0.33634
0.33625
0.33615
0.33605
0.33595
0.33586
0.33576
0.33566
0.33556
0.33547
0.33537
0.33527
0.33517
0.33508
0.33498
0.33488
0.33478
0.33469
0.33459
0.33449
0.33439
0.3343
0.3342
0.3341
0.33401
0.33391
0.33381
0.33371
0.33362
0.33352
0.33342
0.33332
0.33323
0.33313
0.33303
0.33293
0.33284
0.33274
0.33264
0.33254
0.33245
0.33235
0.33225
0.33215
0.33206
0.33196
0.33186
0.33176
0.33041
0.32907
0.32772
0.32637
0.32502
0.32367
0.32232
0.32097
0.31962
0.31827
0.31692
0.31557
0.31422
0.31287
0.31152
0.31017
0.30882
0.30747
0.30612
0.30477
0.30342
0.30207
0.30072
0.29937
0.29802
0.29667
0.29532
0.29397
0.29262
0.29128
0.28993
0.28858
0.28723
0.28588
0.28453
0.28318
0.28183
0.28048
0.27913
0.27778
0.27643
0.27508
0.27373
0.27238
0.27103
0.26968
0.26833
0.26698
0.26563
0.26428
0.26293
0.26158
0.26023
0.25888
0.25753
0.25618
0.25484
0.25349
0.25214
0.25079
0.25026
0.24974
0.24921
0.24869
0.24816
0.24764
0.24711
0.24659
0.24606
0.24554
0.24501
0.24449
0.24396
0.24344
0.24291
0.24239
0.24186
0.24134
0.24081
0.24029
0.23976
0.23924
0.23871
0.23819
0.23766
0.23714
0.23661
0.23609
0.23556
0.23504
0.23451
0.23399
0.23346
0.23294
0.23241
0.23189
0.23136
0.23084
0.23031
0.22979
0.22926
0.22874
0.22821
0.22769
0.22717
0.22664
0.22612
0.22559
0.22507
0.22454
0.22402
0.22349
0.22297
0.22244
0.22192
0.22139
0.22087
0.22034
0.21982
0.21929
0.21846
0.21762
0.21679
0.21595
0.21512
0.21428
0.21345
0.21261
0.21178
0.21095
0.21011
0.20928
0.20844
0.20761
0.20677
0.20594
0.2051
0.20427
0.20343
0.2026
0.20176
0.20093
0.2001
0.19926
0.19843
0.19759
0.19676
0.19592
0.19509
0.19425
0.19342
0.19258
0.19175
0.19092
0.19008
0.18925
0.18841
0.18758
0.18674
0.18591
0.18507
0.18424
0.1834
0.18257
0.18173
0.1809
0.18007
0.17923
0.1784
0.17756
0.17673
0.17589
0.17506
0.17422
0.17339
0.17255
0.17172
0.17088
0.17005
0.16922
0.16931
0.1694
0.1695
0.16959
0.16969
0.16978
0.16988
0.16997
0.17007
0.17016
0.17025
0.17035
0.17044
0.17054
0.17063
0.17073
0.17082
0.17092
0.17101
0.1711
0.1712
0.17129
0.17139
0.17148
0.17158
0.17167
0.17177
0.17186
0.17195
0.17205
0.17214
0.17224
0.17233
0.17243
0.17252
0.17262
0.17271
0.1728
0.1729
0.17299
0.17309
0.17318
0.17328
0.17337
0.17347
0.17356
0.17365
0.17375
0.17384
0.17394
0.17403
0.17413
0.17422
0.17432
0.17441
0.1745
0.1746
0.17469
0.17479
0.17488
0.1751
0.17531
0.17553
0.17574
0.17596
0.17617
0.17639
0.17661
0.17682
0.17704
0.17725
0.17747
0.17768
0.1779
0.17811
0.17833
0.17854
0.17876
0.17897
0.17919
0.1794
0.17962
0.17984
0.18005
0.18027
0.18048
0.1807
0.18091
0.18113
0.18134
0.18156
0.18177
0.18199
0.1822
0.18242
0.18263
0.18285
0.18307
0.18328
0.1835
0.18371
0.18393
0.18414
0.18436
0.18457
0.18479
0.185
0.18522
0.18543
0.18565
0.18586
0.18608
0.1863
0.18651
0.18673
0.18694
0.18716
0.18737
0.18759
0.1878
0.18801
0.18822
0.18843
0.18863
0.18884
0.18905
0.18926
0.18947
0.18967
0.18988
0.19009
0.1903
0.1905
0.19071
0.19092
0.19113
0.19134
0.19154
0.19175
0.19196
0.19217
0.19237
0.19258
0.19279
0.193
0.19321
0.19341
0.19362
0.19383
0.19404
0.19425
0.19445
0.19466
0.19487
0.19508
0.19528
0.19549
0.1957
0.19591
0.19612
0.19632
0.19653
0.19674
0.19695
0.19715
0.19736
0.19757
0.19778
0.19799
0.19819
0.1984
0.19861
0.19882
0.19903
0.19923
0.19944
0.19965
0.19986
0.20006
0.20027
0.20038
0.20048
0.20059
0.20069
0.2008
0.2009
0.20101
0.20112
0.20122
0.20133
0.20143
0.20154
0.20164
0.20175
0.20185
0.20196
0.20206
0.20217
0.20227
0.20238
0.20249
0.20259
0.2027
0.2028
0.20291
0.20301
0.20312
0.20322
0.20333
0.20343
0.20354
0.20364
0.20375
0.20386
0.20396
0.20407
0.20417
0.20428
0.20438
0.20449
0.20459
0.2047
0.2048
0.20491
0.20502
0.20512
0.20523
0.20533
0.20544
0.20554
0.20565
0.20575
0.20586
0.20596
0.20607
0.20617
0.20628
0.20639
0.20649
0.2066
0.20673
0.20686
0.20699
0.20712
0.20725
0.20738
0.20751
0.20765
0.20778
0.20791
0.20804
0.20817
0.2083
0.20843
0.20857
0.2087
0.20883
0.20896
0.20909
0.20922
0.20935
0.20948
0.20962
0.20975
0.20988
0.21001
0.21014
0.21027
0.2104
0.21053
0.21067
0.2108
0.21093
0.21106
0.21119
0.21132
0.21145
0.21158
0.21172
0.21185
0.21198
0.21211
0.21224
0.21237
0.2125
0.21263
0.21277
0.2129
0.21303
0.21316
0.21329
0.21342
0.21355
0.21369
0.21382
0.21395
0.21408
0.21421
0.21434
0.21447
0.21457
0.21467
0.21477
0.21487
0.21496
0.21506
0.21516
0.21526
0.21536
0.21545
0.21555
0.21565
0.21575
0.21585
0.21594
0.21604
0.21614
0.21624
0.21634
0.21643
0.21653
0.21663
0.21673
0.21683
0.21692
0.21702
0.21712
0.21722
0.21732
0.21741
0.21751
0.21761
0.21771
0.21781
0.2179
0.218
0.2181
0.2182
0.2183
0.21839
0.21849
0.21859
0.21869
0.21879
0.21888
0.21898
0.21908
0.21918
0.21928
0.21937
0.21947
0.21957
0.21967
0.21977
0.21986
0.21996
0.22006
0.22016
0.22026
0.22035
0.22055
0.22074
0.22094
0.22113
0.22133
0.22152
0.22172
0.22191
0.22211
0.2223
0.2225
0.22269
0.22289
0.22308
0.22328
0.22347
0.22367
0.22386
0.22406
0.22425
0.22445
0.22464
0.22484
0.22503
0.22523
0.22542
0.22562
0.22581
0.22601
0.2262
0.2264
0.22659
0.22679
0.22698
0.22717
0.22737
0.22756
0.22776
0.22795
0.22815
0.22834
0.22854
0.22873
0.22893
0.22912
0.22932
0.22951
0.22971
0.2299
0.2301
0.23029
0.23049
0.23068
0.23088
0.23107
0.23127
0.23146
0.23166
0.23185
0.23205
0.23157
0.23109
0.23061
0.23013
0.22965
0.22917
0.22869
0.22821
0.22773
0.22725
0.22677
0.22629
0.22581
0.22533
0.22485
0.22437
0.22389
0.22341
0.22293
0.22245
0.22197
0.22149
0.22101
0.22053
0.22005
0.21957
0.21909
0.21861
0.21813
0.21765
0.21717
0.21669
0.21621
0.21573
0.21525
0.21477
0.21429
0.21381
0.21333
0.21285
0.21237
0.21189
0.21141
0.21093
0.21045
0.20997
0.20949
0.20901
0.20853
0.20805
0.20757
0.20709
0.20661
0.20613
0.20565
0.20517
0.20469
0.20421
0.20373
0.20325
0.20338
0.2035
0.20362
0.20374
0.20386
0.20398
0.20411
0.20423
0.20435
0.20447
0.20459
0.20472
0.20484
0.20496
0.20508
0.2052
0.20533
0.20545
0.20557
0.20569
0.20581
0.20594
0.20606
0.20618
0.2063
0.20642
0.20654
0.20667
0.20679
0.20691
0.20703
0.20715
0.20728
0.2074
0.20752
0.20764
0.20776
0.20789
0.20801
0.20813
0.20825
0.20837
0.2085
0.20862
0.20874
0.20886
0.20898
0.2091
0.20923
0.20935
0.20947
0.20959
0.20971
0.20984
0.20996
0.21008
0.2102
0.21032
0.21045
0.21057
0.21077
0.21096
0.21116
0.21136
0.21156
0.21175
0.21195
0.21215
0.21235
0.21254
0.21274
0.21294
0.21314
0.21333
0.21353
0.21373
0.21393
0.21412
0.21432
0.21452
0.21472
0.21491
0.21511
0.21531
0.21551
0.2157
0.2159
0.2161
0.2163
0.21649
0.21669
0.21689
0.21709
0.21728
0.21748
0.21768
0.21788
0.21807
0.21827
0.21847
0.21867
0.21886
0.21906
0.21926
0.21946
0.21966
0.21985
0.22005
0.22025
0.22045
0.22064
0.22084
0.22104
0.22124
0.22143
0.22163
0.22183
0.22203
0.22222
0.22242
0.22258
0.22275
0.22291
0.22307
0.22323
0.22339
0.22356
0.22372
0.22388
0.22404
0.2242
0.22437
0.22453
0.22469
0.22485
0.22501
0.22518
0.22534
0.2255
0.22566
0.22583
0.22599
0.22615
0.22631
0.22647
0.22664
0.2268
0.22696
0.22712
0.22728
0.22745
0.22761
0.22777
0.22793
0.2281
0.22826
0.22842
0.22858
0.22874
0.22891
0.22907
0.22923
0.22939
0.22955
0.22972
0.22988
0.23004
0.2302
0.23037
0.23053
0.23069
0.23085
0.23101
0.23118
0.23134
0.2315
0.23166
0.23182
0.23199
0.23215
0.23231
0.23246
0.23262
0.23278
0.23294
0.23309
0.23325
0.23341
0.23356
0.23372
0.23388
0.23404
0.23419
0.23435
0.23451
0.23467
0.23482
0.23498
0.23514
0.23529
0.23545
0.23561
0.23577
0.23592
0.23608
0.23624
0.2364
0.23655
0.23671
0.23687
0.23702
0.23718
0.23734
0.2375
0.23765
0.23781
0.23797
0.23813
0.23828
0.23844
0.2386
0.23875
0.23891
0.23907
0.23923
0.23938
0.23954
0.2397
0.23986
0.24001
0.24017
0.24033
0.24048
0.24064
0.2408
0.24096
0.24111
0.24127
0.24143
0.24159
0.24142
0.24126
0.2411
0.24094
0.24077
0.24061
0.24045
0.24029
0.24013
0.23996
0.2398
0.23964
0.23948
0.23931
0.23915
0.23899
0.23883
0.23866
0.2385
0.23834
0.23818
0.23802
0.23785
0.23769
0.23753
0.23737
0.2372
0.23704
0.23688
0.23672
0.23655
0.23639
0.23623
0.23607
0.23591
0.23574
0.23558
0.23542
0.23526
0.23509
0.23493
0.23477
0.23461
0.23444
0.23428
0.23412
0.23396
0.2338
0.23363
0.23347
0.23331
0.23315
0.23298
0.23282
0.23266
0.2325
0.23233
0.23217
0.23201
0.23185
0.2301
0.22836
0.22661
0.22486
0.22312
0.22137
0.21963
0.21788
0.21614
0.21439
0.21264
0.2109
0.20915
0.20741
0.20566
0.20392
0.20217
0.20042
0.19868
0.19693
0.19519
0.19344
0.1917
0.18995
0.1882
0.18646
0.18471
0.18297
0.18122
0.17948
0.17773
0.17598
0.17424
0.17249
0.17075
0.169
0.16726
0.16551
0.16376
0.16202
0.16027
0.15853
0.15678
0.15504
0.15329
0.15154
0.1498
0.14805
0.14631
0.14456
0.14282
0.14107
0.13932
0.13758
0.13583
0.13409
0.13234
0.1306
0.12885
0.1271
0.12724
0.12737
0.1275
0.12763
0.12777
0.1279
0.12803
0.12817
0.1283
0.12843
0.12856
0.1287
0.12883
0.12896
0.12909
0.12923
0.12936
0.12949
0.12963
0.12976
0.12989
0.13002
0.13016
0.13029
0.13042
0.13055
0.13069
0.13082
0.13095
0.13108
0.13122
0.13135
0.13148
0.13162
0.13175
0.13188
0.13201
0.13215
0.13228
0.13241
0.13254
0.13268
0.13281
0.13294
0.13307
0.13321
0.13334
0.13347
0.13361
0.13374
0.13387
0.134
0.13414
0.13427
0.1344
0.13453
0.13467
0.1348
0.13493
0.13507
0.1351
0.13514
0.13518
0.13522
0.13526
0.1353
0.13534
0.13538
0.13542
0.13546
0.1355
0.13554
0.13558
0.13562
0.13566
0.1357
0.13574
0.13577
0.13581
0.13585
0.13589
0.13593
0.13597
0.13601
0.13605
0.13609
0.13613
0.13617
0.13621
0.13625
0.13629
0.13633
0.13637
0.13641
0.13645
0.13648
0.13652
0.13656
0.1366
0.13664
0.13668
0.13672
0.13676
0.1368
0.13684
0.13688
0.13692
0.13696
0.137
0.13704
0.13708
0.13712
0.13715
0.13719
0.13723
0.13727
0.13731
0.13735
0.13739
0.13743
0.13735
0.13728
0.1372
0.13712
0.13705
0.13697
0.13689
0.13682
0.13674
0.13666
0.13658
0.13651
0.13643
0.13635
0.13628
0.1362
0.13612
0.13605
0.13597
0.13589
0.13582
0.13574
0.13566
0.13558
0.13551
0.13543
0.13535
0.13528
0.1352
0.13512
0.13505
0.13497
0.13489
0.13482
0.13474
0.13466
0.13458
0.13451
0.13443
0.13435
0.13428
0.1342
0.13412
0.13405
0.13397
0.13389
0.13382
0.13374
0.13366
0.13359
0.13351
0.13343
0.13335
0.13328
0.1332
0.13312
0.13305
0.13297
0.13289
0.13282
0.13274
0.13266
0.13259
0.13251
0.13244
0.13236
0.13228
0.13221
0.13213
0.13206
0.13198
0.1319
0.13183
0.13175
0.13168
0.1316
0.13152
0.13145
0.13137
0.1313
0.13122
0.13115
0.13107
0.13099
0.13092
0.13084
0.13077
0.13069
0.13061
0.13054
0.13046
0.13039
0.13031
0.13023
0.13016
0.13008
0.13001
0.12993
0.12985
0.12978
0.1297
0.12963
0.12955
0.12947
0.1294
0.12932
0.12925
0.12917
0.12909
0.12902
0.12894
0.12887
0.12879
0.12871
0.12864
0.12856
0.12849
0.12841
0.12833
0.12826
0.12796
0.12765
0.12735
0.12705
0.12674
0.12644
0.12614
0.12583
0.12553
0.12523
0.12492
0.12462
0.12432
0.12401
0.12371
0.12341
0.1231
0.1228
0.1225
0.12219
0.12189
0.12159
0.12128
0.12098
0.12068
0.12037
0.12007
0.11977
0.11946
0.11916
0.11886
0.11855
0.11825
0.11795
0.11764
0.11734
0.11704
0.11673
0.11643
0.11613
0.11582
0.11552
0.11522
0.11491
0.11461
0.11431
0.114
0.1137
0.1134
0.11309
0.11279
0.11249
0.11218
0.11188
0.11158
0.11127
0.11097
0.11067
0.11036
0.11006
0.11023
0.11039
0.11056
0.11073
0.11089
0.11106
0.11123
0.11139
0.11156
0.11173
0.11189
0.11206
0.11222
0.11239
0.11256
0.11272
0.11289
0.11306
0.11322
0.11339
0.11356
0.11372
0.11389
0.11405
0.11422
0.11439
0.11455
0.11472
0.11489
0.11505
0.11522
0.11539
0.11555
0.11572
0.11588
0.11605
0.11622
0.11638
0.11655
0.11672
0.11688
0.11705
0.11722
0.11738
0.11755
0.11771
0.11788
0.11805
0.11821
0.11838
0.11855
0.11871
0.11888
0.11905
0.11921
0.11938
0.11954
0.11971
0.11988
0.12004
0.12039
0.12073
0.12108
0.12142
0.12177
0.12212
0.12246
0.12281
0.12315
0.1235
0.12384
0.12419
0.12453
0.12488
0.12522
0.12557
0.12591
0.12626
0.1266
0.12695
0.1273
0.12764
0.12799
0.12833
0.12868
0.12902
0.12937
0.12971
0.13006
0.1304
0.13075
0.13109
0.13144
0.13178
0.13213
0.13247
0.13282
0.13317
0.13351
0.13386
0.1342
0.13455
0.13489
0.13524
0.13558
0.13593
0.13627
0.13662
0.13696
0.13731
0.13765
0.138
0.13834
0.13869
0.13904
0.13938
0.13973
0.14007
0.14042
0.14076
0.14126
0.14177
0.14227
0.14277
0.14328
0.14378
0.14428
0.14478
0.14529
0.14579
0.14629
0.1468
0.1473
0.1478
0.14831
0.14881
0.14931
0.14981
0.15032
0.15082
0.15132
0.15183
0.15233
0.15283
0.15333
0.15384
0.15434
0.15484
0.15535
0.15585
0.15635
0.15685
0.15736
0.15786
0.15836
0.15887
0.15937
0.15987
0.16037
0.16088
0.16138
0.16188
0.16239
0.16289
0.16339
0.16389
0.1644
0.1649
0.1654
0.16591
0.16641
0.16691
0.16742
0.16792
0.16842
0.16892
0.16943
0.16993
0.17043
0.17094
0.1706
0.17026
0.16992
0.16958
0.16925
0.16891
0.16857
0.16823
0.16789
0.16755
0.16722
0.16688
0.16654
0.1662
0.16586
0.16553
0.16519
0.16485
0.16451
0.16417
0.16384
0.1635
0.16316
0.16282
0.16248
0.16215
0.16181
0.16147
0.16113
0.16079
0.16046
0.16012
0.15978
0.15944
0.1591
0.15876
0.15843
0.15809
0.15775
0.15741
0.15707
0.15674
0.1564
0.15606
0.15572
0.15538
0.15505
0.15471
0.15437
0.15403
0.15369
0.15336
0.15302
0.15268
0.15234
0.152
0.15167
0.15133
0.15099
0.15065
0.1508
0.15095
0.1511
0.15126
0.15141
0.15156
0.15171
0.15186
0.15201
0.15216
0.15231
0.15247
0.15262
0.15277
0.15292
0.15307
0.15322
0.15337
0.15352
0.15367
0.15383
0.15398
0.15413
0.15428
0.15443
0.15458
0.15473
0.15488
0.15504
0.15519
0.15534
0.15549
0.15564
0.15579
0.15594
0.15609
0.15624
0.1564
0.15655
0.1567
0.15685
0.157
0.15715
0.1573
0.15745
0.15761
0.15776
0.15791
0.15806
0.15821
0.15836
0.15851
0.15866
0.15882
0.15897
0.15912
0.15927
0.15942
0.15957
0.15972
0.15989
0.16006
0.16022
0.16039
0.16055
0.16072
0.16089
0.16105
0.16122
0.16139
0.16155
0.16172
0.16189
0.16205
0.16222
0.16239
0.16255
0.16272
0.16289
0.16305
0.16322
0.16339
0.16355
0.16372
0.16389
0.16405
0.16422
0.16438
0.16455
0.16472
0.16488
0.16505
0.16522
0.16538
0.16555
0.16572
0.16588
0.16605
0.16622
0.16638
0.16655
0.16672
0.16688
0.16705
0.16722
0.16738
0.16755
0.16772
0.16788
0.16805
0.16821
0.16838
0.16855
0.16871
0.16888
0.16905
0.16921
0.16938
0.16955
0.16971
0.16977
0.16982
0.16988
0.16994
0.16999
0.17005
0.1701
0.17016
0.17021
0.17027
0.17032
0.17038
0.17043
0.17049
0.17054
0.1706
0.17066
0.17071
0.17077
0.17082
0.17088
0.17093
0.17099
0.17104
0.1711
0.17115
0.17121
0.17127
0.17132
0.17138
0.17143
0.17149
0.17154
0.1716
0.17165
0.17171
0.17176
0.17182
0.17187
0.17193
0.17199
0.17204
0.1721
0.17215
0.17221
0.17226
0.17232
0.17237
0.17243
0.17248
0.17254
0.1726
0.17265
0.17271
0.17276
0.17282
0.17287
0.17293
0.17298
0.17304
0.17292
0.1728
0.17268
0.17257
0.17245
0.17233
0.17221
0.17209
0.17197
0.17186
0.17174
0.17162
0.1715
0.17138
0.17126
0.17114
0.17103
0.17091
0.17079
0.17067
0.17055
0.17043
0.17032
0.1702
0.17008
0.16996
0.16984
0.16972
0.16961
0.16949
0.16937
0.16925
0.16913
0.16901
0.1689
0.16878
0.16866
0.16854
0.16842
0.1683
0.16819
0.16807
0.16795
0.16783
0.16771
0.16759
0.16748
0.16736
0.16724
0.16712
0.167
0.16688
0.16677
0.16665
0.16653
0.16641
0.16629
0.16617
0.16606
0.16594
0.16588
0.16582
0.16576
0.1657
0.16564
0.16559
0.16553
0.16547
0.16541
0.16535
0.16529
0.16523
0.16518
0.16512
0.16506
0.165
0.16494
0.16488
0.16482
0.16477
0.16471
0.16465
0.16459
0.16453
0.16447
0.16442
0.16436
0.1643
0.16424
0.16418
0.16412
0.16406
0.16401
0.16395
0.16389
0.16383
0.16377
0.16371
0.16365
0.1636
0.16354
0.16348
0.16342
0.16336
0.1633
0.16324
0.16319
0.16313
0.16307
0.16301
0.16295
0.16289
0.16284
0.16278
0.16272
0.16266
0.1626
0.16254
0.16248
0.16243
0.16256
0.16269
0.16282
0.16295
0.16308
0.16322
0.16335
0.16348
0.16361
0.16374
0.16388
0.16401
0.16414
0.16427
0.1644
0.16453
0.16467
0.1648
0.16493
0.16506
0.16519
0.16533
0.16546
0.16559
0.16572
0.16585
0.16598
0.16612
0.16625
0.16638
0.16651
0.16664
0.16677
0.16691
0.16704
0.16717
0.1673
0.16743
0.16757
0.1677
0.16783
0.16796
0.16809
0.16822
0.16836
0.16849
0.16862
0.16875
0.16888
0.16902
0.16915
0.16928
0.16941
0.16954
0.16967
0.16981
0.16994
0.17007
0.1702
0.17033
0.16937
0.16841
0.16745
0.16649
0.16553
0.16457
0.16361
0.16265
0.16169
0.16073
0.15977
0.15881
0.15785
0.15689
0.15593
0.15497
0.15401
0.15305
0.15209
0.15113
0.15017
0.14921
0.14825
0.14729
0.14633
0.14537
0.14441
0.14345
0.14249
0.14153
0.14057
0.13961
0.13865
0.13769
0.13673
0.13577
0.13481
0.13385
0.13289
0.13194
0.13098
0.13002
0.12906
0.1281
0.12714
0.12618
0.12522
0.12426
0.1233
0.12234
0.12138
0.12042
0.11946
0.1185
0.11754
0.11658
0.11562
0.11466
0.1137
0.11274
0.11257
0.1124
0.11223
0.11206
0.11189
0.11172
0.11155
0.11138
0.11121
0.11104
0.11087
0.1107
0.11054
0.11037
0.1102
0.11003
0.10986
0.10969
0.10952
0.10935
0.10918
0.10901
0.10884
0.10867
0.1085
0.10834
0.10817
0.108
0.10783
0.10766
0.10749
0.10732
0.10715
0.10698
0.10681
0.10664
0.10647
0.1063
0.10613
0.10597
0.1058
0.10563
0.10546
0.10529
0.10512
0.10495
0.10478
0.10461
0.10444
0.10427
0.1041
0.10393
0.10377
0.1036
0.10343
0.10326
0.10309
0.10292
0.10275
0.10258
0.10255
0.10251
0.10248
0.10244
0.10241
0.10237
0.10234
0.1023
0.10227
0.10224
0.1022
0.10217
0.10213
0.1021
0.10206
0.10203
0.10199
0.10196
0.10193
0.10189
0.10186
0.10182
0.10179
0.10175
0.10172
0.10168
0.10165
0.10162
0.10158
0.10155
0.10151
0.10148
0.10144
0.10141
0.10137
0.10134
0.10131
0.10127
0.10124
0.1012
0.10117
0.10113
0.1011
0.10106
0.10103
0.101
0.10096
0.10093
0.10089
0.10086
0.10082
0.10079
0.10075
0.10072
0.10069
0.10065
0.10062
0.10058
0.10055
0.10051
0.10023
0.099951
0.09967
0.099389
0.099108
0.098827
0.098546
0.098265
0.097984
0.097704
0.097423
0.097142
0.096861
0.09658
0.096299
0.096018
0.095737
0.095456
0.095175
0.094894
0.094613
0.094332
0.094051
0.09377
0.093489
0.093208
0.092927
0.092646
0.092365
0.092085
0.091804
0.091523
0.091242
0.090961
0.09068
0.090399
0.090118
0.089837
0.089556
0.089275
0.088994
0.088713
0.088432
0.088151
0.08787
0.087589
0.087308
0.087027
0.086746
0.086465
0.086185
0.085904
0.085623
0.085342
0.085061
0.08478
0.084499
0.084218
0.083937
0.083656
0.083425
0.083195
0.082964
0.082733
0.082503
0.082272
0.082041
0.08181
0.08158
0.081349
0.081118
0.080888
0.080657
0.080426
0.080196
0.079965
0.079734
0.079504
0.079273
0.079042
0.078811
0.078581
0.07835
0.078119
0.077889
0.077658
0.077427
0.077197
0.076966
0.076735
0.076505
0.076274
0.076043
0.075812
0.075582
0.075351
0.07512
0.07489
0.074659
0.074428
0.074198
0.073967
0.073736
0.073506
0.073275
0.073044
0.072814
0.072583
0.072352
0.072121
0.071891
0.07166
0.071429
0.071199
0.070968
0.070737
0.070507
0.070276
0.070045
0.069815
0.069823
0.069831
0.069839
0.069846
0.069854
0.069862
0.06987
0.069878
0.069886
0.069894
0.069902
0.06991
0.069918
0.069926
0.069934
0.069942
0.06995
0.069958
0.069966
0.069974
0.069982
0.06999
0.069998
0.070006
0.070014
0.070022
0.07003
0.070038
0.070046
0.070054
0.070062
0.07007
0.070078
0.070086
0.070094
0.070102
0.07011
0.070118
0.070126
0.070134
0.070142
0.07015
0.070158
0.070166
0.070174
0.070182
0.07019
0.070198
0.070206
0.070214
0.070222
0.07023
0.070238
0.070246
0.070254
0.070262
0.07027
0.070278
0.070286
0.070294
0.07043
0.070565
0.070701
0.070836
0.070972
0.071107
0.071242
0.071378
0.071513
0.071649
0.071784
0.07192
0.072055
0.072191
0.072326
0.072462
0.072597
0.072732
0.072868
0.073003
0.073139
0.073274
0.07341
0.073545
0.073681
0.073816
0.073952
0.074087
0.074223
0.074358
0.074493
0.074629
0.074764
0.0749
0.075035
0.075171
0.075306
0.075442
0.075577
0.075713
0.075848
0.075983
0.076119
0.076254
0.07639
0.076525
0.076661
0.076796
0.076932
0.077067
0.077203
0.077338
0.077474
0.077609
0.077744
0.07788
0.078015
0.078151
0.078286
0.078422
0.078894
0.079366
0.079837
0.080309
0.080781
0.081253
0.081725
0.082197
0.082669
0.083141
0.083613
0.084085
0.084556
0.085028
0.0855
0.085972
0.086444
0.086916
0.087388
0.08786
0.088332
0.088804
0.089275
0.089747
0.090219
0.090691
0.091163
0.091635
0.092107
0.092579
0.093051
0.093523
0.093994
0.094466
0.094938
0.09541
0.095882
0.096354
0.096826
0.097298
0.09777
0.098242
0.098713
0.099185
0.099657
0.10013
0.1006
0.10107
0.10154
0.10202
0.10249
0.10296
0.10343
0.1039
0.10438
0.10485
0.10532
0.10579
0.10626
0.10674
0.10721
0.10769
0.10816
0.10864
0.10911
0.10959
0.11006
0.11054
0.11102
0.11149
0.11197
0.11244
0.11292
0.11339
0.11387
0.11434
0.11482
0.1153
0.11577
0.11625
0.11672
0.1172
0.11767
0.11815
0.11862
0.1191
0.11958
0.12005
0.12053
0.121
0.12148
0.12195
0.12243
0.1229
0.12338
0.12386
0.12433
0.12481
0.12528
0.12576
0.12623
0.12671
0.12718
0.12766
0.12813
0.12861
0.12909
0.12956
0.13004
0.13051
0.13099
0.13146
0.13194
0.13241
0.13289
0.13337
0.13384
0.13432
0.13479
0.13527
0.13542
0.13558
0.13574
0.13589
0.13605
0.1362
0.13636
0.13651
0.13667
0.13683
0.13698
0.13714
0.13729
0.13745
0.13761
0.13776
0.13792
0.13807
0.13823
0.13838
0.13854
0.1387
0.13885
0.13901
0.13916
0.13932
0.13948
0.13963
0.13979
0.13994
0.1401
0.14025
0.14041
0.14057
0.14072
0.14088
0.14103
0.14119
0.14135
0.1415
0.14166
0.14181
0.14197
0.14212
0.14228
0.14244
0.14259
0.14275
0.1429
0.14306
0.14321
0.14337
0.14353
0.14368
0.14384
0.14399
0.14415
0.14431
0.14446
0.14462
0.14467
0.14472
0.14478
0.14483
0.14489
0.14494
0.14499
0.14505
0.1451
0.14515
0.14521
0.14526
0.14531
0.14537
0.14542
0.14548
0.14553
0.14558
0.14564
0.14569
0.14574
0.1458
0.14585
0.1459
0.14596
0.14601
0.14607
0.14612
0.14617
0.14623
0.14628
0.14633
0.14639
0.14644
0.14649
0.14655
0.1466
0.14665
0.14671
0.14676
0.14682
0.14687
0.14692
0.14698
0.14703
0.14708
0.14714
0.14719
0.14724
0.1473
0.14735
0.14741
0.14746
0.14751
0.14757
0.14762
0.14767
0.14773
0.14778
0.14783
0.14784
0.14785
0.14785
0.14786
0.14786
0.14787
0.14787
0.14788
0.14788
0.14789
0.14789
0.1479
0.14791
0.14791
0.14792
0.14792
0.14793
0.14793
0.14794
0.14794
0.14795
0.14795
0.14796
0.14797
0.14797
0.14798
0.14798
0.14799
0.14799
0.148
0.148
0.14801
0.14801
0.14802
0.14803
0.14803
0.14804
0.14804
0.14805
0.14805
0.14806
0.14806
0.14807
0.14808
0.14808
0.14809
0.14809
0.1481
0.1481
0.14811
0.14811
0.14812
0.14812
0.14813
0.14814
0.14814
0.14815
0.14815
0.14816
0.14816
0.1481
0.14805
0.14799
0.14793
0.14787
0.14782
0.14776
0.1477
0.14764
0.14758
0.14753
0.14747
0.14741
0.14735
0.14729
0.14724
0.14718
0.14712
0.14706
0.147
0.14695
0.14689
0.14683
0.14677
0.14672
0.14666
0.1466
0.14654
0.14648
0.14643
0.14637
0.14631
0.14625
0.14619
0.14614
0.14608
0.14602
0.14596
0.1459
0.14585
0.14579
0.14573
0.14567
0.14562
0.14556
0.1455
0.14544
0.14538
0.14533
0.14527
0.14521
0.14515
0.14509
0.14504
0.14498
0.14492
0.14486
0.1448
0.14475
0.14469
0.14457
0.14444
0.14432
0.1442
0.14407
0.14395
0.14383
0.1437
0.14358
0.14346
0.14334
0.14321
0.14309
0.14297
0.14284
0.14272
0.1426
0.14247
0.14235
0.14223
0.1421
0.14198
0.14186
0.14174
0.14161
0.14149
0.14137
0.14124
0.14112
0.141
0.14087
0.14075
0.14063
0.1405
0.14038
0.14026
0.14014
0.14001
0.13989
0.13977
0.13964
0.13952
0.1394
0.13927
0.13915
0.13903
0.1389
0.13878
0.13866
0.13854
0.13841
0.13829
0.13817
0.13804
0.13792
0.1378
0.13767
0.13755
0.13743
0.1373
0.13722
0.13713
0.13704
0.13695
0.13686
0.13678
0.13669
0.1366
0.13651
0.13642
0.13634
0.13625
0.13616
0.13607
0.13598
0.13589
0.13581
0.13572
0.13563
0.13554
0.13545
0.13537
0.13528
0.13519
0.1351
0.13501
0.13492
0.13484
0.13475
0.13466
0.13457
0.13448
0.1344
0.13431
0.13422
0.13413
0.13404
0.13395
0.13387
0.13378
0.13369
0.1336
0.13351
0.13343
0.13334
0.13325
0.13316
0.13307
0.13299
0.1329
0.13281
0.13272
0.13263
0.13254
0.13246
0.13237
0.13228
0.13219
0.1321
0.13202
0.13194
0.13187
0.1318
0.13173
0.13166
0.13159
0.13152
0.13145
0.13138
0.13131
0.13124
0.13117
0.1311
0.13103
0.13096
0.13089
0.13081
0.13074
0.13067
0.1306
0.13053
0.13046
0.13039
0.13032
0.13025
0.13018
0.13011
0.13004
0.12997
0.1299
0.12983
0.12976
0.12968
0.12961
0.12954
0.12947
0.1294
0.12933
0.12926
0.12919
0.12912
0.12905
0.12898
0.12891
0.12884
0.12877
0.1287
0.12863
0.12855
0.12848
0.12841
0.12834
0.12827
0.1282
0.12813
0.12806
0.12799
0.12792
0.12785
0.12778
0.12792
0.12806
0.1282
0.12834
0.12848
0.12862
0.12876
0.1289
0.12904
0.12918
0.12932
0.12946
0.1296
0.12974
0.12988
0.13002
0.13016
0.1303
0.13044
0.13058
0.13071
0.13085
0.13099
0.13113
0.13127
0.13141
0.13155
0.13169
0.13183
0.13197
0.13211
0.13225
0.13239
0.13253
0.13267
0.13281
0.13295
0.13309
0.13323
0.13337
0.13351
0.13365
0.13379
0.13393
0.13407
0.13421
0.13435
0.13449
0.13463
0.13477
0.13491
0.13505
0.13519
0.13533
0.13547
0.13561
0.13575
0.13589
0.13603
0.13617
0.13631
0.13646
0.13661
0.13675
0.1369
0.13704
0.13719
0.13734
0.13748
0.13763
0.13777
0.13792
0.13806
0.13821
0.13836
0.1385
0.13865
0.13879
0.13894
0.13909
0.13923
0.13938
0.13952
0.13967
0.13982
0.13996
0.14011
0.14025
0.1404
0.14054
0.14069
0.14084
0.14098
0.14113
0.14127
0.14142
0.14157
0.14171
0.14186
0.142
0.14215
0.14229
0.14244
0.14259
0.14273
0.14288
0.14302
0.14317
0.14332
0.14346
0.14361
0.14375
0.1439
0.14404
0.14419
0.14434
0.14448
0.14463
0.14477
0.14492
0.14505
0.14518
0.14532
0.14545
0.14558
0.14571
0.14584
0.14597
0.14611
0.14624
0.14637
0.1465
0.14663
0.14677
0.1469
0.14703
0.14716
0.14729
0.14742
0.14756
0.14769
0.14782
0.14795
0.14808
0.14822
0.14835
0.14848
0.14861
0.14874
0.14888
0.14901
0.14914
0.14927
0.1494
0.14953
0.14967
0.1498
0.14993
0.15006
0.15019
0.15033
0.15046
0.15059
0.15072
0.15085
0.15098
0.15112
0.15125
0.15138
0.15151
0.15164
0.15178
0.15191
0.15204
0.15217
0.1523
0.15243
0.15257
0.1527
0.15283
0.15289
0.15295
0.15302
0.15308
0.15314
0.1532
0.15327
0.15333
0.15339
0.15345
0.15351
0.15358
0.15364
0.1537
0.15376
0.15382
0.15389
0.15395
0.15401
0.15407
0.15413
0.1542
0.15426
0.15432
0.15438
0.15444
0.15451
0.15457
0.15463
0.15469
0.15475
0.15482
0.15488
0.15494
0.155
0.15507
0.15513
0.15519
0.15525
0.15531
0.15538
0.15544
0.1555
0.15556
0.15562
0.15569
0.15575
0.15581
0.15587
0.15593
0.156
0.15606
0.15612
0.15618
0.15624
0.15631
0.15637
0.15643
0.15649
0.15655
0.1566
0.15665
0.1567
0.15675
0.1568
0.15685
0.1569
0.15695
0.157
0.15705
0.1571
0.15715
0.1572
0.15725
0.1573
0.15735
0.1574
0.15745
0.1575
0.15755
0.1576
0.15765
0.1577
0.15775
0.1578
0.15785
0.1579
0.15795
0.158
0.15805
0.1581
0.15815
0.1582
0.15825
0.1583
0.15835
0.1584
0.15845
0.1585
0.15855
0.1586
0.15865
0.1587
0.15875
0.1588
0.15885
0.1589
0.15895
0.159
0.15905
0.1591
0.15915
0.1592
0.15925
0.1593
0.15935
0.1594
0.15945
0.1595
0.15955
0.15952
0.1595
0.15947
0.15944
0.15942
0.15939
0.15937
0.15934
0.15931
0.15929
0.15926
0.15923
0.15921
0.15918
0.15915
0.15913
0.1591
0.15907
0.15905
0.15902
0.15899
0.15897
0.15894
0.15891
0.15889
0.15886
0.15883
0.15881
0.15878
0.15875
0.15873
0.1587
0.15867
0.15865
0.15862
0.15859
0.15857
0.15854
0.15851
0.15849
0.15846
0.15844
0.15841
0.15838
0.15836
0.15833
0.1583
0.15828
0.15825
0.15822
0.1582
0.15817
0.15814
0.15812
0.15809
0.15806
0.15804
0.15801
0.15798
0.15796
0.15771
0.15747
0.15722
0.15697
0.15673
0.15648
0.15624
0.15599
0.15574
0.1555
0.15525
0.15501
0.15476
0.15452
0.15427
0.15402
0.15378
0.15353
0.15329
0.15304
0.15279
0.15255
0.1523
0.15206
0.15181
0.15157
0.15132
0.15107
0.15083
0.15058
0.15034
0.15009
0.14984
0.1496
0.14935
0.14911
0.14886
0.14862
0.14837
0.14812
0.14788
0.14763
0.14739
0.14714
0.14689
0.14665
0.1464
0.14616
0.14591
0.14567
0.14542
0.14517
0.14493
0.14468
0.14444
0.14419
0.14394
0.1437
0.14345
0.14321
0.14309
0.14297
0.14285
0.14274
0.14262
0.1425
0.14238
0.14227
0.14215
0.14203
0.14191
0.1418
0.14168
0.14156
0.14144
0.14133
0.14121
0.14109
0.14097
0.14085
0.14074
0.14062
0.1405
0.14038
0.14027
0.14015
0.14003
0.13991
0.1398
0.13968
0.13956
0.13944
0.13933
0.13921
0.13909
0.13897
0.13886
0.13874
0.13862
0.1385
0.13839
0.13827
0.13815
0.13803
0.13791
0.1378
0.13768
0.13756
0.13744
0.13733
0.13721
0.13709
0.13697
0.13686
0.13674
0.13662
0.1365
0.13639
0.13627
0.13615
0.13612
0.13608
0.13605
0.13601
0.13598
0.13594
0.13591
0.13587
0.13583
0.1358
0.13576
0.13573
0.13569
0.13566
0.13562
0.13559
0.13555
0.13552
0.13548
0.13545
0.13541
0.13538
0.13534
0.13531
0.13527
0.13524
0.1352
0.13517
0.13513
0.1351
0.13506
0.13503
0.13499
0.13496
0.13492
0.13489
0.13485
0.13482
0.13478
0.13475
0.13471
0.13468
0.13464
0.13461
0.13457
0.13454
0.1345
0.13447
0.13443
0.1344
0.13436
0.13433
0.13429
0.13426
0.13422
0.13419
0.13415
0.13412
0.13408
0.13405
0.13412
0.13419
0.13426
0.13433
0.13441
0.13448
0.13455
0.13462
0.13469
0.13477
0.13484
0.13491
0.13498
0.13505
0.13513
0.1352
0.13527
0.13534
0.13541
0.13549
0.13556
0.13563
0.1357
0.13577
0.13585
0.13592
0.13599
0.13606
0.13613
0.13621
0.13628
0.13635
0.13642
0.13649
0.13657
0.13664
0.13671
0.13678
0.13685
0.13693
0.137
0.13707
0.13714
0.13721
0.13729
0.13736
0.13743
0.1375
0.13757
0.13765
0.13772
0.13779
0.13786
0.13793
0.13801
0.13808
0.13815
0.13822
0.13829
0.13837
0.13844
0.13852
0.1386
0.13867
0.13875
0.13883
0.13891
0.13898
0.13906
0.13914
0.13922
0.13929
0.13937
0.13945
0.13953
0.1396
0.13968
0.13976
0.13984
0.13991
0.13999
0.14007
0.14015
0.14022
0.1403
0.14038
0.14046
0.14053
0.14061
0.14069
0.14077
0.14084
0.14092
0.141
0.14108
0.14115
0.14123
0.14131
0.14139
0.14146
0.14154
0.14162
0.1417
0.14177
0.14185
0.14193
0.14201
0.14208
0.14216
0.14224
0.14232
0.14239
0.14247
0.14255
0.14262
0.1427
0.14278
0.14286
0.14293
0.14301
0.14307
0.14313
0.14319
0.14325
0.14331
0.14337
0.14343
0.14349
0.14355
0.14361
0.14367
0.14373
0.14379
0.14385
0.14391
0.14397
0.14403
0.14409
0.14416
0.14422
0.14428
0.14434
0.1444
0.14446
0.14452
0.14458
0.14464
0.1447
0.14476
0.14482
0.14488
0.14494
0.145
0.14506
0.14512
0.14518
0.14524
0.1453
0.14536
0.14542
0.14548
0.14554
0.1456
0.14566
0.14572
0.14578
0.14584
0.1459
0.14596
0.14602
0.14608
0.14614
0.1462
0.14626
0.14632
0.14638
0.14644
0.1465
0.14656
0.14662
0.14662
0.14663
0.14663
0.14663
0.14664
0.14664
0.14664
0.14665
0.14665
0.14665
0.14666
0.14666
0.14666
0.14667
0.14667
0.14667
0.14668
0.14668
0.14668
0.14669
0.14669
0.14669
0.1467
0.1467
0.1467
0.14671
0.14671
0.14671
0.14672
0.14672
0.14672
0.14673
0.14673
0.14673
0.14674
0.14674
0.14674
0.14675
0.14675
0.14675
0.14676
0.14676
0.14676
0.14677
0.14677
0.14677
0.14678
0.14678
0.14678
0.14679
0.14679
0.14679
0.1468
0.1468
0.1468
0.14681
0.14681
0.14681
0.14682
0.14682
0.14692
0.14702
0.14712
0.14722
0.14733
0.14743
0.14753
0.14763
0.14773
0.14783
0.14793
0.14803
0.14813
0.14823
0.14833
0.14843
0.14853
0.14864
0.14874
0.14884
0.14894
0.14904
0.14914
0.14924
0.14934
0.14944
0.14954
0.14964
0.14974
0.14984
0.14995
0.15005
0.15015
0.15025
0.15035
0.15045
0.15055
0.15065
0.15075
0.15085
0.15095
0.15105
0.15115
0.15126
0.15136
0.15146
0.15156
0.15166
0.15176
0.15186
0.15196
0.15206
0.15216
0.15226
0.15236
0.15246
0.15257
0.15267
0.15277
0.15287
0.15324
0.15361
0.15398
0.15435
0.15472
0.15509
0.15546
0.15583
0.1562
0.15657
0.15694
0.15731
0.15768
0.15805
0.15842
0.1588
0.15917
0.15954
0.15991
0.16028
0.16065
0.16102
0.16139
0.16176
0.16213
0.1625
0.16287
0.16324
0.16361
0.16398
0.16435
0.16472
0.16509
0.16546
0.16583
0.1662
0.16658
0.16695
0.16732
0.16769
0.16806
0.16843
0.1688
0.16917
0.16954
0.16991
0.17028
0.17065
0.17102
0.17139
0.17176
0.17213
0.1725
0.17287
0.17324
0.17361
0.17398
0.17436
0.17473
0.1751
0.1754
0.17571
0.17601
0.17632
0.17662
0.17693
0.17723
0.17754
0.17784
0.17815
0.17845
0.17875
0.17906
0.17936
0.17967
0.17997
0.18028
0.18058
0.18089
0.18119
0.1815
0.1818
0.18211
0.18241
0.18272
0.18302
0.18333
0.18363
0.18394
0.18424
0.18455
0.18485
0.18516
0.18546
0.18577
0.18607
0.18638
0.18668
0.18699
0.18729
0.1876
0.1879
0.18821
0.18851
0.18882
0.18912
0.18942
0.18973
0.19003
0.19034
0.19064
0.19095
0.19125
0.19156
0.19186
0.19217
0.19247
0.19278
0.19308
0.19339
0.19387
0.19434
0.19482
0.1953
0.19578
0.19626
0.19673
0.19721
0.19769
0.19817
0.19865
0.19912
0.1996
0.20008
0.20056
0.20104
0.20151
0.20199
0.20247
0.20295
0.20343
0.2039
0.20438
0.20486
0.20534
0.20582
0.20629
0.20677
0.20725
0.20773
0.20821
0.20868
0.20916
0.20964
0.21012
0.2106
0.21107
0.21155
0.21203
0.21251
0.21298
0.21346
0.21394
0.21442
0.2149
0.21537
0.21585
0.21633
0.21681
0.21729
0.21776
0.21824
0.21872
0.2192
0.21968
0.22015
0.22063
0.22111
0.22159
0.22207
0.22221
0.22236
0.2225
0.22265
0.22279
0.22294
0.22309
0.22323
0.22338
0.22352
0.22367
0.22381
0.22396
0.22411
0.22425
0.2244
0.22454
0.22469
0.22483
0.22498
0.22512
0.22527
0.22542
0.22556
0.22571
0.22585
0.226
0.22614
0.22629
0.22644
0.22658
0.22673
0.22687
0.22702
0.22716
0.22731
0.22746
0.2276
0.22775
0.22789
0.22804
0.22818
0.22833
0.22847
0.22862
0.22877
0.22891
0.22906
0.2292
0.22935
0.22949
0.22964
0.22979
0.22993
0.23008
0.23022
0.23037
0.23051
0.23066
0.2308
0.23073
0.23066
0.23059
0.23052
0.23045
0.23038
0.23031
0.23024
0.23017
0.2301
0.23003
0.22996
0.22989
0.22982
0.22975
0.22968
0.22961
0.22954
0.22947
0.2294
0.22933
0.22926
0.22919
0.22912
0.22905
0.22898
0.22891
0.22884
0.22877
0.2287
0.22863
0.22856
0.22849
0.22842
0.22835
0.22828
0.22821
0.22814
0.22807
0.228
0.22793
0.22786
0.22778
0.22771
0.22764
0.22757
0.2275
0.22743
0.22736
0.22729
0.22722
0.22715
0.22708
0.22701
0.22694
0.22687
0.2268
0.22673
0.22666
0.22659
0.2263
0.22601
0.22573
0.22544
0.22515
0.22486
0.22457
0.22429
0.224
0.22371
0.22342
0.22313
0.22284
0.22256
0.22227
0.22198
0.22169
0.2214
0.22112
0.22083
0.22054
0.22025
0.21996
0.21967
0.21939
0.2191
0.21881
0.21852
0.21823
0.21795
0.21766
0.21737
0.21708
0.21679
0.2165
0.21622
0.21593
0.21564
0.21535
0.21506
0.21478
0.21449
0.2142
0.21391
0.21362
0.21334
0.21305
0.21276
0.21247
0.21218
0.21189
0.21161
0.21132
0.21103
0.21074
0.21045
0.21017
0.20988
0.20959
0.2093
0.20901
0.20872
0.20843
0.20814
0.20785
0.20756
0.20726
0.20697
0.20668
0.20639
0.2061
0.20581
0.20552
0.20523
0.20494
0.20465
0.20436
0.20407
0.20378
0.20348
0.20319
0.2029
0.20261
0.20232
0.20203
0.20174
0.20145
0.20116
0.20087
0.20058
0.20029
0.19999
0.1997
0.19941
0.19912
0.19883
0.19854
0.19825
0.19796
0.19767
0.19738
0.19709
0.1968
0.1965
0.19621
0.19592
0.19563
0.19534
0.19505
0.19476
0.19447
0.19418
0.19389
0.1936
0.19331
0.19301
0.19272
0.19243
0.19214
0.19185
0.19166
0.19148
0.19129
0.1911
0.19092
0.19073
0.19054
0.19035
0.19017
0.18998
0.18979
0.18961
0.18942
0.18923
0.18904
0.18886
0.18867
0.18848
0.1883
0.18811
0.18792
0.18773
0.18755
0.18736
0.18717
0.18699
0.1868
0.18661
0.18642
0.18624
0.18605
0.18586
0.18568
0.18549
0.1853
0.18511
0.18493
0.18474
0.18455
0.18437
0.18418
0.18399
0.1838
0.18362
0.18343
0.18324
0.18306
0.18287
0.18268
0.1825
0.18231
0.18212
0.18193
0.18175
0.18156
0.18137
0.18119
0.181
0.18081
0.18062
0.18072
0.18081
0.1809
0.181
0.18109
0.18118
0.18128
0.18137
0.18146
0.18156
0.18165
0.18174
0.18184
0.18193
0.18202
0.18212
0.18221
0.1823
0.1824
0.18249
0.18258
0.18268
0.18277
0.18286
0.18296
0.18305
0.18314
0.18324
0.18333
0.18342
0.18351
0.18361
0.1837
0.18379
0.18389
0.18398
0.18407
0.18417
0.18426
0.18435
0.18445
0.18454
0.18463
0.18473
0.18482
0.18491
0.18501
0.1851
0.18519
0.18529
0.18538
0.18547
0.18557
0.18566
0.18575
0.18585
0.18594
0.18603
0.18613
0.18622
0.18595
0.18569
0.18542
0.18516
0.18489
0.18463
0.18436
0.1841
0.18383
0.18357
0.1833
0.18304
0.18277
0.18251
0.18224
0.18198
0.18171
0.18145
0.18118
0.18092
0.18065
0.18039
0.18012
0.17986
0.17959
0.17933
0.17906
0.1788
0.17853
0.17827
0.178
0.17774
0.17747
0.17721
0.17694
0.17668
0.17641
0.17615
0.17588
0.17562
0.17535
0.17509
0.17482
0.17456
0.17429
0.17403
0.17376
0.1735
0.17323
0.17297
0.1727
0.17244
0.17217
0.17191
0.17164
0.17137
0.17111
0.17084
0.17058
0.17031
0.17097
0.17163
0.17228
0.17294
0.1736
0.17425
0.17491
0.17556
0.17622
0.17688
0.17753
0.17819
0.17885
0.1795
0.18016
0.18081
0.18147
0.18213
0.18278
0.18344
0.18409
0.18475
0.18541
0.18606
0.18672
0.18738
0.18803
0.18869
0.18934
0.19
0.19066
0.19131
0.19197
0.19263
0.19328
0.19394
0.19459
0.19525
0.19591
0.19656
0.19722
0.19788
0.19853
0.19919
0.19984
0.2005
0.20116
0.20181
0.20247
0.20312
0.20378
0.20444
0.20509
0.20575
0.20641
0.20706
0.20772
0.20837
0.20903
0.20969
0.21048
0.21128
0.21207
0.21287
0.21366
0.21446
0.21525
0.21605
0.21685
0.21764
0.21844
0.21923
0.22003
0.22082
0.22162
0.22241
0.22321
0.224
0.2248
0.2256
0.22639
0.22719
0.22798
0.22878
0.22957
0.23037
0.23116
0.23196
0.23275
0.23355
0.23434
0.23514
0.23594
0.23673
0.23753
0.23832
0.23912
0.23991
0.24071
0.2415
0.2423
0.24309
0.24389
0.24469
0.24548
0.24628
0.24707
0.24787
0.24866
0.24946
0.25025
0.25105
0.25184
0.25264
0.25343
0.25423
0.25503
0.25582
0.25662
0.25741
0.25769
0.25798
0.25826
0.25854
0.25883
0.25911
0.25939
0.25968
0.25996
0.26024
0.26052
0.26081
0.26109
0.26137
0.26166
0.26194
0.26222
0.26251
0.26279
0.26307
0.26335
0.26364
0.26392
0.2642
0.26449
0.26477
0.26505
0.26534
0.26562
0.2659
0.26618
0.26647
0.26675
0.26703
0.26732
0.2676
0.26788
0.26816
0.26845
0.26873
0.26901
0.2693
0.26958
0.26986
0.27015
0.27043
0.27071
0.27099
0.27128
0.27156
0.27184
0.27213
0.27241
0.27269
0.27298
0.27326
0.27354
0.27382
0.27411
0.27439
0.27504
0.27568
0.27633
0.27697
0.27762
0.27826
0.27891
0.27955
0.2802
0.28085
0.28149
0.28214
0.28278
0.28343
0.28407
0.28472
0.28537
0.28601
0.28666
0.2873
0.28795
0.28859
0.28924
0.28988
0.29053
0.29118
0.29182
0.29247
0.29311
0.29376
0.2944
0.29505
0.29569
0.29634
0.29699
0.29763
0.29828
0.29892
0.29957
0.30021
0.30086
0.30151
0.30215
0.3028
0.30344
0.30409
0.30473
0.30538
0.30602
0.30667
0.30732
0.30796
0.30861
0.30925
0.3099
0.31054
0.31119
0.31183
0.31248
0.31313
0.31377
0.31441
0.31504
0.31568
0.31632
0.31696
0.3176
0.31824
0.31888
0.31952
0.32016
0.3208
0.32144
0.32208
0.32272
0.32336
0.324
0.32464
0.32528
0.32592
0.32656
0.3272
0.32784
0.32848
0.32912
0.32976
0.3304
0.33104
0.33168
0.33232
0.33296
0.3336
0.33423
0.33487
0.33551
0.33615
0.33679
0.33743
0.33807
0.33871
0.33935
0.33999
0.34063
0.34127
0.34191
0.34255
0.34319
0.34383
0.34447
0.34511
0.34575
0.34639
0.34703
0.34767
0.34831
0.34895
0.34959
0.35023
0.35087
0.35151
0.35201
0.35251
0.35301
0.35352
0.35402
0.35452
0.35502
0.35553
0.35603
0.35653
0.35703
0.35754
0.35804
0.35854
0.35904
0.35955
0.36005
0.36055
0.36105
0.36156
0.36206
0.36256
0.36306
0.36357
0.36407
0.36457
0.36507
0.36558
0.36608
0.36658
0.36708
0.36759
0.36809
0.36859
0.36909
0.3696
0.3701
0.3706
0.3711
0.37161
0.37211
0.37261
0.37311
0.37362
0.37412
0.37462
0.37512
0.37563
0.37613
0.37663
0.37713
0.37764
0.37814
0.37864
0.37914
0.37965
0.38015
0.38065
0.38115
0.38166
0.38221
0.38276
0.38331
0.38386
0.38442
0.38497
0.38552
0.38607
0.38662
0.38717
0.38773
0.38828
0.38883
0.38938
0.38993
0.39049
0.39104
0.39159
0.39214
0.39269
0.39324
0.3938
0.39435
0.3949
0.39545
0.396
0.39656
0.39711
0.39766
0.39821
0.39876
0.39931
0.39987
0.40042
0.40097
0.40152
0.40207
0.40263
0.40318
0.40373
0.40428
0.40483
0.40538
0.40594
0.40649
0.40704
0.40759
0.40814
0.40869
0.40925
0.4098
0.41035
0.4109
0.41145
0.41201
0.41256
0.41311
0.41366
0.41421
0.41476
0.41572
0.41668
0.41763
0.41859
0.41954
0.4205
0.42145
0.42241
0.42336
0.42432
0.42528
0.42623
0.42719
0.42814
0.4291
0.43005
0.43101
0.43196
0.43292
0.43388
0.43483
0.43579
0.43674
0.4377
0.43865
0.43961
0.44056
0.44152
0.44248
0.44343
0.44439
0.44534
0.4463
0.44725
0.44821
0.44916
0.45012
0.45107
0.45203
0.45299
0.45394
0.4549
0.45585
0.45681
0.45776
0.45872
0.45967
0.46063
0.46159
0.46254
0.4635
0.46445
0.46541
0.46636
0.46732
0.46827
0.46923
0.47019
0.47114
0.4721
0.47292
0.47375
0.47457
0.4754
0.47622
0.47705
0.47787
0.47869
0.47952
0.48034
0.48117
0.48199
0.48282
0.48364
0.48447
0.48529
0.48612
0.48694
0.48777
0.48859
0.48942
0.49024
0.49107
0.49189
0.49272
0.49354
0.49437
0.49519
0.49602
0.49684
0.49766
0.49849
0.49931
0.50014
0.50096
0.50179
0.50261
0.50344
0.50426
0.50509
0.50591
0.50674
0.50756
0.50839
0.50921
0.51004
0.51086
0.51169
0.51251
0.51334
0.51416
0.51498
0.51581
0.51663
0.51746
0.51828
0.51911
0.51993
0.52076
0.52158
0.52193
0.52229
0.52264
0.52299
0.52334
0.52369
0.52405
0.5244
0.52475
0.5251
0.52545
0.52581
0.52616
0.52651
0.52686
0.52721
0.52757
0.52792
0.52827
0.52862
0.52897
0.52933
0.52968
0.53003
0.53038
0.53073
0.53108
0.53144
0.53179
0.53214
0.53249
0.53284
0.5332
0.53355
0.5339
0.53425
0.5346
0.53496
0.53531
0.53566
0.53601
0.53636
0.53672
0.53707
0.53742
0.53777
0.53812
0.53848
0.53883
0.53918
0.53953
0.53988
0.54024
0.54059
0.54094
0.54129
0.54164
0.54199
0.54235
0.5427
0.54301
0.54333
0.54364
0.54396
0.54428
0.54459
0.54491
0.54522
0.54554
0.54585
0.54617
0.54648
0.5468
0.54711
0.54743
0.54775
0.54806
0.54838
0.54869
0.54901
0.54932
0.54964
0.54995
0.55027
0.55058
0.5509
0.55122
0.55153
0.55185
0.55216
0.55248
0.55279
0.55311
0.55342
0.55374
0.55405
0.55437
0.55469
0.555
0.55532
0.55563
0.55595
0.55626
0.55658
0.55689
0.55721
0.55752
0.55784
0.55816
0.55847
0.55879
0.5591
0.55942
0.55973
0.56005
0.56036
0.56068
0.56099
0.56131
0.56163
0.56346
0.5653
0.56714
0.56898
0.57081
0.57265
0.57449
0.57632
0.57816
0.58
0.58184
0.58367
0.58551
0.58735
0.58919
0.59102
0.59286
0.5947
0.59654
0.59837
0.60021
0.60205
0.60389
0.60572
0.60756
0.6094
0.61123
0.61307
0.61491
0.61675
0.61858
0.62042
0.62226
0.6241
0.62593
0.62777
0.62961
0.63145
0.63328
0.63512
0.63696
0.6388
0.64063
0.64247
0.64431
0.64615
0.64798
0.64982
0.65166
0.65349
0.65533
0.65717
0.65901
0.66084
0.66268
0.66452
0.66636
0.66819
0.67003
0.67187
0.6718
0.67172
0.67165
0.67158
0.6715
0.67143
0.67136
0.67129
0.67121
0.67114
0.67107
0.67099
0.67092
0.67085
0.67078
0.6707
0.67063
0.67056
0.67049
0.67041
0.67034
0.67027
0.67019
0.67012
0.67005
0.66998
0.6699
0.66983
0.66976
0.66968
0.66961
0.66954
0.66947
0.66939
0.66932
0.66925
0.66917
0.6691
0.66903
0.66896
0.66888
0.66881
0.66874
0.66867
0.66859
0.66852
0.66845
0.66837
0.6683
0.66823
0.66816
0.66808
0.66801
0.66794
0.66786
0.66779
0.66772
0.66765
0.66757
0.6675
0.66685
0.6662
0.66555
0.6649
0.66425
0.6636
0.66295
0.6623
0.66165
0.66101
0.66036
0.65971
0.65906
0.65841
0.65776
0.65711
0.65646
0.65581
0.65516
0.65451
0.65386
0.65321
0.65256
0.65191
0.65126
0.65061
0.64996
0.64931
0.64867
0.64802
0.64737
0.64672
0.64607
0.64542
0.64477
0.64412
0.64347
0.64282
0.64217
0.64152
0.64087
0.64022
0.63957
0.63892
0.63827
0.63762
0.63697
0.63633
0.63568
0.63503
0.63438
0.63373
0.63308
0.63243
0.63178
0.63113
0.63048
0.62983
0.62918
0.62853
0.62964
0.63075
0.63186
0.63297
0.63408
0.63519
0.6363
0.63741
0.63852
0.63963
0.64074
0.64186
0.64297
0.64408
0.64519
0.6463
0.64741
0.64852
0.64963
0.65074
0.65185
0.65296
0.65407
0.65518
0.65629
0.6574
0.65851
0.65962
0.66073
0.66184
0.66295
0.66406
0.66517
0.66628
0.66739
0.6685
0.66961
0.67072
0.67183
0.67294
0.67405
0.67516
0.67627
0.67738
0.67849
0.6796
0.68072
0.68183
0.68294
0.68405
0.68516
0.68627
0.68738
0.68849
0.6896
0.69071
0.69182
0.69293
0.69404
0.69515
0.69447
0.6938
0.69312
0.69245
0.69177
0.6911
0.69042
0.68975
0.68907
0.6884
0.68772
0.68704
0.68637
0.68569
0.68502
0.68434
0.68367
0.68299
0.68232
0.68164
0.68097
0.68029
0.67962
0.67894
0.67827
0.67759
0.67691
0.67624
0.67556
0.67489
0.67421
0.67354
0.67286
0.67219
0.67151
0.67084
0.67016
0.66949
0.66881
0.66814
0.66746
0.66678
0.66611
0.66543
0.66476
0.66408
0.66341
0.66273
0.66206
0.66138
0.66071
0.66003
0.65936
0.65868
0.65801
0.65733
0.65666
0.65598
0.6553
0.65463
0.65364
0.65265
0.65166
0.65067
0.64967
0.64868
0.64769
0.6467
0.64571
0.64472
0.64373
0.64274
0.64175
0.64076
0.63977
0.63877
0.63778
0.63679
0.6358
0.63481
0.63382
0.63283
0.63184
0.63085
0.62986
0.62887
0.62787
0.62688
0.62589
0.6249
0.62391
0.62292
0.62193
0.62094
0.61995
0.61896
0.61797
0.61698
0.61598
0.61499
0.614
0.61301
0.61202
0.61103
0.61004
0.60905
0.60806
0.60707
0.60608
0.60508
0.60409
0.6031
0.60211
0.60112
0.60013
0.59914
0.59815
0.59716
0.59617
0.59518
0.59636
0.59754
0.59872
0.5999
0.60108
0.60226
0.60344
0.60462
0.6058
0.60698
0.60816
0.60934
0.61052
0.6117
0.61288
0.61406
0.61524
0.61642
0.6176
0.61879
0.61997
0.62115
0.62233
0.62351
0.62469
0.62587
0.62705
0.62823
0.62941
0.63059
0.63177
0.63295
0.63413
0.63531
0.63649
0.63767
0.63885
0.64003
0.64121
0.6424
0.64358
0.64476
0.64594
0.64712
0.6483
0.64948
0.65066
0.65184
0.65302
0.6542
0.65538
0.65656
0.65774
0.65892
0.6601
0.66128
0.66246
0.66364
0.66482
0.666
0.66439
0.66278
0.66117
0.65955
0.65794
0.65633
0.65472
0.6531
0.65149
0.64988
0.64827
0.64665
0.64504
0.64343
0.64181
0.6402
0.63859
0.63698
0.63536
0.63375
0.63214
0.63053
0.62891
0.6273
0.62569
0.62408
0.62246
0.62085
0.61924
0.61762
0.61601
0.6144
0.61279
0.61117
0.60956
0.60795
0.60634
0.60472
0.60311
0.6015
0.59988
0.59827
0.59666
0.59505
0.59343
0.59182
0.59021
0.5886
0.58698
0.58537
0.58376
0.58215
0.58053
0.57892
0.57731
0.57569
0.57408
0.57247
0.57086
0.56924
0.57005
0.57087
0.57168
0.57249
0.5733
0.57411
0.57492
0.57573
0.57654
0.57735
0.57816
0.57898
0.57979
0.5806
0.58141
0.58222
0.58303
0.58384
0.58465
0.58546
0.58627
0.58709
0.5879
0.58871
0.58952
0.59033
0.59114
0.59195
0.59276
0.59357
0.59438
0.59519
0.59601
0.59682
0.59763
0.59844
0.59925
0.60006
0.60087
0.60168
0.60249
0.6033
0.60412
0.60493
0.60574
0.60655
0.60736
0.60817
0.60898
0.60979
0.6106
0.61141
0.61222
0.61304
0.61385
0.61466
0.61547
0.61628
0.61709
0.6179
0.6129
0.6079
0.60289
0.59789
0.59289
0.58788
0.58288
0.57788
0.57287
0.56787
0.56287
0.55787
0.55286
0.54786
0.54286
0.53785
0.53285
0.52785
0.52284
0.51784
0.51284
0.50784
0.50283
0.49783
0.49283
0.48782
0.48282
0.47782
0.47281
0.46781
0.46281
0.4578
0.4528
0.4478
0.4428
0.43779
0.43279
0.42779
0.42278
0.41778
0.41278
0.40777
0.40277
0.39777
0.39277
0.38776
0.38276
0.37776
0.37275
0.36775
0.36275
0.35774
0.35274
0.34774
0.34274
0.33773
0.33273
0.32773
0.32272
0.31772
0.31785
0.31797
0.3181
0.31822
0.31835
0.31847
0.3186
0.31872
0.31885
0.31897
0.3191
0.31922
0.31935
0.31948
0.3196
0.31973
0.31985
0.31998
0.3201
0.32023
0.32035
0.32048
0.3206
0.32073
0.32085
0.32098
0.3211
0.32123
0.32136
0.32148
0.32161
0.32173
0.32186
0.32198
0.32211
0.32223
0.32236
0.32248
0.32261
0.32273
0.32286
0.32298
0.32311
0.32324
0.32336
0.32349
0.32361
0.32374
0.32386
0.32399
0.32411
0.32424
0.32436
0.32449
0.32461
0.32474
0.32486
0.32499
0.32512
0.32524
