439.5
438.57
437.65
436.72
435.8
434.88
433.95
433.02
432.1
431.17
430.25
429.32
428.4
427.47
426.55
425.63
424.7
423.78
422.85
421.92
421
420.07
419.15
418.23
417.3
416.37
415.45
414.53
413.6
412.67
411.75
410.83
409.9
408.98
408.05
407.13
406.2
405.27
404.35
403.43
402.5
401.57
400.65
399.72
398.8
397.88
396.95
396.03
395.1
394.18
393.25
392.32
391.4
390.48
389.55
388.63
387.7
386.77
385.85
384.93
384
383.39
382.79
382.18
381.57
380.97
380.36
379.75
379.15
378.54
377.93
377.33
376.72
376.11
375.51
374.9
374.29
373.69
373.08
372.47
371.87
371.26
370.65
370.05
369.44
368.83
368.23
367.62
367.01
366.41
365.8
365.19
364.59
363.98
363.37
362.77
362.16
361.55
360.95
360.34
359.73
359.13
358.52
357.91
357.31
356.7
356.09
355.49
354.88
354.27
353.67
353.06
352.45
351.85
351.24
350.63
350.03
349.42
348.81
348.21
347.6
345.38
343.17
340.95
338.73
336.52
334.3
332.08
329.87
327.65
325.43
323.22
321
318.78
316.57
314.35
312.13
309.92
307.7
305.48
303.27
301.05
298.83
296.62
294.4
292.18
289.97
287.75
285.53
283.32
281.1
278.88
276.67
274.45
272.23
270.02
267.8
265.58
263.37
261.15
258.93
256.72
254.5
252.28
250.07
247.85
245.63
243.42
241.2
238.98
236.77
234.55
232.33
230.12
227.9
225.68
223.47
221.25
219.03
216.82
214.6
216.56
218.51
220.47
222.43
224.38
226.34
228.3
230.25
232.21
234.17
236.12
238.08
240.04
241.99
243.95
245.91
247.86
249.82
251.78
253.73
255.69
257.65
259.6
261.56
263.52
265.47
267.43
269.39
271.34
273.3
275.26
277.21
279.17
281.13
283.08
285.04
287
288.95
290.91
292.87
294.82
296.78
298.74
300.69
302.65
304.61
306.56
308.52
310.48
312.43
314.39
316.35
318.3
320.26
322.22
324.17
326.13
328.09
330.04
332
331.89
331.78
331.67
331.57
331.46
331.35
331.24
331.13
331.02
330.92
330.81
330.7
330.59
330.48
330.38
330.27
330.16
330.05
329.94
329.83
329.73
329.62
329.51
329.4
329.29
329.18
329.07
328.97
328.86
328.75
328.64
328.53
328.43
328.32
328.21
328.1
327.99
327.88
327.77
327.67
327.56
327.45
327.34
327.23
327.13
327.02
326.91
326.8
326.69
326.58
326.48
326.37
326.26
326.15
326.04
325.93
325.83
325.72
325.61
325.5
325.86
326.21
326.57
326.93
327.28
327.64
328
328.35
328.71
329.07
329.42
329.78
330.14
330.49
330.85
331.21
331.56
331.92
332.28
332.63
332.99
333.35
333.7
334.06
334.42
334.77
335.13
335.49
335.84
336.2
336.56
336.91
337.27
337.63
337.98
338.34
338.7
339.05
339.41
339.77
340.12
340.48
340.84
341.19
341.55
341.91
342.26
342.62
342.98
343.33
343.69
344.05
344.4
344.76
345.12
345.47
345.83
346.19
346.54
346.9
348.57
350.25
351.92
353.6
355.27
356.95
358.62
360.3
361.98
363.65
365.32
367
368.68
370.35
372.02
373.7
375.37
377.05
378.72
380.4
382.07
383.75
385.43
387.1
388.77
390.45
392.13
393.8
395.47
397.15
398.82
400.5
402.17
403.85
405.52
407.2
408.87
410.55
412.22
413.9
415.57
417.25
418.93
420.6
422.27
423.95
425.62
427.3
428.97
430.65
432.32
434
435.68
437.35
439.03
440.7
442.37
444.05
445.72
447.4
449.43
451.46
453.49
455.53
457.56
459.59
461.62
463.65
465.69
467.72
469.75
471.78
473.81
475.84
477.87
479.91
481.94
483.97
486
488.03
490.06
492.1
494.13
496.16
498.19
500.22
502.25
504.29
506.32
508.35
510.38
512.41
514.44
516.48
518.51
520.54
522.57
524.6
526.63
528.67
530.7
532.73
534.76
536.79
538.82
540.86
542.89
544.92
546.95
548.98
551.01
553.05
555.08
557.11
559.14
561.17
563.2
565.24
567.27
569.3
570.53
571.76
572.99
574.22
575.45
576.68
577.91
579.14
580.37
581.6
582.83
584.06
585.29
586.52
587.75
588.98
590.21
591.44
592.67
593.9
595.13
596.36
597.59
598.82
600.05
601.28
602.51
603.74
604.97
606.2
607.43
608.66
609.89
611.12
612.35
613.58
614.81
616.04
617.27
618.5
619.73
620.96
622.19
623.42
624.65
625.88
627.11
628.34
629.57
630.8
632.03
633.26
634.49
635.72
636.95
638.18
639.41
640.64
641.87
643.1
644.25
645.4
646.55
647.69
648.84
649.99
651.14
652.29
653.44
654.58
655.73
656.88
658.03
659.18
660.33
661.47
662.62
663.77
664.92
666.07
667.22
668.36
669.51
670.66
671.81
672.96
674.11
675.25
676.4
677.55
678.7
679.85
681
682.14
683.29
684.44
685.59
686.74
687.88
689.03
690.18
691.33
692.48
693.63
694.77
695.92
697.07
698.22
699.37
700.52
701.66
702.81
703.96
705.11
706.26
707.41
708.55
709.7
710.85
712
712.39
712.77
713.16
713.55
713.93
714.32
714.71
715.09
715.48
715.87
716.25
716.64
717.03
717.41
717.8
718.19
718.57
718.96
719.35
719.73
720.12
720.51
720.89
721.28
721.67
722.05
722.44
722.83
723.21
723.6
723.99
724.37
724.76
725.15
725.53
725.92
726.31
726.69
727.08
727.47
727.85
728.24
728.63
729.01
729.4
729.79
730.17
730.56
730.95
731.33
731.72
732.11
732.49
732.88
733.27
733.65
734.04
734.43
734.81
735.2
735.47
735.75
736.02
736.29
736.57
736.84
737.11
737.39
737.66
737.93
738.21
738.48
738.75
739.03
739.3
739.57
739.85
740.12
740.39
740.67
740.94
741.21
741.49
741.76
742.03
742.31
742.58
742.85
743.13
743.4
743.67
743.95
744.22
744.49
744.77
745.04
745.31
745.59
745.86
746.13
746.41
746.68
746.95
747.23
747.5
747.77
748.05
748.32
748.59
748.87
749.14
749.41
749.69
749.96
750.23
750.51
750.78
751.05
751.33
751.6
751.78
751.96
752.15
752.33
752.51
752.69
752.87
753.05
753.24
753.42
753.6
753.78
753.96
754.14
754.33
754.51
754.69
754.87
755.05
755.23
755.41
755.6
755.78
755.96
756.14
756.32
756.5
756.69
756.87
757.05
757.23
757.41
757.6
757.78
757.96
758.14
758.32
758.5
758.68
758.87
759.05
759.23
759.41
759.59
759.77
759.96
760.14
760.32
760.5
760.68
760.87
761.05
761.23
761.41
761.59
761.77
761.95
762.14
762.32
762.5
761.4
760.31
759.21
758.12
757.02
755.93
754.83
753.74
752.64
751.55
750.45
749.36
748.27
747.17
746.08
744.98
743.88
742.79
741.7
740.6
739.5
738.41
737.32
736.22
735.13
734.03
732.94
731.84
730.75
729.65
728.55
727.46
726.36
725.27
724.17
723.08
721.98
720.89
719.79
718.7
717.61
716.51
715.41
714.32
713.22
712.13
711.04
709.94
708.85
707.75
706.65
705.56
704.47
703.37
702.27
701.18
700.09
698.99
697.89
696.8
693.9
691.01
688.11
685.22
682.32
679.43
676.53
673.64
670.74
667.85
664.95
662.06
659.16
656.27
653.37
650.48
647.59
644.69
641.8
638.9
636.01
633.11
630.22
627.32
624.43
621.53
618.64
615.74
612.85
609.95
607.05
604.16
601.26
598.37
595.47
592.58
589.68
586.79
583.89
581
578.11
575.21
572.32
569.42
566.53
563.63
560.74
557.84
554.95
552.05
549.16
546.26
543.37
540.47
537.58
534.68
531.79
528.89
526
523.1
522.47
521.85
521.23
520.6
519.98
519.35
518.73
518.1
517.48
516.85
516.23
515.6
514.98
514.35
513.73
513.1
512.48
511.85
511.23
510.6
509.98
509.35
508.73
508.1
507.48
506.85
506.23
505.6
504.98
504.35
503.73
503.1
502.48
501.85
501.23
500.6
499.98
499.35
498.73
498.1
497.48
496.85
496.23
495.6
494.98
494.35
493.73
493.1
492.48
491.85
491.23
490.6
489.98
489.35
488.73
488.1
487.48
486.85
486.23
485.6
484.58
483.57
482.55
481.53
480.52
479.5
478.48
477.47
476.45
475.43
474.42
473.4
472.38
471.37
470.35
469.33
468.32
467.3
466.28
465.27
464.25
463.23
462.22
461.2
460.18
459.17
458.15
457.13
456.12
455.1
454.08
453.07
452.05
451.03
450.02
449
447.98
446.97
445.95
444.93
443.92
442.9
441.88
440.87
439.85
438.83
437.82
436.8
435.78
434.77
433.75
432.73
431.72
430.7
429.68
428.67
427.65
426.63
425.62
424.6
422.26
419.91
417.57
415.23
412.88
410.54
408.2
405.85
403.51
401.17
398.82
396.48
394.14
391.79
389.45
387.11
384.76
382.42
380.08
377.73
375.39
373.05
370.7
368.36
366.02
363.67
361.33
358.99
356.64
354.3
351.96
349.61
347.27
344.93
342.58
340.24
337.9
335.55
333.21
330.87
328.52
326.18
323.84
321.49
319.15
316.81
314.46
312.12
309.78
307.43
305.09
302.75
300.4
298.06
295.72
293.37
291.03
288.69
286.34
284
282.5
280.99
279.49
277.99
276.48
274.98
273.48
271.97
270.47
268.97
267.46
265.96
264.46
262.95
261.45
259.95
258.44
256.94
255.44
253.93
252.43
250.93
249.42
247.92
246.42
244.91
243.41
241.91
240.4
238.9
237.4
235.89
234.39
232.89
231.38
229.88
228.38
226.87
225.37
223.87
222.36
220.86
219.36
217.85
216.35
214.85
213.34
211.84
210.34
208.83
207.33
205.83
204.32
202.82
201.32
199.81
198.31
196.81
195.3
193.8
193.36
192.91
192.47
192.03
191.58
191.14
190.7
190.25
189.81
189.37
188.92
188.48
188.04
187.59
187.15
186.71
186.26
185.82
185.38
184.93
184.49
184.05
183.6
183.16
182.72
182.27
181.83
181.39
180.94
180.5
180.06
179.61
179.17
178.73
178.28
177.84
177.4
176.95
176.51
176.07
175.62
175.18
174.74
174.29
173.85
173.41
172.96
172.52
172.08
171.63
171.19
170.75
170.3
169.86
169.42
168.97
168.53
168.09
167.64
167.2
167.14
167.09
167.03
166.97
166.92
166.86
166.8
166.75
166.69
166.63
166.58
166.52
166.46
166.41
166.35
166.29
166.24
166.18
166.12
166.07
166.01
165.95
165.9
165.84
165.78
165.73
165.67
165.61
165.56
165.5
165.44
165.39
165.33
165.27
165.22
165.16
165.1
165.05
164.99
164.93
164.88
164.82
164.76
164.71
164.65
164.59
164.54
164.48
164.42
164.37
164.31
164.25
164.2
164.14
164.08
164.03
163.97
163.91
163.86
163.8
163.87
163.93
164
164.07
164.13
164.2
164.27
164.33
164.4
164.47
164.53
164.6
164.67
164.73
164.8
164.87
164.93
165
165.07
165.13
165.2
165.27
165.33
165.4
165.47
165.53
165.6
165.67
165.73
165.8
165.87
165.93
166
166.07
166.13
166.2
166.27
166.33
166.4
166.47
166.53
166.6
166.67
166.73
166.8
166.87
166.93
167
167.07
167.13
167.2
167.27
167.33
167.4
167.47
167.53
167.6
167.67
167.73
167.8
167.91
168.03
168.15
168.26
168.38
168.49
168.61
168.72
168.84
168.95
169.06
169.18
169.29
169.41
169.53
169.64
169.75
169.87
169.99
170.1
170.22
170.33
170.44
170.56
170.68
170.79
170.9
171.02
171.13
171.25
171.37
171.48
171.6
171.71
171.82
171.94
172.06
172.17
172.28
172.4
172.51
172.63
172.74
172.86
172.97
173.09
173.21
173.32
173.44
173.55
173.66
173.78
173.89
174.01
174.13
174.24
174.35
174.47
174.59
174.7
174.85
174.99
175.14
175.29
175.43
175.58
175.73
175.87
176.02
176.17
176.31
176.46
176.61
176.75
176.9
177.05
177.19
177.34
177.49
177.63
177.78
177.93
178.07
178.22
178.37
178.51
178.66
178.81
178.95
179.1
179.25
179.39
179.54
179.69
179.83
179.98
180.13
180.27
180.42
180.57
180.71
180.86
181.01
181.15
181.3
181.45
181.59
181.74
181.89
182.03
182.18
182.33
182.47
182.62
182.77
182.91
183.06
183.21
183.35
183.5
183.75
184
184.26
184.51
184.76
185.01
185.26
185.51
185.76
186.02
186.27
186.52
186.77
187.02
187.28
187.53
187.78
188.03
188.28
188.53
188.79
189.04
189.29
189.54
189.79
190.04
190.29
190.55
190.8
191.05
191.3
191.55
191.81
192.06
192.31
192.56
192.81
193.06
193.31
193.57
193.82
194.07
194.32
194.57
194.82
195.08
195.33
195.58
195.83
196.08
196.34
196.59
196.84
197.09
197.34
197.59
197.84
198.1
198.35
198.6
198.87
199.13
199.4
199.67
199.93
200.2
200.47
200.73
201
201.27
201.53
201.8
202.07
202.33
202.6
202.87
203.13
203.4
203.67
203.93
204.2
204.47
204.73
205
205.27
205.53
205.8
206.07
206.33
206.6
206.87
207.13
207.4
207.67
207.93
208.2
208.47
208.73
209
209.27
209.53
209.8
210.07
210.33
210.6
210.87
211.13
211.4
211.67
211.93
212.2
212.47
212.73
213
213.27
213.53
213.8
214.07
214.33
214.6
214.48
214.36
214.24
214.13
214.01
213.89
213.77
213.65
213.54
213.42
213.3
213.18
213.06
212.94
212.82
212.71
212.59
212.47
212.35
212.23
212.12
212
211.88
211.76
211.64
211.52
211.41
211.29
211.17
211.05
210.93
210.81
210.69
210.58
210.46
210.34
210.22
210.1
209.99
209.87
209.75
209.63
209.51
209.39
209.28
209.16
209.04
208.92
208.8
208.68
208.56
208.45
208.33
208.21
208.09
207.97
207.86
207.74
207.62
207.5
208.58
209.66
210.74
211.81
212.89
213.97
215.05
216.13
217.2
218.28
219.36
220.44
221.52
222.6
223.68
224.75
225.83
226.91
227.99
229.07
230.15
231.22
232.3
233.38
234.46
235.54
236.61
237.69
238.77
239.85
240.93
242.01
243.09
244.16
245.24
246.32
247.4
248.48
249.55
250.63
251.71
252.79
253.87
254.95
256.02
257.1
258.18
259.26
260.34
261.42
262.5
263.57
264.65
265.73
266.81
267.89
268.96
270.04
271.12
272.2
274.4
276.61
278.82
281.02
283.22
285.43
287.64
289.84
292.04
294.25
296.46
298.66
300.86
303.07
305.27
307.48
309.69
311.89
314.09
316.3
318.51
320.71
322.91
325.12
327.33
329.53
331.73
333.94
336.15
338.35
340.55
342.76
344.97
347.17
349.37
351.58
353.79
355.99
358.19
360.4
362.61
364.81
367.01
369.22
371.43
373.63
375.84
378.04
380.25
382.45
384.66
386.86
389.06
391.27
393.48
395.68
397.88
400.09
402.3
404.5
405.63
406.75
407.88
409.01
410.13
411.26
412.39
413.51
414.64
415.77
416.89
418.02
419.15
420.27
421.4
422.53
423.65
424.78
425.91
427.03
428.16
429.29
430.41
431.54
432.67
433.79
434.92
436.05
437.17
438.3
439.43
440.55
441.68
442.81
443.93
445.06
446.19
447.31
448.44
449.57
450.69
451.82
452.95
454.07
455.2
456.33
457.45
458.58
459.71
460.83
461.96
463.09
464.21
465.34
466.47
467.59
468.72
469.85
470.97
472.1
472.75
473.4
474.05
474.7
475.35
476
476.65
477.3
477.95
478.6
479.25
479.9
480.55
481.2
481.85
482.5
483.15
483.8
484.45
485.1
485.75
486.4
487.05
487.7
488.35
489
489.65
490.3
490.95
491.6
492.25
492.9
493.55
494.2
494.85
495.5
496.15
496.8
497.45
498.1
498.75
499.4
500.05
500.7
501.35
502
502.65
503.3
503.95
504.6
505.25
505.9
506.55
507.2
507.85
508.5
509.15
509.8
510.45
511.1
511.91
512.72
513.53
514.34
515.15
515.96
516.77
517.58
518.39
519.2
520.01
520.82
521.63
522.44
523.25
524.06
524.87
525.68
526.49
527.3
528.11
528.92
529.73
530.54
531.35
532.16
532.97
533.78
534.59
535.4
536.21
537.02
537.83
538.64
539.45
540.26
541.07
541.88
542.69
543.5
544.31
545.12
545.93
546.74
547.55
548.36
549.17
549.98
550.79
551.6
552.41
553.22
554.03
554.84
555.65
556.46
557.27
558.08
558.89
559.7
560.31
560.92
561.53
562.15
562.76
563.37
563.98
564.59
565.21
565.82
566.43
567.04
567.65
568.26
568.88
569.49
570.1
570.71
571.32
571.93
572.55
573.16
573.77
574.38
574.99
575.6
576.22
576.83
577.44
578.05
578.66
579.27
579.88
580.5
581.11
581.72
582.33
582.94
583.55
584.17
584.78
585.39
586
586.61
587.22
587.84
588.45
589.06
589.67
590.28
590.9
591.51
592.12
592.73
593.34
593.95
594.57
595.18
595.79
596.4
597.1
597.81
598.51
599.21
599.92
600.62
601.32
602.03
602.73
603.43
604.14
604.84
605.54
606.25
606.95
607.65
608.36
609.06
609.76
610.47
611.17
611.87
612.58
613.28
613.98
614.69
615.39
616.09
616.8
617.5
618.2
618.91
619.61
620.31
621.02
621.72
622.42
623.13
623.83
624.53
625.24
625.94
626.64
627.35
628.05
628.75
629.46
630.16
630.86
631.57
632.27
632.97
633.68
634.38
635.08
635.79
636.49
637.19
637.9
638.6
638.73
638.85
638.98
639.11
639.23
639.36
639.49
639.61
639.74
639.87
639.99
640.12
640.25
640.37
640.5
640.63
640.75
640.88
641.01
641.13
641.26
641.39
641.51
641.64
641.77
641.89
642.02
642.15
642.27
642.4
642.53
642.65
642.78
642.91
643.03
643.16
643.29
643.41
643.54
643.67
643.79
643.92
644.05
644.17
644.3
644.43
644.55
644.68
644.81
644.93
645.06
645.19
645.31
645.44
645.57
645.69
645.82
645.95
646.07
646.2
646.11
646.02
645.93
645.83
645.74
645.65
645.56
645.47
645.38
645.28
645.19
645.1
645.01
644.92
644.83
644.73
644.64
644.55
644.46
644.37
644.28
644.18
644.09
644
643.91
643.82
643.73
643.63
643.54
643.45
643.36
643.27
643.18
643.08
642.99
642.9
642.81
642.72
642.63
642.53
642.44
642.35
642.26
642.17
642.08
641.98
641.89
641.8
641.71
641.62
641.52
641.43
641.34
641.25
641.16
641.07
640.98
640.88
640.79
640.7
640.53
640.37
640.2
640.03
639.87
639.7
639.53
639.37
639.2
639.03
638.87
638.7
638.53
638.37
638.2
638.03
637.87
637.7
637.53
637.37
637.2
637.03
636.87
636.7
636.53
636.37
636.2
636.03
635.87
635.7
635.53
635.37
635.2
635.03
634.87
634.7
634.53
634.37
634.2
634.03
633.87
633.7
633.53
633.37
633.2
633.03
632.87
632.7
632.53
632.37
632.2
632.03
631.87
631.7
631.53
631.37
631.2
631.03
630.87
630.7
630.34
629.98
629.63
629.27
628.91
628.55
628.19
627.83
627.48
627.12
626.76
626.4
626.04
625.68
625.33
624.97
624.61
624.25
623.89
623.53
623.17
622.82
622.46
622.1
621.74
621.38
621.02
620.67
620.31
619.95
619.59
619.23
618.88
618.52
618.16
617.8
617.44
617.08
616.73
616.37
616.01
615.65
615.29
614.93
614.58
614.22
613.86
613.5
613.14
612.78
612.43
612.07
611.71
611.35
610.99
610.63
610.28
609.92
609.56
609.2
608.07
606.94
605.81
604.68
603.55
602.42
601.29
600.16
599.03
597.9
596.77
595.64
594.51
593.38
592.25
591.12
589.99
588.86
587.73
586.6
585.47
584.34
583.21
582.08
580.95
579.82
578.69
577.56
576.43
575.3
574.17
573.04
571.91
570.78
569.65
568.52
567.39
566.26
565.13
564
562.87
561.74
560.61
559.48
558.35
557.22
556.09
554.96
553.83
552.7
551.57
550.44
549.31
548.18
547.05
545.92
544.79
543.66
542.53
541.4
541.21
541.03
540.85
540.66
540.48
540.29
540.11
539.92
539.74
539.55
539.37
539.18
538.99
538.81
538.63
538.44
538.25
538.07
537.88
537.7
537.51
537.33
537.14
536.96
536.77
536.59
536.4
536.22
536.03
535.85
535.66
535.48
535.3
535.11
534.92
534.74
534.55
534.37
534.18
534
533.81
533.63
533.44
533.26
533.07
532.89
532.7
532.52
532.33
532.15
531.96
531.78
531.6
531.41
531.23
531.04
530.85
530.67
530.49
530.3
529.73
529.16
528.6
528.03
527.46
526.89
526.32
525.75
525.19
524.62
524.05
523.48
522.91
522.34
521.77
521.21
520.64
520.07
519.5
518.93
518.36
517.8
517.23
516.66
516.09
515.52
514.95
514.39
513.82
513.25
512.68
512.11
511.55
510.98
510.41
509.84
509.27
508.7
508.13
507.57
507
506.43
505.86
505.29
504.72
504.16
503.59
503.02
502.45
501.88
501.31
500.75
500.18
499.61
499.04
498.47
497.9
497.34
496.77
496.2
495.13
494.06
493
491.93
490.86
489.79
488.72
487.65
486.59
485.52
484.45
483.38
482.31
481.24
480.17
479.11
478.04
476.97
475.9
474.83
473.76
472.7
471.63
470.56
469.49
468.42
467.35
466.29
465.22
464.15
463.08
462.01
460.95
459.88
458.81
457.74
456.67
455.6
454.54
453.47
452.4
451.33
450.26
449.19
448.13
447.06
445.99
444.92
443.85
442.78
441.71
440.65
439.58
438.51
437.44
436.37
435.3
434.24
433.17
432.1
431.37
430.63
429.9
429.17
428.43
427.7
426.97
426.23
425.5
424.77
424.03
423.3
422.57
421.83
421.1
420.37
419.63
418.9
418.17
417.43
416.7
415.97
415.23
414.5
413.77
413.03
412.3
411.57
410.83
410.1
409.37
408.63
407.9
407.17
406.43
405.7
404.97
404.23
403.5
402.77
402.03
401.3
400.57
399.83
399.1
398.37
397.63
396.9
396.17
395.43
394.7
393.97
393.23
392.5
391.77
391.03
390.3
389.57
388.83
388.1
387.87
387.65
387.42
387.19
386.97
386.74
386.51
386.29
386.06
385.83
385.61
385.38
385.15
384.93
384.7
384.47
384.25
384.02
383.79
383.57
383.34
383.11
382.89
382.66
382.43
382.21
381.98
381.75
381.53
381.3
381.07
380.85
380.62
380.39
380.17
379.94
379.71
379.49
379.26
379.03
378.81
378.58
378.35
378.13
377.9
377.67
377.45
377.22
376.99
376.77
376.54
376.31
376.09
375.86
375.63
375.41
375.18
374.95
374.73
374.5
374.45
374.39
374.34
374.29
374.23
374.18
374.13
374.07
374.02
373.97
373.91
373.86
373.81
373.75
373.7
373.65
373.59
373.54
373.49
373.43
373.38
373.33
373.27
373.22
373.17
373.11
373.06
373.01
372.95
372.9
372.85
372.79
372.74
372.69
372.63
372.58
372.53
372.47
372.42
372.37
372.31
372.26
372.21
372.15
372.1
372.05
371.99
371.94
371.89
371.83
371.78
371.73
371.67
371.62
371.57
371.51
371.46
371.41
371.35
371.3
371.31
371.33
371.34
371.35
371.37
371.38
371.39
371.41
371.42
371.43
371.45
371.46
371.47
371.49
371.5
371.51
371.53
371.54
371.55
371.57
371.58
371.59
371.61
371.62
371.63
371.65
371.66
371.67
371.69
371.7
371.71
371.73
371.74
371.75
371.77
371.78
371.79
371.81
371.82
371.83
371.85
371.86
371.87
371.89
371.9
371.91
371.93
371.94
371.95
371.97
371.98
371.99
372.01
372.02
372.03
372.05
372.06
372.07
372.09
372.1
372.12
372.14
372.17
372.19
372.21
372.23
372.25
372.27
372.3
372.32
372.34
372.36
372.38
372.4
372.43
372.45
372.47
372.49
372.51
372.53
372.56
372.58
372.6
372.62
372.64
372.66
372.69
372.71
372.73
372.75
372.77
372.79
372.81
372.84
372.86
372.88
372.9
372.92
372.94
372.97
372.99
373.01
373.03
373.05
373.07
373.1
373.12
373.14
373.16
373.18
373.2
373.23
373.25
373.27
373.29
373.31
373.33
373.36
373.38
373.4
373.52
373.63
373.75
373.87
373.98
374.1
374.22
374.33
374.45
374.57
374.68
374.8
374.92
375.03
375.15
375.27
375.38
375.5
375.62
375.73
375.85
375.97
376.08
376.2
376.32
376.43
376.55
376.67
376.78
376.9
377.02
377.13
377.25
377.37
377.48
377.6
377.72
377.83
377.95
378.07
378.18
378.3
378.42
378.53
378.65
378.77
378.88
379
379.12
379.23
379.35
379.47
379.58
379.7
379.82
379.93
380.05
380.17
380.28
380.4
380.57
380.75
380.92
381.1
381.27
381.45
381.63
381.8
381.97
382.15
382.32
382.5
382.68
382.85
383.02
383.2
383.37
383.55
383.73
383.9
384.07
384.25
384.42
384.6
384.77
384.95
385.13
385.3
385.48
385.65
385.82
386
386.17
386.35
386.52
386.7
386.88
387.05
387.22
387.4
387.57
387.75
387.93
388.1
388.27
388.45
388.62
388.8
388.98
389.15
389.32
389.5
389.67
389.85
390.02
390.2
390.38
390.55
390.72
390.9
391
391.11
391.21
391.31
391.42
391.52
391.62
391.73
391.83
391.93
392.04
392.14
392.24
392.35
392.45
392.55
392.66
392.76
392.86
392.97
393.07
393.17
393.28
393.38
393.48
393.59
393.69
393.79
393.9
394
394.1
394.21
394.31
394.41
394.52
394.62
394.72
394.83
394.93
395.03
395.14
395.24
395.34
395.45
395.55
395.65
395.76
395.86
395.96
396.07
396.17
396.27
396.38
396.48
396.58
396.69
396.79
396.89
397
397.1
396.28
395.45
394.63
393.81
392.98
392.16
391.34
390.51
389.69
388.87
388.04
387.22
386.4
385.57
384.75
383.93
383.1
382.28
381.46
380.63
379.81
378.99
378.16
377.34
376.52
375.69
374.87
374.05
373.22
372.4
371.58
370.75
369.93
369.11
368.28
367.46
366.64
365.81
364.99
364.17
363.34
362.52
361.7
360.87
360.05
359.23
358.4
357.58
356.76
355.93
355.11
354.29
353.46
352.64
351.82
350.99
350.17
349.35
348.52
347.7
347.89
348.08
348.27
348.46
348.65
348.84
349.03
349.22
349.41
349.6
349.79
349.98
350.17
350.36
350.55
350.74
350.93
351.12
351.31
351.5
351.69
351.88
352.07
352.26
352.45
352.64
352.83
353.02
353.21
353.4
353.59
353.78
353.97
354.16
354.35
354.54
354.73
354.92
355.11
355.3
355.49
355.68
355.87
356.06
356.25
356.44
356.63
356.82
357.01
357.2
357.39
357.58
357.77
357.96
358.15
358.34
358.53
358.72
358.91
359.1
359.73
360.36
360.98
361.61
362.24
362.87
363.5
364.13
364.75
365.38
366.01
366.64
367.27
367.9
368.53
369.15
369.78
370.41
371.04
371.67
372.3
372.92
373.55
374.18
374.81
375.44
376.07
376.69
377.32
377.95
378.58
379.21
379.83
380.46
381.09
381.72
382.35
382.98
383.6
384.23
384.86
385.49
386.12
386.75
387.38
388
388.63
389.26
389.89
390.52
391.15
391.77
392.4
393.03
393.66
394.29
394.92
395.54
396.17
396.8
397.2
397.61
398.01
398.42
398.83
399.23
399.64
400.04
400.44
400.85
401.25
401.66
402.07
402.47
402.88
403.28
403.68
404.09
404.5
404.9
405.31
405.71
406.12
406.52
406.92
407.33
407.74
408.14
408.55
408.95
409.36
409.76
410.16
410.57
410.98
411.38
411.79
412.19
412.59
413
413.4
413.81
414.22
414.62
415.03
415.43
415.83
416.24
416.65
417.05
417.46
417.86
418.26
418.67
419.07
419.48
419.89
420.29
420.7
421.1
421.48
421.87
422.25
422.63
423.02
423.4
423.78
424.17
424.55
424.93
425.32
425.7
426.08
426.47
426.85
427.23
427.62
428
428.38
428.77
429.15
429.53
429.92
430.3
430.68
431.07
431.45
431.83
432.22
432.6
432.98
433.37
433.75
434.13
434.52
434.9
435.28
435.67
436.05
436.43
436.82
437.2
437.58
437.97
438.35
438.73
439.12
439.5
439.88
440.27
440.65
441.03
441.42
441.8
442.18
442.57
442.95
443.33
443.72
444.1
444.35
444.6
444.85
445.1
445.35
445.6
445.85
446.1
446.35
446.6
446.85
447.1
447.35
447.6
447.85
448.1
448.35
448.6
448.85
449.1
449.35
449.6
449.85
450.1
450.35
450.6
450.85
451.1
451.35
451.6
451.85
452.1
452.35
452.6
452.85
453.1
453.35
453.6
453.85
454.1
454.35
454.6
454.85
455.1
455.35
455.6
455.85
456.1
456.35
456.6
456.85
457.1
457.35
457.6
457.85
458.1
458.35
458.6
458.85
459.1
459.47
459.84
460.21
460.58
460.95
461.32
461.69
462.06
462.43
462.8
463.17
463.54
463.91
464.28
464.65
465.02
465.39
465.76
466.13
466.5
466.87
467.24
467.61
467.98
468.35
468.72
469.09
469.46
469.83
470.2
470.57
470.94
471.31
471.68
472.05
472.42
472.79
473.16
473.53
473.9
474.27
474.64
475.01
475.38
475.75
476.12
476.49
476.86
477.23
477.6
477.97
478.34
478.71
479.08
479.45
479.82
480.19
480.56
480.93
481.3
481.55
481.79
482.04
482.29
482.53
482.78
483.03
483.27
483.52
483.77
484.01
484.26
484.51
484.75
485
485.25
485.49
485.74
485.99
486.23
486.48
486.73
486.97
487.22
487.47
487.71
487.96
488.21
488.45
488.7
488.95
489.19
489.44
489.69
489.93
490.18
490.43
490.67
490.92
491.17
491.41
491.66
491.91
492.15
492.4
492.65
492.89
493.14
493.39
493.63
493.88
494.13
494.37
494.62
494.87
495.11
495.36
495.61
495.85
496.1
496.18
496.26
496.35
496.43
496.51
496.59
496.67
496.75
496.84
496.92
497
497.08
497.16
497.24
497.33
497.41
497.49
497.57
497.65
497.73
497.81
497.9
497.98
498.06
498.14
498.22
498.31
498.39
498.47
498.55
498.63
498.71
498.8
498.88
498.96
499.04
499.12
499.2
499.28
499.37
499.45
499.53
499.61
499.69
499.77
499.86
499.94
500.02
500.1
500.18
500.26
500.35
500.43
500.51
500.59
500.67
500.75
500.84
500.92
501
501.22
501.45
501.67
501.89
502.12
502.34
502.56
502.79
503.01
503.23
503.46
503.68
503.9
504.13
504.35
504.57
504.8
505.02
505.24
505.47
505.69
505.91
506.14
506.36
506.58
506.81
507.03
507.25
507.48
507.7
507.92
508.15
508.37
508.59
508.82
509.04
509.26
509.49
509.71
509.93
510.16
510.38
510.6
510.83
511.05
511.27
511.5
511.72
511.94
512.17
512.39
512.61
512.84
513.06
513.28
513.51
513.73
513.95
514.18
514.4
514.42
514.45
514.47
514.5
514.52
514.55
514.58
514.6
514.63
514.65
514.67
514.7
514.73
514.75
514.77
514.8
514.82
514.85
514.88
514.9
514.92
514.95
514.97
515
515.02
515.05
515.08
515.1
515.13
515.15
515.17
515.2
515.22
515.25
515.27
515.3
515.32
515.35
515.38
515.4
515.42
515.45
515.48
515.5
515.52
515.55
515.57
515.6
515.63
515.65
515.67
515.7
515.73
515.75
515.77
515.8
515.82
515.85
515.88
515.9
515.9
515.9
515.89
515.89
515.89
515.89
515.89
515.89
515.88
515.88
515.88
515.88
515.88
515.88
515.88
515.87
515.87
515.87
515.87
515.87
515.87
515.86
515.86
515.86
515.86
515.86
515.86
515.85
515.85
515.85
515.85
515.85
515.85
515.84
515.84
515.84
515.84
515.84
515.84
515.83
515.83
515.83
515.83
515.83
515.82
515.82
515.82
515.82
515.82
515.82
515.81
515.81
515.81
515.81
515.81
515.81
515.8
515.8
515.8
515.8
515.67
515.54
515.4
515.27
515.14
515.01
514.88
514.75
514.62
514.48
514.35
514.22
514.09
513.96
513.82
513.69
513.56
513.43
513.3
513.17
513.03
512.9
512.77
512.64
512.51
512.38
512.24
512.11
511.98
511.85
511.72
511.59
511.45
511.32
511.19
511.06
510.93
510.8
510.66
510.53
510.4
510.27
510.14
510.01
509.87
509.74
509.61
509.48
509.35
509.22
509.08
508.95
508.82
508.69
508.56
508.43
508.29
508.16
508.03
507.9
507.68
507.46
507.25
507.03
506.81
506.59
506.37
506.15
505.94
505.72
505.5
505.28
505.06
504.84
504.62
504.41
504.19
503.97
503.75
503.53
503.31
503.1
502.88
502.66
502.44
502.22
502
501.79
501.57
501.35
501.13
500.91
500.7
500.48
500.26
500.04
499.82
499.6
499.39
499.17
498.95
498.73
498.51
498.29
498.08
497.86
497.64
497.42
497.2
496.98
496.76
496.55
496.33
496.11
495.89
495.67
495.45
495.24
495.02
494.8
494.29
493.77
493.26
492.74
492.23
491.71
491.2
490.68
490.16
489.65
489.13
488.62
488.1
487.59
487.08
486.56
486.05
485.53
485.02
484.5
483.99
483.47
482.95
482.44
481.92
481.41
480.89
480.38
479.86
479.35
478.84
478.32
477.81
477.29
476.78
476.26
475.75
475.23
474.71
474.2
473.68
473.17
472.65
472.14
471.62
471.11
470.6
470.08
469.57
469.05
468.54
468.02
467.5
466.99
466.47
465.96
465.44
464.93
464.41
463.9
462.73
461.56
460.39
459.21
458.04
456.87
455.7
454.53
453.35
452.18
451.01
449.84
448.67
447.5
446.32
445.15
443.98
442.81
441.64
440.47
439.3
438.12
436.95
435.78
434.61
433.44
432.26
431.09
429.92
428.75
427.58
426.41
425.24
424.06
422.89
421.72
420.55
419.38
418.2
417.03
415.86
414.69
413.52
412.35
411.18
410
408.83
407.66
406.49
405.32
404.15
402.97
401.8
400.63
399.46
398.29
397.11
395.94
394.77
393.6
392.98
392.35
391.73
391.1
390.48
389.85
389.23
388.6
387.97
387.35
386.72
386.1
385.47
384.85
384.23
383.6
382.98
382.35
381.73
381.1
380.48
379.85
379.22
378.6
377.97
377.35
376.72
376.1
375.48
374.85
374.23
373.6
372.98
372.35
371.73
371.1
370.48
369.85
369.22
368.6
367.97
367.35
366.72
366.1
365.48
364.85
364.23
363.6
362.98
362.35
361.73
361.1
360.47
359.85
359.22
358.6
357.97
357.35
356.72
356.1
356.05
356
355.95
355.9
355.85
355.8
355.75
355.7
355.65
355.6
355.55
355.5
355.45
355.4
355.35
355.3
355.25
355.2
355.15
355.1
355.05
355
354.95
354.9
354.85
354.8
354.75
354.7
354.65
354.6
354.55
354.5
354.45
354.4
354.35
354.3
354.25
354.2
354.15
354.1
354.05
354
353.95
353.9
353.85
353.8
353.75
353.7
353.65
353.6
353.55
353.5
353.45
353.4
353.35
353.3
353.25
353.2
353.15
353.1
353.19
353.28
353.37
353.46
353.55
353.64
353.73
353.82
353.91
354
354.09
354.18
354.27
354.36
354.45
354.54
354.63
354.72
354.81
354.9
354.99
355.08
355.17
355.26
355.35
355.44
355.53
355.62
355.71
355.8
355.89
355.98
356.07
356.16
356.25
356.34
356.43
356.52
356.61
356.7
356.79
356.88
356.97
357.06
357.15
357.24
357.33
357.42
357.51
357.6
357.69
357.78
357.87
357.96
358.05
358.14
358.23
358.32
358.41
358.5
358.56
358.61
358.67
358.73
358.78
358.84
358.9
358.95
359.01
359.07
359.12
359.18
359.24
359.29
359.35
359.41
359.46
359.52
359.58
359.63
359.69
359.75
359.8
359.86
359.92
359.97
360.03
360.09
360.14
360.2
360.26
360.31
360.37
360.43
360.48
360.54
360.6
360.65
360.71
360.77
360.82
360.88
360.94
360.99
361.05
361.11
361.16
361.22
361.28
361.33
361.39
361.45
361.5
361.56
361.62
361.67
361.73
361.79
361.84
361.9
362.02
362.14
362.25
362.37
362.49
362.61
362.73
362.85
362.97
363.08
363.2
363.32
363.44
363.56
363.67
363.79
363.91
364.03
364.15
364.27
364.38
364.5
364.62
364.74
364.86
364.98
365.1
365.21
365.33
365.45
365.57
365.69
365.8
365.92
366.04
366.16
366.28
366.4
366.52
366.63
366.75
366.87
366.99
367.11
367.23
367.34
367.46
367.58
367.7
367.82
367.94
368.05
368.17
368.29
368.41
368.53
368.64
368.76
368.88
369
369.24
369.48
369.71
369.95
370.19
370.43
370.67
370.91
371.15
371.38
371.62
371.86
372.1
372.34
372.57
372.81
373.05
373.29
373.53
373.77
374
374.24
374.48
374.72
374.96
375.2
375.44
375.67
375.91
376.15
376.39
376.63
376.86
377.1
377.34
377.58
377.82
378.06
378.3
378.53
378.77
379.01
379.25
379.49
379.73
379.96
380.2
380.44
380.68
380.92
381.15
381.39
381.63
381.87
382.11
382.35
382.59
382.82
383.06
383.3
383.38
383.47
383.55
383.63
383.72
383.8
383.88
383.97
384.05
384.13
384.22
384.3
384.38
384.47
384.55
384.63
384.72
384.8
384.88
384.97
385.05
385.13
385.22
385.3
385.38
385.47
385.55
385.63
385.72
385.8
385.88
385.97
386.05
386.13
386.22
386.3
386.38
386.47
386.55
386.63
386.72
386.8
386.88
386.97
387.05
387.13
387.22
387.3
387.38
387.47
387.55
387.63
387.72
387.8
387.88
387.97
388.05
388.13
388.22
388.3
388.44
388.59
388.74
388.88
389.02
389.17
389.31
389.46
389.61
389.75
389.9
390.04
390.19
390.33
390.48
390.62
390.76
390.91
391.05
391.2
391.34
391.49
391.64
391.78
391.93
392.07
392.22
392.36
392.5
392.65
392.79
392.94
393.09
393.23
393.37
393.52
393.66
393.81
393.96
394.1
394.25
394.39
394.54
394.68
394.82
394.97
395.11
395.26
395.4
395.55
395.69
395.84
395.99
396.13
396.28
396.42
396.56
396.71
396.86
397
396.77
396.53
396.3
396.07
395.83
395.6
395.37
395.13
394.9
394.67
394.43
394.2
393.97
393.73
393.5
393.27
393.03
392.8
392.57
392.33
392.1
391.87
391.63
391.4
391.17
390.93
390.7
390.47
390.23
390
389.77
389.53
389.3
389.07
388.83
388.6
388.37
388.13
387.9
387.67
387.43
387.2
386.97
386.73
386.5
386.27
386.03
385.8
385.57
385.33
385.1
384.87
384.63
384.4
384.17
383.93
383.7
383.47
383.23
383
383.32
383.65
383.97
384.3
384.62
384.95
385.27
385.6
385.93
386.25
386.58
386.9
387.23
387.55
387.88
388.2
388.52
388.85
389.17
389.5
389.82
390.15
390.48
390.8
391.13
391.45
391.78
392.1
392.43
392.75
393.07
393.4
393.72
394.05
394.37
394.7
395.02
395.35
395.68
396
396.33
396.65
396.98
397.3
397.63
397.95
398.27
398.6
398.92
399.25
399.57
399.9
400.23
400.55
400.88
401.2
401.53
401.85
402.18
402.5
403.15
403.81
404.46
405.11
405.77
406.42
407.07
407.73
408.38
409.03
409.69
410.34
410.99
411.65
412.3
412.95
413.61
414.26
414.91
415.57
416.22
416.87
417.53
418.18
418.83
419.49
420.14
420.79
421.45
422.1
422.75
423.41
424.06
424.71
425.37
426.02
426.67
427.33
427.98
428.63
429.29
429.94
430.59
431.25
431.9
432.55
433.21
433.86
434.51
435.17
435.82
436.47
437.13
437.78
438.43
439.09
439.74
440.39
441.05
441.7
442.59
443.47
444.36
445.25
446.13
447.02
447.91
448.79
449.68
450.57
451.45
452.34
453.23
454.11
455
455.89
456.77
457.66
458.55
459.43
460.32
461.21
462.09
462.98
463.87
464.75
465.64
466.53
467.41
468.3
469.19
470.07
470.96
471.85
472.73
473.62
474.51
475.39
476.28
477.17
478.05
478.94
479.83
480.71
481.6
482.49
483.37
484.26
485.15
486.03
486.92
487.81
488.69
489.58
490.47
491.35
492.24
493.13
494.01
494.9
495.54
496.18
496.81
497.45
498.09
498.73
499.37
500.01
500.65
501.28
501.92
502.56
503.2
503.84
504.47
505.11
505.75
506.39
507.03
507.67
508.3
508.94
509.58
510.22
510.86
511.5
512.14
512.77
513.41
514.05
514.69
515.33
515.96
516.6
517.24
517.88
518.52
519.16
519.8
520.43
521.07
521.71
522.35
522.99
523.63
524.26
524.9
525.54
526.18
526.82
527.45
528.09
528.73
529.37
530.01
530.65
531.29
531.92
532.56
533.2
533.59
533.99
534.38
534.77
535.17
535.56
535.95
536.35
536.74
537.13
537.53
537.92
538.31
538.71
539.1
539.49
539.89
540.28
540.67
541.07
541.46
541.85
542.25
542.64
543.03
543.43
543.82
544.21
544.61
545
545.39
545.79
546.18
546.57
546.97
547.36
547.75
548.15
548.54
548.93
549.33
549.72
550.11
550.51
550.9
551.29
551.69
552.08
552.47
552.87
553.26
553.65
554.05
554.44
554.83
555.23
555.62
556.01
556.41
556.8
557.06
557.33
557.59
557.85
558.12
558.38
558.64
558.91
559.17
559.43
559.7
559.96
560.22
560.49
560.75
561.01
561.28
561.54
561.8
562.07
562.33
562.59
562.86
563.12
563.38
563.65
563.91
564.17
564.44
564.7
564.96
565.23
565.49
565.75
566.02
566.28
566.54
566.81
567.07
567.33
567.6
567.86
568.12
568.39
568.65
568.91
569.18
569.44
569.7
569.97
570.23
570.49
570.76
571.02
571.28
571.55
571.81
572.07
572.34
572.6
572.89
573.19
573.48
573.78
574.07
574.37
574.66
574.96
575.26
575.55
575.85
576.14
576.44
576.73
577.03
577.32
577.62
577.91
578.2
578.5
578.79
579.09
579.39
579.68
579.98
580.27
580.57
580.86
581.15
581.45
581.75
582.04
582.34
582.63
582.92
583.22
583.51
583.81
584.11
584.4
584.7
584.99
585.29
585.58
585.88
586.17
586.46
586.76
587.05
587.35
587.64
587.94
588.24
588.53
588.83
589.12
589.42
589.71
590
590.3
590.66
591.03
591.39
591.76
592.12
592.49
592.85
593.22
593.59
593.95
594.32
594.68
595.05
595.41
595.77
596.14
596.5
596.87
597.23
597.6
597.96
598.33
598.7
599.06
599.43
599.79
600.16
600.52
600.88
601.25
601.62
601.98
602.34
602.71
603.07
603.44
603.8
604.17
604.54
604.9
605.27
605.63
606
606.36
606.73
607.09
607.45
607.82
608.18
608.55
608.91
609.28
609.65
610.01
610.38
610.74
611.11
611.47
611.84
612.2
612.37
612.54
612.7
612.87
613.04
613.21
613.38
613.55
613.72
613.88
614.05
614.22
614.39
614.56
614.73
614.89
615.06
615.23
615.4
615.57
615.74
615.9
616.07
616.24
616.41
616.58
616.75
616.91
617.08
617.25
617.42
617.59
617.75
617.92
618.09
618.26
618.43
618.6
618.77
618.93
619.1
619.27
619.44
619.61
619.77
619.94
620.11
620.28
620.45
620.62
620.78
620.95
621.12
621.29
621.46
621.63
621.8
621.96
622.13
622.3
622.4
622.49
622.59
622.69
622.78
622.88
622.98
623.07
623.17
623.27
623.36
623.46
623.56
623.65
623.75
623.85
623.94
624.04
624.14
624.23
624.33
624.43
624.52
624.62
624.72
624.81
624.91
625.01
625.1
625.2
625.3
625.39
625.49
625.59
625.68
625.78
625.88
625.97
626.07
626.17
626.26
626.36
626.46
626.55
626.65
626.75
626.84
626.94
627.04
627.13
627.23
627.33
627.42
627.52
627.62
627.71
627.81
627.91
628
628.1
628
627.89
627.78
627.68
627.58
627.47
627.37
627.26
627.15
627.05
626.95
626.84
626.74
626.63
626.53
626.42
626.32
626.21
626.11
626
625.89
625.79
625.68
625.58
625.47
625.37
625.26
625.16
625.06
624.95
624.85
624.74
624.63
624.53
624.42
624.32
624.22
624.11
624
623.9
623.79
623.69
623.58
623.48
623.38
623.27
623.16
623.06
622.96
622.85
622.75
622.64
622.53
622.43
622.32
622.22
622.12
622.01
621.9
621.8
620.6
619.39
618.19
616.98
615.78
614.57
613.37
612.16
610.95
609.75
608.54
607.34
606.13
604.93
603.72
602.52
601.32
600.11
598.91
597.7
596.5
595.29
594.08
592.88
591.67
590.47
589.26
588.06
586.85
585.65
584.45
583.24
582.04
580.83
579.63
578.42
577.22
576.01
574.8
573.6
572.39
571.19
569.98
568.78
567.58
566.37
565.17
563.96
562.76
561.55
560.35
559.14
557.93
556.73
555.52
554.32
553.11
551.91
550.7
549.5
549.19
548.88
548.57
548.26
547.95
547.64
547.33
547.02
546.71
546.4
546.09
545.78
545.47
545.16
544.85
544.54
544.23
543.92
543.61
543.3
542.99
542.68
542.37
542.06
541.75
541.44
541.13
540.82
540.51
540.2
539.89
539.58
539.27
538.96
538.65
538.34
538.03
537.72
537.41
537.1
536.79
536.48
536.17
535.86
535.55
535.24
534.93
534.62
534.31
534
533.69
533.38
533.07
532.76
532.45
532.14
531.83
531.52
531.21
530.9
530.27
529.65
529.02
528.39
527.77
527.14
526.51
525.89
525.26
524.63
524.01
523.38
522.75
522.13
521.5
520.87
520.25
519.62
518.99
518.37
517.74
517.11
516.49
515.86
515.23
514.61
513.98
513.35
512.73
512.1
511.47
510.85
510.22
509.59
508.97
508.34
507.71
507.09
506.46
505.83
505.21
504.58
503.95
503.33
502.7
502.07
501.45
500.82
500.19
499.57
498.94
498.31
497.69
497.06
496.43
495.81
495.18
494.55
493.93
493.3
492.8
492.29
491.79
491.29
490.78
490.28
489.78
489.27
488.77
488.27
487.76
487.26
486.76
486.25
485.75
485.25
484.74
484.24
483.74
483.23
482.73
482.23
481.72
481.22
480.72
480.21
479.71
479.21
478.7
478.2
477.7
477.19
476.69
476.19
475.68
475.18
474.68
474.17
473.67
473.17
472.66
472.16
471.66
471.15
470.65
470.15
469.64
469.14
468.64
468.13
467.63
467.13
466.62
466.12
465.62
465.11
464.61
464.11
463.6
463.1
462.8
462.51
462.21
461.91
461.62
461.32
461.02
460.73
460.43
460.13
459.84
459.54
459.24
458.95
458.65
458.35
458.06
457.76
457.46
457.17
456.87
456.57
456.28
455.98
455.68
455.39
455.09
454.79
454.5
454.2
453.9
453.61
453.31
453.01
452.72
452.42
452.12
451.83
451.53
451.23
450.94
450.64
450.34
450.05
449.75
449.45
449.16
448.86
448.56
448.27
447.97
447.67
447.38
447.08
446.78
446.49
446.19
445.89
445.6
445.3
444.84
444.39
443.93
443.47
443.02
442.56
442.1
441.65
441.19
440.73
440.28
439.82
439.36
438.91
438.45
437.99
437.54
437.08
436.62
436.17
435.71
435.25
434.8
434.34
433.88
433.43
432.97
432.51
432.06
431.6
431.14
430.69
430.23
429.77
429.32
428.86
428.4
427.95
427.49
427.03
426.58
426.12
425.66
425.21
424.75
424.29
423.84
423.38
422.92
422.47
422.01
421.55
421.1
420.64
420.18
419.73
419.27
418.81
418.36
417.9
417.73
417.56
417.39
417.22
417.05
416.88
416.71
416.54
416.37
416.2
416.03
415.86
415.69
415.52
415.35
415.18
415.01
414.84
414.67
414.5
414.33
414.16
413.99
413.82
413.65
413.48
413.31
413.14
412.97
412.8
412.63
412.46
412.29
412.12
411.95
411.78
411.61
411.44
411.27
411.1
410.93
410.76
410.59
410.42
410.25
410.08
409.91
409.74
409.57
409.4
409.23
409.06
408.89
408.72
408.55
408.38
408.21
408.04
407.87
407.7
407.68
407.65
407.63
407.61
407.58
407.56
407.54
407.51
407.49
407.47
407.44
407.42
407.4
407.37
407.35
407.33
407.3
407.28
407.26
407.23
407.21
407.19
407.16
407.14
407.12
407.09
407.07
407.05
407.02
407
406.98
406.95
406.93
406.91
406.88
406.86
406.84
406.81
406.79
406.77
406.74
406.72
406.7
406.67
406.65
406.63
406.6
406.58
406.56
406.53
406.51
406.49
406.46
406.44
406.42
406.39
406.37
406.35
406.32
406.3
406.28
406.26
406.25
406.23
406.21
406.19
406.17
406.15
406.13
406.12
406.1
406.08
406.06
406.04
406.03
406.01
405.99
405.97
405.95
405.93
405.91
405.9
405.88
405.86
405.84
405.82
405.8
405.79
405.77
405.75
405.73
405.71
405.7
405.68
405.66
405.64
405.62
405.6
405.58
405.57
405.55
405.53
405.51
405.49
405.47
405.46
405.44
405.42
405.4
405.38
405.37
405.35
405.33
405.31
405.29
405.27
405.25
405.24
405.22
405.2
405.29
405.37
405.45
405.54
405.63
405.71
405.79
405.88
405.97
406.05
406.13
406.22
406.31
406.39
406.47
406.56
406.64
406.73
406.81
406.9
406.98
407.07
407.16
407.24
407.33
407.41
407.5
407.58
407.67
407.75
407.83
407.92
408
408.09
408.17
408.26
408.34
408.43
408.51
408.6
408.69
408.77
408.86
408.94
409.03
409.11
409.19
409.28
409.37
409.45
409.53
409.62
409.71
409.79
409.88
409.96
410.05
410.13
410.21
410.3
410.33
410.35
410.38
410.41
410.43
410.46
410.49
410.51
410.54
410.57
410.59
410.62
410.65
410.67
410.7
410.73
410.75
410.78
410.81
410.83
410.86
410.89
410.91
410.94
410.97
410.99
411.02
411.05
411.07
411.1
411.13
411.15
411.18
411.21
411.23
411.26
411.29
411.31
411.34
411.37
411.39
411.42
411.45
411.47
411.5
411.53
411.55
411.58
411.61
411.63
411.66
411.69
411.71
411.74
411.77
411.79
411.82
411.85
411.87
411.9
412.14
412.39
412.63
412.88
413.12
413.37
413.61
413.86
414.11
414.35
414.6
414.84
415.08
415.33
415.57
415.82
416.06
416.31
416.55
416.8
417.04
417.29
417.54
417.78
418.03
418.27
418.52
418.76
419
419.25
419.5
419.74
419.98
420.23
420.47
420.72
420.96
421.21
421.46
421.7
421.95
422.19
422.44
422.68
422.93
423.17
423.41
423.66
423.9
424.15
424.39
424.64
424.89
425.13
425.38
425.62
425.87
426.11
426.36
426.6
426.38
426.15
425.93
425.71
425.48
425.26
425.04
424.81
424.59
424.37
424.14
423.92
423.7
423.47
423.25
423.03
422.8
422.58
422.36
422.13
421.91
421.69
421.46
421.24
421.02
420.79
420.57
420.35
420.12
419.9
419.68
419.45
419.23
419.01
418.78
418.56
418.34
418.11
417.89
417.67
417.44
417.22
417
416.77
416.55
416.33
416.1
415.88
415.66
415.43
415.21
414.99
414.76
414.54
414.32
414.09
413.87
413.65
413.42
413.2
413.42
413.64
413.86
414.08
414.3
414.52
414.74
414.96
415.18
415.4
415.62
415.84
416.06
416.28
416.5
416.72
416.94
417.16
417.38
417.6
417.82
418.04
418.26
418.48
418.7
418.92
419.14
419.36
419.58
419.8
420.02
420.24
420.46
420.68
420.9
421.12
421.34
421.56
421.78
422
422.22
422.44
422.66
422.88
423.1
423.32
423.54
423.76
423.98
424.2
424.42
424.64
424.86
425.08
425.3
425.52
425.74
425.96
426.18
426.4
426.94
427.48
428.02
428.56
429.1
429.64
430.18
430.72
431.26
431.8
432.34
432.88
433.42
433.96
434.5
435.04
435.58
436.12
436.66
437.2
437.74
438.28
438.82
439.36
439.9
440.44
440.98
441.52
442.06
442.6
443.14
443.68
444.22
444.76
445.3
445.84
446.38
446.92
447.46
448
448.54
449.08
449.62
450.16
450.7
451.24
451.78
452.32
452.86
453.4
453.94
454.48
455.02
455.56
456.1
456.64
457.18
457.72
458.26
458.8
459.39
459.98
460.57
461.16
461.75
462.34
462.93
463.52
464.11
464.7
465.29
465.88
466.47
467.06
467.65
468.24
468.83
469.42
470.01
470.6
471.19
471.78
472.37
472.96
473.55
474.14
474.73
475.32
475.91
476.5
477.09
477.68
478.27
478.86
479.45
480.04
480.63
481.22
481.81
482.4
482.99
483.58
484.17
484.76
485.35
485.94
486.53
487.12
487.71
488.3
488.89
489.48
490.07
490.66
491.25
491.84
492.43
493.02
493.61
494.2
494.67
495.14
495.61
496.09
496.56
497.03
497.5
497.97
498.45
498.92
499.39
499.86
500.33
500.8
501.27
501.75
502.22
502.69
503.16
503.63
504.1
504.58
505.05
505.52
505.99
506.46
506.94
507.41
507.88
508.35
508.82
509.29
509.76
510.24
510.71
511.18
511.65
512.12
512.6
513.07
513.54
514.01
514.48
514.95
515.42
515.9
516.37
516.84
517.31
517.78
518.25
518.73
519.2
519.67
520.14
520.61
521.09
521.56
522.03
522.5
522.78
523.07
523.35
523.63
523.92
524.2
524.48
524.77
525.05
525.33
525.62
525.9
526.18
526.47
526.75
527.03
527.32
527.6
527.88
528.17
528.45
528.73
529.02
529.3
529.58
529.87
530.15
530.43
530.72
531
531.28
531.57
531.85
532.13
532.42
532.7
532.98
533.27
533.55
533.83
534.12
534.4
534.68
534.97
535.25
535.53
535.82
536.1
536.38
536.67
536.95
537.23
537.52
537.8
538.08
538.37
538.65
538.93
539.22
539.5
539.79
540.08
540.37
540.65
540.94
541.23
541.52
541.81
542.1
542.38
542.67
542.96
543.25
543.54
543.83
544.11
544.4
544.69
544.98
545.27
545.55
545.84
546.13
546.42
546.71
547
547.29
547.57
547.86
548.15
548.44
548.73
549.01
549.3
549.59
549.88
550.17
550.46
550.75
551.03
551.32
551.61
551.9
552.19
552.47
552.76
553.05
553.34
553.63
553.92
554.2
554.49
554.78
555.07
555.36
555.65
555.93
556.22
556.51
556.8
557.12
557.45
557.77
558.1
558.42
558.75
559.07
559.4
559.73
560.05
560.38
560.7
561.02
561.35
561.67
562
562.32
562.65
562.97
563.3
563.62
563.95
564.28
564.6
564.93
565.25
565.58
565.9
566.22
566.55
566.88
567.2
567.52
567.85
568.17
568.5
568.82
569.15
569.48
569.8
570.13
570.45
570.77
571.1
571.42
571.75
572.07
572.4
572.72
573.05
573.37
573.7
574.03
574.35
574.68
575
575.33
575.65
575.98
576.3
576.37
576.44
576.51
576.58
576.65
576.72
576.79
576.86
576.93
577
577.07
577.14
577.21
577.28
577.35
577.42
577.49
577.56
577.63
577.7
577.77
577.84
577.91
577.98
578.05
578.12
578.19
578.26
578.33
578.4
578.47
578.54
578.61
578.68
578.75
578.82
578.89
578.96
579.03
579.1
579.17
579.24
579.31
579.38
579.45
579.52
579.59
579.66
579.73
579.8
579.87
579.94
580.01
580.08
580.15
580.22
580.29
580.36
580.43
580.5
580.5
580.49
580.49
580.48
580.48
580.47
580.47
580.46
580.46
580.45
580.44
580.44
580.43
580.43
580.42
580.42
580.41
580.41
580.41
580.4
580.39
580.39
580.38
580.38
580.38
580.37
580.37
580.36
580.36
580.35
580.35
580.34
580.34
580.33
580.33
580.32
580.32
580.31
580.31
580.3
580.3
580.29
580.29
580.28
580.28
580.27
580.26
580.26
580.25
580.25
580.25
580.24
580.24
580.23
580.23
580.22
580.22
580.21
580.21
580.2
580.13
580.07
580
579.93
579.87
579.8
579.73
579.67
579.6
579.53
579.47
579.4
579.33
579.27
579.2
579.13
579.07
579
578.93
578.87
578.8
578.73
578.67
578.6
578.53
578.47
578.4
578.33
578.27
578.2
578.13
578.07
578
577.93
577.87
577.8
577.73
577.67
577.6
577.53
577.47
577.4
577.33
577.27
577.2
577.13
577.07
577
576.93
576.87
576.8
576.73
576.67
576.6
576.53
576.47
576.4
576.33
576.27
576.2
575.89
575.59
575.28
574.97
574.67
574.36
574.05
573.75
573.44
573.13
572.83
572.52
572.21
571.91
571.6
571.29
570.99
570.68
570.37
570.07
569.76
569.45
569.15
568.84
568.53
568.23
567.92
567.61
567.31
567
566.69
566.39
566.08
565.77
565.47
565.16
564.85
564.55
564.24
563.93
563.63
563.32
563.01
562.71
562.4
562.09
561.79
561.48
561.17
560.87
560.56
560.25
559.95
559.64
559.33
559.03
558.72
558.41
558.11
557.8
556.28
554.76
553.25
551.73
550.21
548.69
547.17
545.65
544.13
542.62
541.1
539.58
538.06
536.54
535.02
533.51
531.99
530.47
528.95
527.43
525.92
524.4
522.88
521.36
519.84
518.32
516.8
515.29
513.77
512.25
510.73
509.21
507.7
506.18
504.66
503.14
501.62
500.1
498.58
497.07
495.55
494.03
492.51
490.99
489.47
487.96
486.44
484.92
483.4
481.88
480.37
478.85
477.33
475.81
474.29
472.77
471.25
469.74
468.22
466.7
466.05
465.4
464.75
464.1
463.45
462.8
462.15
461.5
460.85
460.2
459.55
458.9
458.25
457.6
456.95
456.3
455.65
455
454.35
453.7
453.05
452.4
451.75
451.1
450.45
449.8
449.15
448.5
447.85
447.2
446.55
445.9
445.25
444.6
443.95
443.3
442.65
442
441.35
440.7
440.05
439.4
438.75
438.1
437.45
436.8
436.15
435.5
434.85
434.2
433.55
432.9
432.25
431.6
430.95
430.3
429.65
429
428.35
427.7
427.01
426.33
425.64
424.95
424.27
423.58
422.89
422.21
421.52
420.83
420.15
419.46
418.77
418.09
417.4
416.71
416.03
415.34
414.65
413.97
413.28
412.59
411.91
411.22
410.53
409.85
409.16
408.47
407.79
407.1
406.41
405.73
405.04
404.35
403.67
402.98
402.29
401.61
400.92
400.23
399.55
398.86
398.17
397.49
396.8
396.11
395.43
394.74
394.05
393.37
392.68
391.99
391.31
390.62
389.93
389.25
388.56
387.87
387.19
386.5
385.89
385.28
384.68
384.07
383.46
382.85
382.24
381.63
381.02
380.42
379.81
379.2
378.59
377.98
377.38
376.77
376.16
375.55
374.94
374.33
373.73
373.12
372.51
371.9
371.29
370.68
370.07
369.47
368.86
368.25
367.64
367.03
366.43
365.82
365.21
364.6
363.99
363.38
362.77
362.17
361.56
360.95
360.34
359.73
359.13
358.52
357.91
357.3
356.69
356.08
355.48
354.87
354.26
353.65
353.04
352.43
351.82
351.22
350.61
350
349.57
349.14
348.71
348.27
347.84
347.41
346.98
346.55
346.11
345.68
345.25
344.82
344.39
343.96
343.52
343.09
342.66
342.23
341.8
341.37
340.94
340.5
340.07
339.64
339.21
338.78
338.34
337.91
337.48
337.05
336.62
336.19
335.76
335.32
334.89
334.46
334.03
333.6
333.16
332.73
332.3
331.87
331.44
331.01
330.58
330.14
329.71
329.28
328.85
328.42
327.99
327.55
327.12
326.69
326.26
325.83
325.39
324.96
324.53
324.1
323.82
323.53
323.25
322.97
322.68
322.4
322.12
321.83
321.55
321.27
320.98
320.7
320.42
320.13
319.85
319.57
319.28
319
318.72
318.43
318.15
317.87
317.58
317.3
317.02
316.73
316.45
316.17
315.88
315.6
315.32
315.03
314.75
314.47
314.18
313.9
313.62
313.33
313.05
312.77
312.48
312.2
311.92
311.63
311.35
311.07
310.78
310.5
310.22
309.93
309.65
309.37
309.08
308.8
308.52
308.23
307.95
307.67
307.38
307.1
306.84
306.57
306.31
306.05
305.78
305.52
305.26
304.99
304.73
304.47
304.2
303.94
303.68
303.41
303.15
302.89
302.62
302.36
302.1
301.83
301.57
301.31
301.04
300.78
300.52
300.25
299.99
299.73
299.46
299.2
298.94
298.67
298.41
298.15
297.88
297.62
297.36
297.09
296.83
296.57
296.3
296.04
295.78
295.51
295.25
294.99
294.72
294.46
294.2
293.93
293.67
293.41
293.14
292.88
292.62
292.35
292.09
291.83
291.56
291.3
291.04
290.79
290.53
290.27
290.02
289.76
289.5
289.25
288.99
288.73
288.48
288.22
287.96
287.71
287.45
287.19
286.94
286.68
286.42
286.17
285.91
285.65
285.4
285.14
284.88
284.63
284.37
284.11
283.86
283.6
283.34
283.09
282.83
282.57
282.32
282.06
281.8
281.55
281.29
281.03
280.78
280.52
280.26
280.01
279.75
279.49
279.24
278.98
278.72
278.47
278.21
277.95
277.7
277.44
277.18
276.93
276.67
276.41
276.16
275.9
275.81
275.73
275.64
275.56
275.48
275.39
275.31
275.22
275.13
275.05
274.96
274.88
274.79
274.71
274.63
274.54
274.45
274.37
274.28
274.2
274.12
274.03
273.94
273.86
273.77
273.69
273.61
273.52
273.44
273.35
273.26
273.18
273.1
273.01
272.93
272.84
272.76
272.67
272.58
272.5
272.41
272.33
272.25
272.16
272.08
271.99
271.91
271.82
271.74
271.65
271.57
271.48
271.39
271.31
271.22
271.14
271.06
270.97
270.88
270.8
270.78
270.75
270.73
270.71
270.68
270.66
270.64
270.61
270.59
270.57
270.54
270.52
270.5
270.47
270.45
270.43
270.4
270.38
270.36
270.33
270.31
270.29
270.26
270.24
270.22
270.19
270.17
270.15
270.12
270.1
270.08
270.05
270.03
270.01
269.98
269.96
269.94
269.91
269.89
269.87
269.84
269.82
269.8
269.77
269.75
269.73
269.7
269.68
269.66
269.63
269.61
269.59
269.56
269.54
269.52
269.49
269.47
269.45
269.42
269.4
269.6
269.8
269.99
270.19
270.39
270.59
270.79
270.99
271.19
271.38
271.58
271.78
271.98
272.18
272.38
272.57
272.77
272.97
273.17
273.37
273.56
273.76
273.96
274.16
274.36
274.56
274.75
274.95
275.15
275.35
275.55
275.75
275.94
276.14
276.34
276.54
276.74
276.94
277.14
277.33
277.53
277.73
277.93
278.13
278.33
278.52
278.72
278.92
279.12
279.32
279.51
279.71
279.91
280.11
280.31
280.51
280.71
280.9
281.1
281.3
282.1
282.91
283.71
284.52
285.32
286.13
286.93
287.74
288.55
289.35
290.16
290.96
291.77
292.57
293.38
294.18
294.98
295.79
296.59
297.4
298.2
299.01
299.82
300.62
301.43
302.23
303.04
303.84
304.65
305.45
306.25
307.06
307.86
308.67
309.47
310.28
311.08
311.89
312.7
313.5
314.31
315.11
315.92
316.72
317.53
318.33
319.13
319.94
320.74
321.55
322.35
323.16
323.97
324.77
325.58
326.38
327.19
327.99
328.8
329.6
328.91
328.23
327.54
326.85
326.17
325.48
324.79
324.11
323.42
322.73
322.05
321.36
320.67
319.99
319.3
318.61
317.93
317.24
316.55
315.87
315.18
314.49
313.81
313.12
312.43
311.75
311.06
310.37
309.69
309
308.31
307.63
306.94
306.25
305.57
304.88
304.19
303.51
302.82
302.13
301.45
300.76
300.07
299.39
298.7
298.01
297.33
296.64
295.95
295.27
294.58
293.89
293.21
292.52
291.83
291.15
290.46
289.77
289.09
288.4
289.76
291.13
292.49
293.85
295.22
296.58
297.94
299.31
300.67
302.03
303.4
304.76
306.12
307.49
308.85
310.21
311.58
312.94
314.3
315.67
317.03
318.39
319.76
321.12
322.48
323.85
325.21
326.57
327.94
329.3
330.66
332.03
333.39
334.75
336.12
337.48
338.84
340.21
341.57
342.93
344.3
345.66
347.02
348.39
349.75
351.11
352.48
353.84
355.2
356.57
357.93
359.29
360.66
362.02
363.38
364.75
366.11
367.47
368.84
370.2
371.21
372.21
373.22
374.23
375.23
376.24
377.25
378.25
379.26
380.27
381.27
382.28
383.29
384.29
385.3
386.31
387.31
388.32
389.33
390.33
391.34
392.35
393.35
394.36
395.37
396.37
397.38
398.39
399.39
400.4
401.41
402.41
403.42
404.43
405.43
406.44
407.45
408.45
409.46
410.47
411.47
412.48
413.49
414.49
415.5
416.51
417.51
418.52
419.53
420.53
421.54
422.55
423.55
424.56
425.57
426.57
427.58
428.59
429.59
430.6
431.28
431.96
432.63
433.31
433.99
434.67
435.35
436.03
436.71
437.38
438.06
438.74
439.42
440.1
440.78
441.45
442.13
442.81
443.49
444.17
444.84
445.52
446.2
446.88
447.56
448.24
448.92
449.59
450.27
450.95
451.63
452.31
452.98
453.66
454.34
455.02
455.7
456.38
457.06
457.73
458.41
459.09
459.77
460.45
461.13
461.8
462.48
463.16
463.84
464.52
465.19
465.87
466.55
467.23
467.91
468.59
469.27
469.94
470.62
471.3
471.67
472.05
472.42
472.8
473.17
473.55
473.92
474.3
474.68
475.05
475.43
475.8
476.18
476.55
476.93
477.3
477.67
478.05
478.42
478.8
479.17
479.55
479.93
480.3
480.68
481.05
481.43
481.8
482.18
482.55
482.92
483.3
483.67
484.05
484.42
484.8
485.17
485.55
485.93
486.3
486.68
487.05
487.43
487.8
488.18
488.55
488.92
489.3
489.67
490.05
490.42
490.8
491.18
491.55
491.93
492.3
492.68
493.05
493.43
493.8
494.21
494.61
495.02
495.43
495.83
496.24
496.65
497.05
497.46
497.87
498.27
498.68
499.09
499.49
499.9
500.31
500.71
501.12
501.53
501.93
502.34
502.75
503.15
503.56
503.97
504.37
504.78
505.19
505.59
506
506.41
506.81
507.22
507.63
508.03
508.44
508.85
509.25
509.66
510.07
510.47
510.88
511.29
511.69
512.1
512.51
512.91
513.32
513.73
514.13
514.54
514.95
515.35
515.76
516.17
516.57
516.98
517.39
517.79
518.2
518.42
518.64
518.86
519.08
519.3
519.52
519.74
519.96
520.18
520.4
520.62
520.84
521.06
521.28
521.5
521.72
521.94
522.16
522.38
522.6
522.82
523.04
523.26
523.48
523.7
523.92
524.14
524.36
524.58
524.8
525.02
525.24
525.46
525.68
525.9
526.12
526.34
526.56
526.78
527
527.22
527.44
527.66
527.88
528.1
528.32
528.54
528.76
528.98
529.2
529.42
529.64
529.86
530.08
530.3
530.52
530.74
530.96
531.18
531.4
531.49
531.57
531.66
531.75
531.83
531.92
532.01
532.09
532.18
532.27
532.35
532.44
532.53
532.61
532.7
532.79
532.87
532.96
533.05
533.13
533.22
533.31
533.39
533.48
533.57
533.65
533.74
533.83
533.91
534
534.09
534.17
534.26
534.35
534.43
534.52
534.61
534.69
534.78
534.87
534.95
535.04
535.13
535.21
535.3
535.39
535.47
535.56
535.65
535.73
535.82
535.91
535.99
536.08
536.17
536.25
536.34
536.43
536.51
536.6
536.67
536.74
536.81
536.87
536.94
537.01
537.08
537.15
537.22
537.28
537.35
537.42
537.49
537.56
537.63
537.69
537.76
537.83
537.9
537.97
538.04
538.1
538.17
538.24
538.31
538.38
538.45
538.51
538.58
538.65
538.72
538.79
538.86
538.92
538.99
539.06
539.13
539.2
539.27
539.33
539.4
539.47
539.54
539.61
539.68
539.74
539.81
539.88
539.95
540.02
540.09
540.15
540.22
540.29
540.36
540.43
540.5
540.56
540.63
540.7
540.65
540.6
540.55
540.5
540.45
540.4
540.35
540.3
540.25
540.2
540.15
540.1
540.05
540
539.95
539.9
539.85
539.8
539.75
539.7
539.65
539.6
539.55
539.5
539.45
539.4
539.35
539.3
539.25
539.2
539.15
539.1
539.05
539
538.95
538.9
538.85
538.8
538.75
538.7
538.65
538.6
538.55
538.5
538.45
538.4
538.35
538.3
538.25
538.2
538.15
538.1
538.05
538
537.95
537.9
537.85
537.8
537.75
537.7
537.56
537.41
537.27
537.13
536.98
536.84
536.7
536.55
536.41
536.27
536.12
535.98
535.84
535.69
535.55
535.41
535.26
535.12
534.98
534.83
534.69
534.55
534.4
534.26
534.12
533.97
533.83
533.69
533.54
533.4
533.26
533.11
532.97
532.83
532.68
532.54
532.4
532.25
532.11
531.97
531.82
531.68
531.54
531.39
531.25
531.11
530.96
530.82
530.68
530.53
530.39
530.25
530.1
529.96
529.82
529.67
529.53
529.39
529.24
529.1
528.79
528.48
528.16
527.85
527.54
527.23
526.92
526.61
526.29
525.98
525.67
525.36
525.05
524.74
524.43
524.11
523.8
523.49
523.18
522.87
522.56
522.24
521.93
521.62
521.31
521
520.69
520.37
520.06
519.75
519.44
519.13
518.81
518.5
518.19
517.88
517.57
517.26
516.94
516.63
516.32
516.01
515.7
515.39
515.07
514.76
514.45
514.14
513.83
513.52
513.21
512.89
512.58
512.27
511.96
511.65
511.34
511.02
510.71
510.4
508.76
507.12
505.48
503.84
502.2
500.56
498.92
497.28
495.64
494
492.36
490.72
489.08
487.44
485.8
484.16
482.52
480.88
479.24
477.6
475.96
474.32
472.68
471.04
469.4
467.76
466.12
464.48
462.84
461.2
459.56
457.92
456.28
454.64
453
451.36
449.72
448.08
446.44
444.8
443.16
441.52
439.88
438.24
436.6
434.96
433.32
431.68
430.04
428.4
426.76
425.12
423.48
421.84
420.2
418.56
416.92
415.28
413.64
412
411.39
410.78
410.17
409.57
408.96
408.35
407.74
407.13
406.52
405.92
405.31
404.7
404.09
403.48
402.88
402.27
401.66
401.05
400.44
399.83
399.23
398.62
398.01
397.4
396.79
396.18
395.58
394.97
394.36
393.75
393.14
392.53
391.92
391.32
390.71
390.1
389.49
388.88
388.27
387.67
387.06
386.45
385.84
385.23
384.63
384.02
383.41
382.8
382.19
381.58
380.98
380.37
379.76
379.15
378.54
377.93
377.33
376.72
376.11
375.5
374.52
373.55
372.57
371.6
370.62
369.65
368.67
367.7
366.72
365.75
364.77
363.8
362.82
361.85
360.88
359.9
358.93
357.95
356.98
356
355.03
354.05
353.08
352.1
351.13
350.15
349.18
348.2
347.23
346.25
345.27
344.3
343.32
342.35
341.37
340.4
339.42
338.45
337.47
336.5
335.52
334.55
333.57
332.6
331.63
330.65
329.68
328.7
327.73
326.75
325.78
324.8
323.83
322.85
321.88
320.9
319.93
318.95
317.98
317
316.14
315.28
314.42
313.56
312.7
311.84
310.98
310.12
309.26
308.4
307.54
306.68
305.82
304.96
304.1
303.24
302.38
301.52
300.66
299.8
298.94
298.08
297.22
296.36
295.5
294.64
293.78
292.92
292.06
291.2
290.34
289.48
288.62
287.76
286.9
286.04
285.18
284.32
283.46
282.6
281.74
280.88
280.02
279.16
278.3
277.44
276.58
275.72
274.86
274
273.14
272.28
271.42
270.56
269.7
268.84
267.98
267.12
266.26
265.4
264.98
264.56
264.14
263.73
263.31
262.89
262.47
262.05
261.63
261.22
260.8
260.38
259.96
259.54
259.13
258.71
258.29
257.87
257.45
257.03
256.62
256.2
255.78
255.36
254.94
254.52
254.11
253.69
253.27
252.85
252.43
252.01
251.59
251.18
250.76
250.34
249.92
249.5
249.08
248.67
248.25
247.83
247.41
246.99
246.58
246.16
245.74
245.32
244.9
244.48
244.07
243.65
243.23
242.81
242.39
241.97
241.56
241.14
240.72
240.3
240.08
239.87
239.65
239.43
239.22
239
238.78
238.57
238.35
238.13
237.92
237.7
237.48
237.27
237.05
236.83
236.62
236.4
236.18
235.97
235.75
235.53
235.32
235.1
234.88
234.67
234.45
234.23
234.02
233.8
233.58
233.37
233.15
232.93
232.72
232.5
232.28
232.07
231.85
231.63
231.42
231.2
230.98
230.77
230.55
230.33
230.12
229.9
229.68
229.47
229.25
229.03
228.82
228.6
228.38
228.17
227.95
227.73
227.52
227.3
227.19
227.09
226.98
226.88
226.77
226.67
226.56
226.46
226.35
226.25
226.14
226.04
225.94
225.83
225.73
225.62
225.52
225.41
225.31
225.2
225.1
224.99
224.89
224.78
224.68
224.57
224.47
224.36
224.26
224.15
224.04
223.94
223.83
223.73
223.62
223.52
223.41
223.31
223.2
223.1
222.99
222.89
222.78
222.68
222.57
222.47
222.37
222.26
222.16
222.05
221.95
221.84
221.74
221.63
221.53
221.42
221.32
221.21
221.11
221
220.78
220.55
220.33
220.11
219.88
219.66
219.44
219.21
218.99
218.77
218.54
218.32
218.1
217.87
217.65
217.43
217.2
216.98
216.76
216.53
216.31
216.09
215.86
215.64
215.42
215.19
214.97
214.75
214.52
214.3
214.08
213.85
213.63
213.41
213.18
212.96
212.74
212.51
212.29
212.07
211.84
211.62
211.4
211.17
210.95
210.73
210.5
210.28
210.06
209.83
209.61
209.39
209.16
208.94
208.72
208.49
208.27
208.05
207.82
207.6
207.58
207.56
207.54
207.53
207.51
207.49
207.47
207.45
207.44
207.42
207.4
207.38
207.36
207.34
207.32
207.31
207.29
207.27
207.25
207.23
207.21
207.2
207.18
207.16
207.14
207.12
207.11
207.09
207.07
207.05
207.03
207.01
207
206.98
206.96
206.94
206.92
206.9
206.88
206.87
206.85
206.83
206.81
206.79
206.78
206.76
206.74
206.72
206.7
206.68
206.67
206.65
206.63
206.61
206.59
206.57
206.56
206.54
206.52
206.5
206.65
206.81
206.96
207.11
207.27
207.42
207.57
207.73
207.88
208.03
208.19
208.34
208.49
208.65
208.8
208.95
209.11
209.26
209.41
209.57
209.72
209.87
210.03
210.18
210.33
210.49
210.64
210.79
210.95
211.1
211.25
211.41
211.56
211.71
211.87
212.02
212.17
212.33
212.48
212.63
212.79
212.94
213.09
213.25
213.4
213.55
213.71
213.86
214.01
214.17
214.32
214.47
214.63
214.78
214.93
215.09
215.24
215.39
215.55
215.7
215.57
215.43
215.3
215.17
215.03
214.9
214.77
214.63
214.5
214.37
214.23
214.1
213.97
213.83
213.7
213.57
213.43
213.3
213.17
213.03
212.9
212.77
212.63
212.5
212.37
212.23
212.1
211.97
211.83
211.7
211.57
211.43
211.3
211.17
211.03
210.9
210.77
210.63
210.5
210.37
210.23
210.1
209.97
209.83
209.7
209.57
209.43
209.3
209.17
209.03
208.9
208.77
208.63
208.5
208.37
208.23
208.1
207.97
207.83
207.7
208.03
208.36
208.7
209.03
209.36
209.69
210.02
210.35
210.69
211.02
211.35
211.68
212.01
212.34
212.67
213.01
213.34
213.67
214
214.33
214.66
215
215.33
215.66
215.99
216.32
216.65
216.99
217.32
217.65
217.98
218.31
218.65
218.98
219.31
219.64
219.97
220.3
220.64
220.97
221.3
221.63
221.96
222.29
222.63
222.96
223.29
223.62
223.95
224.28
224.61
224.95
225.28
225.61
225.94
226.27
226.6
226.94
227.27
227.6
228.05
228.5
228.96
229.41
229.86
230.31
230.76
231.21
231.67
232.12
232.57
233.02
233.47
233.92
234.38
234.83
235.28
235.73
236.18
236.63
237.08
237.54
237.99
238.44
238.89
239.34
239.79
240.25
240.7
241.15
241.6
242.05
242.51
242.96
243.41
243.86
244.31
244.76
245.22
245.67
246.12
246.57
247.02
247.47
247.92
248.38
248.83
249.28
249.73
250.18
250.63
251.09
251.54
251.99
252.44
252.89
253.34
253.8
254.25
254.7
255.8
256.9
258
259.1
260.2
261.3
262.4
263.5
264.6
265.7
266.8
267.9
269
270.1
271.2
272.3
273.4
274.5
275.6
276.7
277.8
278.9
280
281.1
282.2
283.3
284.4
285.5
286.6
287.7
288.8
289.9
291
292.1
293.2
294.3
295.4
296.5
297.6
298.7
299.8
300.9
302
303.1
304.2
305.3
306.4
307.5
308.6
309.7
310.8
311.9
313
314.1
315.2
316.3
317.4
318.5
319.6
320.7
321.6
322.5
323.4
324.29
325.19
326.09
326.99
327.89
328.79
329.68
330.58
331.48
332.38
333.28
334.17
335.07
335.97
336.87
337.77
338.67
339.56
340.46
341.36
342.26
343.16
344.06
344.95
345.85
346.75
347.65
348.55
349.45
350.35
351.24
352.14
353.04
353.94
354.84
355.74
356.63
357.53
358.43
359.33
360.23
361.13
362.02
362.92
363.82
364.72
365.62
366.51
367.41
368.31
369.21
370.11
371.01
371.9
372.8
373.7
374.6
375.47
376.34
377.21
378.08
378.95
379.82
380.69
381.56
382.43
383.3
384.17
385.04
385.91
386.78
387.65
388.52
389.39
390.26
391.13
392
392.87
393.74
394.61
395.48
396.35
397.22
398.09
398.96
399.83
400.7
401.57
402.44
403.31
404.18
405.05
405.92
406.79
407.66
408.53
409.4
410.27
411.14
412.01
412.88
413.75
414.62
415.49
416.36
417.23
418.1
418.97
419.84
420.71
421.58
422.45
423.32
424.19
425.06
425.93
426.8
427.52
428.24
428.96
429.67
430.39
431.11
431.83
432.55
433.27
433.98
434.7
435.42
436.14
436.86
437.58
438.29
439.01
439.73
440.45
441.17
441.88
442.6
443.32
444.04
444.76
445.48
446.19
446.91
447.63
448.35
449.07
449.79
450.51
451.22
451.94
452.66
453.38
454.1
454.82
455.53
456.25
456.97
457.69
458.41
459.12
459.84
460.56
461.28
462
462.72
463.43
464.15
464.87
465.59
466.31
467.03
467.74
468.46
469.18
469.9
470.36
470.81
471.27
471.72
472.18
472.63
473.09
473.54
474
474.45
474.91
475.36
475.81
476.27
476.72
477.18
477.63
478.09
478.54
479
479.45
479.91
480.36
480.82
481.27
481.73
482.18
482.64
483.09
483.55
484.01
484.46
484.92
485.37
485.83
486.28
486.74
487.19
487.65
488.1
488.56
489.01
489.47
489.92
490.38
490.83
491.28
491.74
492.19
492.65
493.1
493.56
494.01
494.47
494.92
495.38
495.83
496.29
496.74
497.2
497.54
497.88
498.22
498.56
498.9
499.24
499.58
499.92
500.26
500.6
500.94
501.28
501.62
501.96
502.3
502.64
502.98
503.32
503.66
504
504.34
504.68
505.02
505.36
505.7
506.04
506.38
506.72
507.06
507.4
507.74
508.08
508.42
508.76
509.1
509.44
509.78
510.12
510.46
510.8
511.14
511.48
511.82
512.16
512.5
512.84
513.18
513.52
513.86
514.2
514.54
514.88
515.22
515.56
515.9
516.24
516.58
516.92
517.26
517.6
517.67
517.73
517.8
517.87
517.93
518
518.07
518.13
518.2
518.27
518.33
518.4
518.47
518.53
518.6
518.67
518.73
518.8
518.87
518.93
519
519.07
519.13
519.2
519.27
519.33
519.4
519.47
519.53
519.6
519.67
519.73
519.8
519.87
519.93
520
520.07
520.13
520.2
520.27
520.33
520.4
520.47
520.53
520.6
520.67
520.73
520.8
520.87
520.93
521
521.07
521.13
521.2
521.27
521.33
521.4
521.47
521.53
521.6
521.54
521.48
521.42
521.36
521.3
521.24
521.18
521.12
521.06
521
520.94
520.88
520.82
520.76
520.7
520.64
520.58
520.52
520.46
520.4
520.34
520.28
520.22
520.16
520.1
520.04
519.98
519.92
519.86
519.8
519.74
519.68
519.62
519.56
519.5
519.44
519.38
519.32
519.26
519.2
519.14
519.08
519.02
518.96
518.9
518.84
518.78
518.72
518.66
518.6
518.54
518.48
518.42
518.36
518.3
518.24
518.18
518.12
518.06
518
517.99
517.97
517.96
517.95
517.93
517.92
517.91
517.89
517.88
517.87
517.85
517.84
517.83
517.81
517.8
517.79
517.77
517.76
517.75
517.73
517.72
517.71
517.69
517.68
517.67
517.65
517.64
517.63
517.61
517.6
517.59
517.57
517.56
517.55
517.53
517.52
517.51
517.49
517.48
517.47
517.45
517.44
517.43
517.41
517.4
517.39
517.37
517.36
517.35
517.33
517.32
517.31
517.29
517.28
517.27
517.25
517.24
517.23
517.21
517.2
517.02
516.84
516.66
516.49
516.31
516.13
515.95
515.77
515.6
515.42
515.24
515.06
514.88
514.7
514.53
514.35
514.17
513.99
513.81
513.63
513.46
513.28
513.1
512.92
512.74
512.56
512.39
512.21
512.03
511.85
511.67
511.49
511.31
511.14
510.96
510.78
510.6
510.42
510.24
510.07
509.89
509.71
509.53
509.35
509.18
509
508.82
508.64
508.46
508.28
508.11
507.93
507.75
507.57
507.39
507.21
507.04
506.86
506.68
506.5
506.07
505.64
505.21
504.79
504.36
503.93
503.5
503.07
502.64
502.22
501.79
501.36
500.93
500.5
500.07
499.65
499.22
498.79
498.36
497.93
497.51
497.08
496.65
496.22
495.79
495.36
494.94
494.51
494.08
493.65
493.22
492.79
492.36
491.94
491.51
491.08
490.65
490.22
489.79
489.37
488.94
488.51
488.08
487.65
487.23
486.8
486.37
485.94
485.51
485.08
484.66
484.23
483.8
483.37
482.94
482.51
482.09
481.66
481.23
480.8
479.07
477.34
475.61
473.89
472.16
470.43
468.7
466.97
465.24
463.52
461.79
460.06
458.33
456.6
454.88
453.15
451.42
449.69
447.96
446.23
444.51
442.78
441.05
439.32
437.59
435.86
434.14
432.41
430.68
428.95
427.22
425.49
423.76
422.04
420.31
418.58
416.85
415.12
413.39
411.67
409.94
408.21
406.48
404.75
403.03
401.3
399.57
397.84
396.11
394.38
392.66
390.93
389.2
387.47
385.74
384.01
382.29
380.56
378.83
377.1
376.86
376.61
376.37
376.13
375.88
375.64
375.4
375.15
374.91
374.67
374.42
374.18
373.94
373.69
373.45
373.21
372.96
372.72
372.48
372.23
371.99
371.75
371.5
371.26
371.02
370.77
370.53
370.29
370.04
369.8
369.56
369.31
369.07
368.83
368.58
368.34
368.1
367.85
367.61
367.37
367.12
366.88
366.64
366.39
366.15
365.91
365.66
365.42
365.18
364.93
364.69
364.45
364.2
363.96
363.72
363.47
363.23
362.99
362.74
362.5
361.84
361.19
360.53
359.88
359.22
358.57
357.91
357.26
356.6
355.95
355.29
354.64
353.98
353.33
352.68
352.02
351.37
350.71
350.06
349.4
348.75
348.09
347.44
346.78
346.13
345.47
344.82
344.16
343.51
342.85
342.19
341.54
340.88
340.23
339.57
338.92
338.26
337.61
336.95
336.3
335.64
334.99
334.33
333.68
333.02
332.37
331.72
331.06
330.41
329.75
329.1
328.44
327.79
327.13
326.48
325.82
325.17
324.51
323.86
323.2
322.66
322.13
321.59
321.06
320.52
319.99
319.45
318.92
318.38
317.85
317.31
316.78
316.24
315.71
315.17
314.64
314.11
313.57
313.04
312.5
311.97
311.43
310.9
310.36
309.83
309.29
308.76
308.22
307.69
307.15
306.61
306.08
305.54
305.01
304.47
303.94
303.4
302.87
302.33
301.8
301.26
300.73
300.19
299.66
299.13
298.59
298.06
297.52
296.99
296.45
295.92
295.38
294.85
294.31
293.78
293.24
292.71
292.17
291.64
291.1
290.48
289.87
289.25
288.64
288.02
287.41
286.79
286.18
285.56
284.95
284.33
283.72
283.1
282.49
281.88
281.26
280.65
280.03
279.42
278.8
278.19
277.57
276.96
276.34
275.73
275.11
274.5
273.88
273.27
272.65
272.03
271.42
270.8
270.19
269.57
268.96
268.34
267.73
267.11
266.5
265.88
265.27
264.65
264.04
263.42
262.81
262.2
261.58
260.97
260.35
259.74
259.12
258.51
257.89
257.28
256.66
256.05
255.43
254.82
254.2
253.72
253.25
252.77
252.29
251.82
251.34
250.86
250.39
249.91
249.43
248.96
248.48
248
247.53
247.05
246.57
246.1
245.62
245.14
244.67
244.19
243.71
243.24
242.76
242.28
241.81
241.33
240.85
240.38
239.9
239.42
238.95
238.47
237.99
237.52
237.04
236.56
236.09
235.61
235.13
234.66
234.18
233.7
233.23
232.75
232.27
231.8
231.32
230.84
230.37
229.89
229.41
228.94
228.46
227.98
227.51
227.03
226.55
226.08
225.6
225.4
225.2
224.99
224.79
224.59
224.39
224.19
223.99
223.78
223.58
223.38
223.18
222.98
222.78
222.57
222.37
222.17
221.97
221.77
221.57
221.37
221.16
220.96
220.76
220.56
220.36
220.16
219.95
219.75
219.55
219.35
219.15
218.94
218.74
218.54
218.34
218.14
217.94
217.73
217.53
217.33
217.13
216.93
216.73
216.53
216.32
216.12
215.92
215.72
215.52
215.32
215.11
214.91
214.71
214.51
214.31
214.11
213.9
213.7
213.5
213.19
212.89
212.58
212.27
211.97
211.66
211.35
211.05
210.74
210.43
210.13
209.82
209.51
209.21
208.9
208.59
208.29
207.98
207.67
207.37
207.06
206.75
206.45
206.14
205.83
205.53
205.22
204.91
204.61
204.3
203.99
203.69
203.38
203.07
202.77
202.46
202.15
201.85
201.54
201.23
200.93
200.62
200.31
200.01
199.7
199.39
199.09
198.78
198.47
198.17
197.86
197.55
197.25
196.94
196.63
196.33
196.02
195.71
195.41
195.1
194.95
194.8
194.65
194.51
194.36
194.21
194.06
193.91
193.76
193.62
193.47
193.32
193.17
193.02
192.88
192.73
192.58
192.43
192.28
192.13
191.99
191.84
191.69
191.54
191.39
191.24
191.1
190.95
190.8
190.65
190.5
190.35
190.2
190.06
189.91
189.76
189.61
189.46
189.31
189.17
189.02
188.87
188.72
188.57
188.42
188.28
188.13
187.98
187.83
187.68
187.54
187.39
187.24
187.09
186.94
186.79
186.65
186.5
186.35
186.2
186.14
186.09
186.03
185.98
185.92
185.87
185.81
185.76
185.7
185.65
185.59
185.54
185.48
185.43
185.37
185.32
185.26
185.21
185.16
185.1
185.05
184.99
184.94
184.88
184.83
184.77
184.72
184.66
184.61
184.55
184.49
184.44
184.38
184.33
184.27
184.22
184.16
184.11
184.05
184
183.94
183.89
183.84
183.78
183.73
183.67
183.62
183.56
183.51
183.45
183.4
183.34
183.29
183.23
183.18
183.12
183.07
183.01
182.96
182.9
