670.3
670.33
670.37
670.4
670.44
670.47
670.51
670.54
670.58
670.61
670.65
670.68
670.72
670.75
670.79
670.82
670.85
670.89
670.92
670.96
670.99
671.03
671.06
671.1
671.13
671.17
671.2
671.24
671.27
671.31
671.34
671.38
671.41
671.45
671.48
671.52
671.55
671.59
671.62
671.66
671.69
671.73
671.76
671.8
671.83
671.87
671.9
671.94
671.97
672.01
672.04
672.08
672.11
672.15
672.18
672.22
672.25
672.29
672.32
672.36
672.39
672.18
671.97
671.76
671.55
671.34
671.13
670.92
670.71
670.5
670.29
670.08
669.87
669.66
669.45
669.24
669.03
668.82
668.6
668.39
668.18
667.97
667.76
667.55
667.34
667.13
666.92
666.71
666.5
666.29
666.08
665.87
665.66
665.45
665.24
665.03
664.82
664.6
664.39
664.18
663.97
663.76
663.55
663.34
663.13
662.92
662.71
662.5
662.29
662.08
661.87
661.66
661.45
661.24
661.03
660.81
660.6
660.39
660.18
659.97
659.76
659.39
659.02
658.64
658.27
657.9
657.53
657.15
656.78
656.41
656.04
655.66
655.29
654.92
654.54
654.17
653.8
653.43
653.05
652.68
652.31
651.94
651.56
651.19
650.82
650.45
650.07
649.7
649.33
648.96
648.58
648.21
647.84
647.46
647.09
646.72
646.35
645.97
645.6
645.23
644.86
644.48
644.11
643.74
643.37
642.99
642.62
642.25
641.87
641.5
641.13
640.76
640.38
640.01
639.64
639.27
638.89
638.52
638.15
637.78
637.4
636.75
636.09
635.43
634.78
634.12
633.47
632.81
632.15
631.5
630.84
630.19
629.53
628.88
628.22
627.56
626.91
626.25
625.6
624.94
624.28
623.63
622.97
622.32
621.66
621
620.35
619.69
619.04
618.38
617.72
617.07
616.41
615.76
615.1
614.44
613.79
613.13
612.48
611.82
611.16
610.51
609.85
609.2
608.54
607.88
607.23
606.57
605.92
605.26
604.6
603.95
603.29
602.64
601.98
601.32
600.67
600.01
599.36
598.7
598.04
597.22
596.39
595.57
594.74
593.92
593.09
592.27
591.44
590.62
589.79
588.97
588.14
587.32
586.49
585.67
584.84
584.02
583.19
582.37
581.54
580.72
579.89
579.07
578.24
577.42
576.59
575.77
574.95
574.12
573.3
572.47
571.65
570.82
570
569.17
568.35
567.52
566.7
565.87
565.05
564.22
563.4
562.57
561.75
560.92
560.1
559.27
558.45
557.62
556.8
555.97
555.15
554.32
553.5
552.67
551.85
551.02
550.2
549.37
548.55
547.65
546.74
545.84
544.94
544.04
543.14
542.24
541.34
540.44
539.54
538.64
537.74
536.84
535.94
535.04
534.14
533.24
532.34
531.44
530.53
529.63
528.73
527.83
526.93
526.03
525.13
524.23
523.33
522.43
521.53
520.63
519.73
518.83
517.93
517.03
516.13
515.23
514.32
513.42
512.52
511.62
510.72
509.82
508.92
508.02
507.12
506.22
505.32
504.42
503.52
502.62
501.72
500.82
499.92
499.02
498.11
497.21
496.31
495.41
494.51
493.55
492.58
491.61
490.65
489.68
488.71
487.74
486.78
485.81
484.84
483.88
482.91
481.94
480.98
480.01
479.04
478.08
477.11
476.14
475.18
474.21
473.24
472.28
471.31
470.34
469.38
468.41
467.44
466.48
465.51
464.54
463.58
462.61
461.64
460.67
459.71
458.74
457.77
456.81
455.84
454.87
453.91
452.94
451.97
451.01
450.04
449.07
448.11
447.14
446.17
445.21
444.24
443.27
442.31
441.34
440.37
439.41
438.44
437.47
436.51
435.52
434.53
433.55
432.56
431.58
430.59
429.61
428.62
427.64
426.65
425.67
424.68
423.7
422.71
421.73
420.74
419.76
418.77
417.79
416.8
415.82
414.83
413.85
412.86
411.87
410.89
409.9
408.92
407.93
406.95
405.96
404.98
403.99
403.01
402.02
401.04
400.05
399.07
398.08
397.1
396.11
395.13
394.14
393.16
392.17
391.19
390.2
389.22
388.23
387.24
386.26
385.27
384.29
383.3
382.32
381.33
380.35
379.36
378.38
377.39
376.53
375.67
374.81
373.96
373.1
372.24
371.38
370.52
369.66
368.8
367.94
367.08
366.22
365.36
364.5
363.64
362.78
361.92
361.07
360.21
359.35
358.49
357.63
356.77
355.91
355.05
354.19
353.33
352.47
351.61
350.75
349.89
349.03
348.18
347.32
346.46
345.6
344.74
343.88
343.02
342.16
341.3
340.44
339.58
338.72
337.86
337
336.14
335.29
334.43
333.57
332.71
331.85
330.99
330.13
329.27
328.41
327.55
326.69
325.83
325.05
324.26
323.48
322.7
321.91
321.13
320.34
319.56
318.77
317.99
317.2
316.42
315.64
314.85
314.07
313.28
312.5
311.71
310.93
310.15
309.36
308.58
307.79
307.01
306.22
305.44
304.66
303.87
303.09
302.3
301.52
300.73
299.95
299.16
298.38
297.6
296.81
296.03
295.24
294.46
293.67
292.89
292.11
291.32
290.54
289.75
288.97
288.18
287.4
286.61
285.83
285.05
284.26
283.48
282.69
281.91
281.12
280.34
279.56
278.77
278.25
277.73
277.22
276.7
276.18
275.66
275.14
274.62
274.1
273.59
273.07
272.55
272.03
271.51
270.99
270.47
269.96
269.44
268.92
268.4
267.88
267.36
266.84
266.33
265.81
265.29
264.77
264.25
263.73
263.22
262.7
262.18
261.66
261.14
260.62
260.1
259.59
259.07
258.55
258.03
257.51
256.99
256.47
255.96
255.44
254.92
254.4
253.88
253.36
252.84
252.33
251.81
251.29
250.77
250.25
249.73
249.21
248.7
248.18
247.66
247.32
246.97
246.63
246.29
245.95
245.6
245.26
244.92
244.58
244.23
243.89
243.55
243.2
242.86
242.52
242.18
241.83
241.49
241.15
240.81
240.46
240.12
239.78
239.44
239.09
238.75
238.41
238.06
237.72
237.38
237.04
236.69
236.35
236.01
235.67
235.32
234.98
234.64
234.3
233.95
233.61
233.27
232.92
232.58
232.24
231.9
231.55
231.21
230.87
230.53
230.18
229.84
229.5
229.15
228.81
228.47
228.13
227.78
227.44
227.1
227.08
227.07
227.05
227.04
227.02
227
226.99
226.97
226.96
226.94
226.92
226.91
226.89
226.88
226.86
226.84
226.83
226.81
226.8
226.78
226.76
226.75
226.73
226.72
226.7
226.68
226.67
226.65
226.64
226.62
226.61
226.59
226.57
226.56
226.54
226.53
226.51
226.49
226.48
226.46
226.45
226.43
226.41
226.4
226.38
226.37
226.35
226.33
226.32
226.3
226.29
226.27
226.25
226.24
226.22
226.21
226.19
226.17
226.16
226.14
226.31
226.47
226.64
226.8
226.97
227.13
227.3
227.46
227.63
227.79
227.96
228.12
228.29
228.45
228.62
228.78
228.95
229.11
229.28
229.44
229.61
229.77
229.94
230.1
230.27
230.43
230.6
230.76
230.93
231.09
231.26
231.42
231.59
231.75
231.92
232.08
232.25
232.41
232.58
232.74
232.91
233.07
233.24
233.4
233.57
233.73
233.89
234.06
234.22
234.39
234.55
234.72
234.88
235.05
235.21
235.38
235.54
235.71
235.87
236.04
236.54
237.03
237.53
238.03
238.53
239.03
239.52
240.02
240.52
241.02
241.52
242.01
242.51
243.01
243.51
244.01
244.5
245
245.5
246
246.5
246.99
247.49
247.99
248.49
248.98
249.48
249.98
250.48
250.98
251.47
251.97
252.47
252.97
253.47
253.96
254.46
254.96
255.46
255.96
256.45
256.95
257.45
257.95
258.45
258.94
259.44
259.94
260.44
260.93
261.43
261.93
262.43
262.93
263.42
263.92
264.42
264.92
265.42
265.91
266.59
267.27
267.94
268.62
269.29
269.97
270.65
271.32
272
272.67
273.35
274.03
274.7
275.38
276.05
276.73
277.41
278.08
278.76
279.43
280.11
280.79
281.46
282.14
282.81
283.49
284.17
284.84
285.52
286.19
286.87
287.54
288.22
288.9
289.57
290.25
290.92
291.6
292.28
292.95
293.63
294.3
294.98
295.66
296.33
297.01
297.68
298.36
299.04
299.71
300.39
301.06
301.74
302.42
303.09
303.77
304.44
305.12
305.8
306.47
307.39
308.31
309.23
310.15
311.06
311.98
312.9
313.82
314.74
315.66
316.57
317.49
318.41
319.33
320.25
321.17
322.08
323
323.92
324.84
325.76
326.68
327.59
328.51
329.43
330.35
331.27
332.19
333.1
334.02
334.94
335.86
336.78
337.7
338.61
339.53
340.45
341.37
342.29
343.21
344.13
345.04
345.96
346.88
347.8
348.72
349.64
350.55
351.47
352.39
353.31
354.23
355.15
356.06
356.98
357.9
358.82
359.74
360.66
361.57
362.61
363.65
364.68
365.72
366.75
367.79
368.82
369.86
370.89
371.93
372.96
374
375.04
376.07
377.11
378.14
379.18
380.21
381.25
382.28
383.32
384.36
385.39
386.43
387.46
388.5
389.53
390.57
391.6
392.64
393.67
394.71
395.75
396.78
397.82
398.85
399.89
400.92
401.96
402.99
404.03
405.07
406.1
407.14
408.17
409.21
410.24
411.28
412.31
413.35
414.38
415.42
416.46
417.49
418.53
419.56
420.6
421.63
422.67
423.7
424.83
425.95
427.07
428.19
429.32
430.44
431.56
432.68
433.81
434.93
436.05
437.17
438.29
439.42
440.54
441.66
442.78
443.91
445.03
446.15
447.27
448.4
449.52
450.64
451.76
452.89
454.01
455.13
456.25
457.37
458.5
459.62
460.74
461.86
462.99
464.11
465.23
466.35
467.48
468.6
469.72
470.84
471.97
473.09
474.21
475.33
476.45
477.58
478.7
479.82
480.94
482.07
483.19
484.31
485.43
486.56
487.68
488.8
489.92
491.05
492.15
493.25
494.35
495.45
496.56
497.66
498.76
499.86
500.97
502.07
503.17
504.27
505.38
506.48
507.58
508.68
509.79
510.89
511.99
513.09
514.19
515.3
516.4
517.5
518.6
519.71
520.81
521.91
523.01
524.12
525.22
526.32
527.42
528.53
529.63
530.73
531.83
532.93
534.04
535.14
536.24
537.34
538.45
539.55
540.65
541.75
542.86
543.96
545.06
546.16
547.27
548.37
549.47
550.57
551.67
552.78
553.88
554.98
556.08
557.19
558.19
559.2
560.21
561.22
562.22
563.23
564.24
565.25
566.26
567.26
568.27
569.28
570.29
571.29
572.3
573.31
574.32
575.32
576.33
577.34
578.35
579.36
580.36
581.37
582.38
583.39
584.39
585.4
586.41
587.42
588.43
589.43
590.44
591.45
592.46
593.46
594.47
595.48
596.49
597.49
598.5
599.51
600.52
601.53
602.53
603.54
604.55
605.56
606.56
607.57
608.58
609.59
610.59
611.6
612.61
613.62
614.63
615.63
616.64
617.65
618.53
619.42
620.3
621.19
622.07
622.96
623.84
624.73
625.61
626.5
627.38
628.27
629.15
630.04
630.92
631.81
632.69
633.58
634.46
635.35
636.23
637.12
638
638.89
639.77
640.66
641.54
642.43
643.31
644.2
645.08
645.97
646.85
647.74
648.62
649.51
650.39
651.28
652.16
653.05
653.93
654.82
655.7
656.59
657.47
658.36
659.24
660.13
661.01
661.9
662.78
663.67
664.55
665.44
666.32
667.21
668.09
668.98
669.86
670.75
671.32
671.9
672.48
673.05
673.63
674.21
674.79
675.36
675.94
676.52
677.09
677.67
678.25
678.83
679.4
679.98
680.56
681.14
681.71
682.29
682.87
683.44
684.02
684.6
685.18
685.75
686.33
686.91
687.49
688.06
688.64
689.22
689.79
690.37
690.95
691.53
692.1
692.68
693.26
693.84
694.41
694.99
695.57
696.14
696.72
697.3
697.88
698.45
699.03
699.61
700.19
700.76
701.34
701.92
702.49
703.07
703.65
704.23
704.8
705.38
705.76
706.15
706.53
706.91
707.29
707.67
708.06
708.44
708.82
709.2
709.59
709.97
710.35
710.73
711.12
711.5
711.88
712.26
712.65
713.03
713.41
713.79
714.17
714.56
714.94
715.32
715.7
716.09
716.47
716.85
717.23
717.62
718
718.38
718.76
719.14
719.53
719.91
720.29
720.67
721.06
721.44
721.82
722.2
722.59
722.97
723.35
723.73
724.12
724.5
724.88
725.26
725.64
726.03
726.41
726.79
727.17
727.56
727.94
728.32
728.3
728.29
728.27
728.25
728.24
728.22
728.2
728.19
728.17
728.15
728.14
728.12
728.1
728.08
728.07
728.05
728.03
728.02
728
727.98
727.97
727.95
727.93
727.92
727.9
727.88
727.87
727.85
727.83
727.81
727.8
727.78
727.76
727.75
727.73
727.71
727.7
727.68
727.66
727.65
727.63
727.61
727.6
727.58
727.56
727.55
727.53
727.51
727.49
727.48
727.46
727.44
727.43
727.41
727.39
727.38
727.36
727.34
727.33
727.31
727.06
726.81
726.55
726.3
726.05
725.8
725.55
725.3
725.05
724.79
724.54
724.29
724.04
723.79
723.54
723.29
723.03
722.78
722.53
722.28
722.03
721.78
721.53
721.27
721.02
720.77
720.52
720.27
720.02
719.77
719.51
719.26
719.01
718.76
718.51
718.26
718.01
717.75
717.5
717.25
717
716.75
716.5
716.24
715.99
715.74
715.49
715.24
714.99
714.74
714.48
714.23
713.98
713.73
713.48
713.23
712.98
712.72
712.47
712.22
711.58
710.94
710.29
709.65
709.01
708.37
707.72
707.08
706.44
705.8
705.15
704.51
703.87
703.23
702.58
701.94
701.3
700.66
700.01
699.37
698.73
698.09
697.44
696.8
696.16
695.52
694.87
694.23
693.59
692.95
692.3
691.66
691.02
690.37
689.73
689.09
688.45
687.8
687.16
686.52
685.88
685.23
684.59
683.95
683.31
682.66
682.02
681.38
680.74
680.09
679.45
678.81
678.17
677.52
676.88
676.24
675.6
674.95
674.31
673.67
672.82
671.97
671.12
670.27
669.41
668.56
667.71
666.86
666.01
665.16
664.31
663.46
662.61
661.76
660.91
660.05
659.2
658.35
657.5
656.65
655.8
654.95
654.1
653.25
652.4
651.55
650.69
649.84
648.99
648.14
647.29
646.44
645.59
644.74
643.89
643.04
642.19
641.33
640.48
639.63
638.78
637.93
637.08
636.23
635.38
634.53
633.68
632.83
631.97
631.12
630.27
629.42
628.57
627.72
626.87
626.02
625.17
624.32
623.47
622.62
621.5
620.39
619.28
618.17
617.06
615.94
614.83
613.72
612.61
611.5
610.39
609.27
608.16
607.05
605.94
604.83
603.72
602.6
601.49
600.38
599.27
598.16
597.05
595.93
594.82
593.71
592.6
591.49
590.38
589.26
588.15
587.04
585.93
584.82
583.7
582.59
581.48
580.37
579.26
578.15
577.03
575.92
574.81
573.7
572.59
571.48
570.36
569.25
568.14
567.03
565.92
564.81
563.69
562.58
561.47
560.36
559.25
558.14
557.02
555.91
554.69
553.47
552.25
551.03
549.81
548.59
547.37
546.15
544.93
543.7
542.48
541.26
540.04
538.82
537.6
536.38
535.16
533.94
532.72
531.5
530.28
529.06
527.83
526.61
525.39
524.17
522.95
521.73
520.51
519.29
518.07
516.85
515.63
514.41
513.19
511.97
510.74
509.52
508.3
507.08
505.86
504.64
503.42
502.2
500.98
499.76
498.54
497.32
496.1
494.87
493.65
492.43
491.21
489.99
488.77
487.55
486.33
485.11
483.89
482.67
481.4
480.13
478.86
477.58
476.31
475.04
473.77
472.5
471.23
469.96
468.69
467.42
466.15
464.88
463.61
462.34
461.07
459.79
458.52
457.25
455.98
454.71
453.44
452.17
450.9
449.63
448.36
447.09
445.82
444.55
443.27
442
440.73
439.46
438.19
436.92
435.65
434.38
433.11
431.84
430.57
429.3
428.03
426.76
425.48
424.21
422.94
421.67
420.4
419.13
417.86
416.59
415.32
414.05
412.78
411.51
410.24
408.97
407.69
406.42
405.2
403.98
402.76
401.54
400.32
399.1
397.88
396.66
395.44
394.22
393
391.78
390.56
389.34
388.12
386.9
385.68
384.46
383.24
382.02
380.8
379.57
378.35
377.13
375.91
374.69
373.47
372.25
371.03
369.81
368.59
367.37
366.15
364.93
363.71
362.49
361.27
360.05
358.83
357.61
356.39
355.17
353.95
352.73
351.5
350.28
349.06
347.84
346.62
345.4
344.18
342.96
341.74
340.52
339.3
338.08
336.86
335.64
334.42
333.2
332.09
330.98
329.87
328.76
327.65
326.54
325.43
324.32
323.21
322.1
320.99
319.88
318.77
317.66
316.56
315.45
314.34
313.23
312.12
311.01
309.9
308.79
307.68
306.57
305.46
304.35
303.24
302.13
301.02
299.91
298.8
297.69
296.58
295.47
294.36
293.26
292.15
291.04
289.93
288.82
287.71
286.6
285.49
284.38
283.27
282.16
281.05
279.94
278.83
277.72
276.61
275.5
274.39
273.28
272.17
271.06
269.95
268.85
267.74
266.63
265.77
264.92
264.07
263.22
262.36
261.51
260.66
259.8
258.95
258.1
257.25
256.39
255.54
254.69
253.83
252.98
252.13
251.28
250.42
249.57
248.72
247.87
247.01
246.16
245.31
244.45
243.6
242.75
241.9
241.04
240.19
239.34
238.48
237.63
236.78
235.93
235.07
234.22
233.37
232.52
231.66
230.81
229.96
229.1
228.25
227.4
226.55
225.69
224.84
223.99
223.13
222.28
221.43
220.58
219.72
218.87
218.02
217.17
216.31
215.46
214.81
214.15
213.5
212.85
212.19
211.54
210.89
210.23
209.58
208.93
208.27
207.62
206.96
206.31
205.66
205
204.35
203.7
203.04
202.39
201.74
201.08
200.43
199.78
199.12
198.47
197.82
197.16
196.51
195.86
195.2
194.55
193.9
193.24
192.59
191.93
191.28
190.63
189.97
189.32
188.67
188.01
187.36
186.71
186.05
185.4
184.75
184.09
183.44
182.79
182.13
181.48
180.83
180.17
179.52
178.87
178.21
177.56
176.9
176.25
175.99
175.73
175.47
175.21
174.95
174.69
174.43
174.16
173.9
173.64
173.38
173.12
172.86
172.6
172.34
172.08
171.82
171.56
171.3
171.03
170.77
170.51
170.25
169.99
169.73
169.47
169.21
168.95
168.69
168.43
168.17
167.9
167.64
167.38
167.12
166.86
166.6
166.34
166.08
165.82
165.56
165.3
165.04
164.77
164.51
164.25
163.99
163.73
163.47
163.21
162.95
162.69
162.43
162.17
161.91
161.65
161.38
161.12
160.86
160.6
160.57
160.54
160.52
160.49
160.46
160.43
160.4
160.37
160.35
160.32
160.29
160.26
160.23
160.2
160.18
160.15
160.12
160.09
160.06
160.03
160
159.98
159.95
159.92
159.89
159.86
159.83
159.81
159.78
159.75
159.72
159.69
159.66
159.64
159.61
159.58
159.55
159.52
159.49
159.46
159.44
159.41
159.38
159.35
159.32
159.29
159.27
159.24
159.21
159.18
159.15
159.12
159.1
159.07
159.04
159.01
158.98
158.95
158.92
158.9
159.19
159.48
159.77
160.06
160.35
160.64
160.93
161.23
161.52
161.81
162.1
162.39
162.68
162.97
163.26
163.55
163.85
164.14
164.43
164.72
165.01
165.3
165.59
165.88
166.17
166.47
166.76
167.05
167.34
167.63
167.92
168.21
168.5
168.79
169.09
169.38
169.67
169.96
170.25
170.54
170.83
171.12
171.41
171.71
172
172.29
172.58
172.87
173.16
173.45
173.74
174.03
174.33
174.62
174.91
175.2
175.49
175.78
176.07
176.36
177.05
177.73
178.41
179.09
179.78
180.46
181.14
181.82
182.51
183.19
183.87
184.55
185.24
185.92
186.6
187.28
187.97
188.65
189.33
190.01
190.7
191.38
192.06
192.74
193.43
194.11
194.79
195.47
196.16
196.84
197.52
198.2
198.89
199.57
200.25
200.93
201.62
202.3
202.98
203.66
204.35
205.03
205.71
206.4
207.08
207.76
208.44
209.13
209.81
210.49
211.17
211.86
212.54
213.22
213.9
214.59
215.27
215.95
216.63
217.32
218.23
219.14
220.05
220.96
221.88
222.79
223.7
224.61
225.52
226.44
227.35
228.26
229.17
230.09
231
231.91
232.82
233.73
234.65
235.56
236.47
237.38
238.29
239.21
240.12
241.03
241.94
242.85
243.77
244.68
245.59
246.5
247.42
248.33
249.24
250.15
251.06
251.98
252.89
253.8
254.71
255.62
256.54
257.45
258.36
259.27
260.19
261.1
262.01
262.92
263.83
264.75
265.66
266.57
267.48
268.39
269.31
270.22
271.13
272.04
273.24
274.44
275.64
276.84
278.03
279.23
280.43
281.63
282.83
284.03
285.22
286.42
287.62
288.82
290.02
291.21
292.41
293.61
294.81
296.01
297.21
298.4
299.6
300.8
302
303.2
304.4
305.59
306.79
307.99
309.19
310.39
311.58
312.78
313.98
315.18
316.38
317.58
318.77
319.97
321.17
322.37
323.57
324.77
325.96
327.16
328.36
329.56
330.76
331.96
333.15
334.35
335.55
336.75
337.95
339.14
340.34
341.54
342.74
343.94
345.23
346.52
347.81
349.1
350.39
351.68
352.97
354.26
355.55
356.84
358.14
359.43
360.72
362.01
363.3
364.59
365.88
367.17
368.46
369.75
371.04
372.33
373.62
374.91
376.21
377.5
378.79
380.08
381.37
382.66
383.95
385.24
386.53
387.82
389.11
390.4
391.69
392.98
394.28
395.57
396.86
398.15
399.44
400.73
402.02
403.31
404.6
405.89
407.18
408.47
409.76
411.05
412.35
413.64
414.93
416.22
417.51
418.8
420.09
421.38
422.81
424.24
425.67
427.1
428.53
429.95
431.38
432.81
434.24
435.67
437.1
438.53
439.96
441.39
442.82
444.25
445.67
447.1
448.53
449.96
451.39
452.82
454.25
455.68
457.11
458.54
459.97
461.39
462.82
464.25
465.68
467.11
468.54
469.97
471.4
472.83
474.26
475.69
477.11
478.54
479.97
481.4
482.83
484.26
485.69
487.12
488.55
489.98
491.41
492.83
494.26
495.69
497.12
498.55
499.98
501.41
502.84
504.27
505.7
507.13
508.5
509.88
511.26
512.63
514.01
515.39
516.76
518.14
519.52
520.89
522.27
523.65
525.02
526.4
527.78
529.15
530.53
531.9
533.28
534.66
536.03
537.41
538.79
540.16
541.54
542.92
544.29
545.67
547.05
548.42
549.8
551.18
552.55
553.93
555.31
556.68
558.06
559.44
560.81
562.19
563.57
564.94
566.32
567.7
569.07
570.45
571.83
573.2
574.58
575.96
577.33
578.71
580.09
581.46
582.84
584.22
585.59
586.97
588.35
589.72
590.93
592.14
593.35
594.56
595.77
596.98
598.19
599.4
600.61
601.82
603.03
604.24
605.45
606.66
607.87
609.08
610.29
611.5
612.71
613.93
615.14
616.35
617.56
618.77
619.98
621.19
622.4
623.61
624.82
626.03
627.24
628.45
629.66
630.87
632.08
633.29
634.5
635.71
636.92
638.13
639.34
640.55
641.76
642.97
644.18
645.39
646.6
647.81
649.02
650.23
651.44
652.65
653.86
655.07
656.28
657.49
658.7
659.91
661.12
662.33
663.35
664.36
665.38
666.4
667.42
668.43
669.45
670.47
671.48
672.5
673.52
674.53
675.55
676.57
677.59
678.6
679.62
680.64
681.65
682.67
683.69
684.71
685.72
686.74
687.76
688.77
689.79
690.81
691.82
692.84
693.86
694.88
695.89
696.91
697.93
698.94
699.96
700.98
702
703.01
704.03
705.05
706.06
707.08
708.1
709.12
710.13
711.15
712.17
713.18
714.2
715.22
716.23
717.25
718.27
719.29
720.3
721.32
722.34
723.35
724.03
724.71
725.39
726.07
726.75
727.43
728.11
728.78
729.46
730.14
730.82
731.5
732.18
732.86
733.54
734.21
734.89
735.57
736.25
736.93
737.61
738.29
738.97
739.65
740.32
741
741.68
742.36
743.04
743.72
744.4
745.08
745.75
746.43
747.11
747.79
748.47
749.15
749.83
750.51
751.18
751.86
752.54
753.22
753.9
754.58
755.26
755.94
756.61
757.29
757.97
758.65
759.33
760.01
760.69
761.37
762.04
762.72
763.4
764.08
764.42
764.75
765.08
765.42
765.75
766.09
766.42
766.75
767.09
767.42
767.76
768.09
768.43
768.76
769.09
769.43
769.76
770.1
770.43
770.77
771.1
771.43
771.77
772.1
772.44
772.77
773.11
773.44
773.77
774.11
774.44
774.78
775.11
775.45
775.78
776.11
776.45
776.78
777.12
777.45
777.78
778.12
778.45
778.79
779.12
779.46
779.79
780.12
780.46
780.79
781.13
781.46
781.8
782.13
782.46
782.8
783.13
783.47
783.8
784.14
784.07
784.01
783.94
783.88
783.82
783.75
783.69
783.63
783.56
783.5
783.44
783.37
783.31
783.25
783.18
783.12
783.06
782.99
782.93
782.87
782.8
782.74
782.68
782.61
782.55
782.49
782.42
782.36
782.3
782.23
782.17
782.11
782.04
781.98
781.92
781.85
781.79
781.73
781.66
781.6
781.54
781.47
781.41
781.35
781.28
781.22
781.15
781.09
781.03
780.96
780.9
780.84
780.77
780.71
780.65
780.58
780.52
780.46
780.39
780.33
779.85
779.38
778.9
778.42
777.95
777.47
776.99
776.51
776.04
775.56
775.08
774.61
774.13
773.65
773.18
772.7
772.22
771.74
771.27
770.79
770.31
769.84
769.36
768.88
768.41
767.93
767.45
766.97
766.5
766.02
765.54
765.07
764.59
764.11
763.64
763.16
762.68
762.2
761.73
761.25
760.77
760.3
759.82
759.34
758.87
758.39
757.91
757.44
756.96
756.48
756
755.53
755.05
754.57
754.1
753.62
753.14
752.67
752.19
751.71
750.84
749.98
749.11
748.24
747.38
746.51
745.64
744.78
743.91
743.04
742.18
741.31
740.44
739.58
738.71
737.84
736.98
736.11
735.24
734.37
733.51
732.64
731.77
730.91
730.04
729.17
728.31
727.44
726.57
725.71
724.84
723.97
723.11
722.24
721.37
720.51
719.64
718.77
717.91
717.04
716.17
715.3
714.44
713.57
712.7
711.84
710.97
710.1
709.24
708.37
707.5
706.64
705.77
704.9
704.04
703.17
702.3
701.44
700.57
699.7
698.49
697.28
696.07
694.86
693.65
692.44
691.23
690.02
688.81
687.6
686.39
685.18
683.97
682.76
681.55
680.34
679.13
677.92
676.71
675.5
674.29
673.08
671.87
670.66
669.45
668.24
667.03
665.82
664.61
663.4
662.19
660.98
659.77
658.56
657.35
656.14
654.93
653.72
652.51
651.3
650.09
648.88
647.67
646.46
645.25
644.04
642.83
641.62
640.41
639.2
637.99
636.78
635.57
634.36
633.15
631.93
630.72
629.51
628.3
627.09
625.56
624.02
622.48
620.95
619.41
617.87
616.33
614.8
613.26
611.72
610.19
608.65
607.11
605.57
604.04
602.5
600.96
599.43
597.89
596.35
594.81
593.28
591.74
590.2
588.67
587.13
585.59
584.05
582.52
580.98
579.44
577.91
576.37
574.83
573.29
571.76
570.22
568.68
567.14
565.61
564.07
562.53
561
559.46
557.92
556.38
554.85
553.31
551.77
550.24
548.7
547.16
545.62
544.09
542.55
541.01
539.48
537.94
536.4
534.86
533.35
531.83
530.31
528.8
527.28
525.76
524.25
522.73
521.22
519.7
518.18
516.67
515.15
513.63
512.12
510.6
509.08
507.57
506.05
504.53
503.02
501.5
499.98
498.47
496.95
495.43
493.92
492.4
490.88
489.37
487.85
486.33
484.82
483.3
481.78
480.27
478.75
477.24
475.72
474.2
472.69
471.17
469.65
468.14
466.62
465.1
463.59
462.07
460.55
459.04
457.52
456
454.49
452.97
451.45
449.94
448.42
446.9
445.39
443.87
442.01
440.15
438.29
436.43
434.57
432.71
430.85
428.99
427.13
425.27
423.41
421.55
419.69
417.83
415.97
414.11
412.25
410.39
408.53
406.67
404.81
402.95
401.09
399.23
397.37
395.51
393.66
391.8
389.94
388.08
386.22
384.36
382.5
380.64
378.78
376.92
375.06
373.2
371.34
369.48
367.62
365.76
363.9
362.04
360.18
358.32
356.46
354.6
352.74
350.88
349.02
347.16
345.3
343.44
341.58
339.72
337.86
336
334.14
332.28
330.76
329.24
327.72
326.21
324.69
323.17
321.65
320.13
318.61
317.09
315.57
314.06
312.54
311.02
309.5
307.98
306.46
304.94
303.42
301.91
300.39
298.87
297.35
295.83
294.31
292.79
291.27
289.76
288.24
286.72
285.2
283.68
282.16
280.64
279.12
277.61
276.09
274.57
273.05
271.53
270.01
268.49
266.97
265.46
263.94
262.42
260.9
259.38
257.86
256.34
254.82
253.31
251.79
250.27
248.75
247.23
245.71
244.19
242.67
241.16
240
238.85
237.69
236.54
235.38
234.23
233.08
231.92
230.77
229.61
228.46
227.31
226.15
225
223.84
222.69
221.53
220.38
219.23
218.07
216.92
215.76
214.61
213.45
212.3
211.15
209.99
208.84
207.68
206.53
205.38
204.22
203.07
201.91
200.76
199.6
198.45
197.3
196.14
194.99
193.83
192.68
191.52
190.37
189.22
188.06
186.91
185.75
184.6
183.45
182.29
181.14
179.98
178.83
177.67
176.52
175.37
174.21
173.06
171.9
171.19
170.48
169.78
169.07
168.36
167.65
166.94
166.23
165.52
164.81
164.1
163.39
162.68
161.97
161.26
160.55
159.84
159.13
158.42
157.72
157.01
156.3
155.59
154.88
154.17
153.46
152.75
152.04
151.33
150.62
149.91
149.2
148.49
147.78
147.07
146.37
145.66
144.95
144.24
143.53
142.82
142.11
141.4
140.69
139.98
139.27
138.56
137.85
137.14
136.43
135.72
135.01
134.31
133.6
132.89
132.18
131.47
130.76
130.05
129.34
128.74
128.14
127.54
126.94
126.34
125.74
125.14
124.54
123.94
123.34
122.74
122.14
121.53
120.93
120.33
119.73
119.13
118.53
117.93
117.33
116.73
116.13
115.53
114.93
114.33
113.73
113.13
112.53
111.93
111.33
110.73
110.13
109.53
108.93
108.33
107.73
107.13
106.53
105.93
105.32
104.72
104.12
103.52
102.92
102.32
101.72
101.12
100.52
99.921
99.321
98.721
98.12
97.52
96.92
96.319
95.719
95.118
94.518
93.918
93.317
93.18
93.044
92.907
92.77
92.633
92.496
92.36
92.223
92.086
91.949
91.812
91.675
91.539
91.402
91.265
91.128
90.991
90.855
90.718
90.581
90.444
90.307
90.17
90.034
89.897
89.76
89.623
89.486
89.35
89.213
89.076
88.939
88.802
88.665
88.529
88.392
88.255
88.118
87.981
87.845
87.708
87.571
87.434
87.297
87.16
87.024
86.887
86.75
86.613
86.476
86.34
86.203
86.066
85.929
85.792
85.655
85.519
85.382
85.245
85.108
85.031
84.954
84.877
84.8
84.722
84.645
84.568
84.491
84.414
84.337
84.26
84.182
84.105
84.028
83.951
83.874
83.797
83.719
83.642
83.565
83.488
83.411
83.334
83.257
83.179
83.102
83.025
82.948
82.871
82.794
82.716
82.639
82.562
82.485
82.408
82.331
82.253
82.176
82.099
82.022
81.945
81.868
81.791
81.713
81.636
81.559
81.482
81.405
81.328
81.25
81.173
81.096
81.019
80.942
80.865
80.788
80.71
80.633
80.556
80.479
80.799
81.119
81.439
81.758
82.078
82.398
82.718
83.038
83.358
83.678
83.997
84.317
84.637
84.957
85.277
85.597
85.917
86.237
86.556
86.876
87.196
87.516
87.836
88.156
88.476
88.795
89.115
89.435
89.755
90.075
90.395
90.715
91.035
91.354
91.674
91.994
92.314
92.634
92.954
93.274
93.593
93.913
94.233
94.553
94.873
95.193
95.513
95.833
96.152
96.472
96.792
97.112
97.432
97.752
98.072
98.391
98.711
99.031
99.351
99.671
100.31
100.94
101.58
102.22
102.85
103.49
104.13
104.76
105.4
106.04
106.67
107.31
107.95
108.58
109.22
109.86
110.49
111.13
111.77
112.4
113.04
113.68
114.31
114.95
115.59
116.22
116.86
117.5
118.13
118.77
119.41
120.04
120.68
121.32
121.95
122.59
123.23
123.86
124.5
125.14
125.77
126.41
127.05
127.68
128.32
128.95
129.59
130.23
130.86
131.5
132.14
132.77
133.41
134.05
134.68
135.32
135.96
136.59
137.23
137.87
138.86
139.85
140.84
141.83
142.82
143.8
144.79
145.78
146.77
147.76
148.75
149.74
150.73
151.72
152.71
153.7
154.69
155.68
156.67
157.66
158.65
159.64
160.63
161.62
162.61
163.6
164.59
165.58
166.57
167.56
168.54
169.53
170.52
171.51
172.5
173.49
174.48
175.47
176.46
177.45
178.44
179.43
180.42
181.41
182.4
183.39
184.38
185.37
186.36
187.35
188.34
189.33
190.32
191.31
192.29
193.28
194.27
195.26
196.25
197.24
198.31
199.38
200.46
201.53
202.6
203.67
204.74
205.81
206.88
207.95
209.02
210.1
211.17
212.24
213.31
214.38
215.45
216.52
217.59
218.66
219.74
220.81
221.88
222.95
224.02
225.09
226.16
227.23
228.31
229.38
230.45
231.52
232.59
233.66
234.73
235.8
236.87
237.95
239.02
240.09
241.16
242.23
243.3
244.37
245.44
246.51
247.59
248.66
249.73
250.8
251.87
252.94
254.01
255.08
256.15
257.23
258.3
259.37
260.44
261.51
263.23
264.95
266.66
268.38
270.1
271.82
273.54
275.25
276.97
278.69
280.41
282.13
283.84
285.56
287.28
289
290.72
292.43
294.15
295.87
297.59
299.31
301.02
302.74
304.46
306.18
307.9
309.61
311.33
313.05
314.77
316.49
318.2
319.92
321.64
323.36
325.08
326.79
328.51
330.23
331.95
333.67
335.39
337.1
338.82
340.54
342.26
343.98
345.69
347.41
349.13
350.85
352.57
354.28
356
357.72
359.44
361.16
362.87
364.59
365.66
366.73
367.8
368.87
369.94
371.01
372.09
373.16
374.23
375.3
376.37
377.44
378.51
379.58
380.65
381.72
382.79
383.86
384.93
386
387.07
388.14
389.21
390.28
391.35
392.42
393.49
394.57
395.64
396.71
397.78
398.85
399.92
400.99
402.06
403.13
404.2
405.27
406.34
407.41
408.48
409.55
410.62
411.69
412.76
413.83
414.9
415.98
417.05
418.12
419.19
420.26
421.33
422.4
423.47
424.54
425.61
426.68
427.75
428.82
430.19
431.55
432.92
434.28
435.65
437.02
438.38
439.75
441.11
442.48
443.84
445.21
446.57
447.94
449.31
450.67
452.04
453.4
454.77
456.13
457.5
458.87
460.23
461.6
462.96
464.33
465.69
467.06
468.43
469.79
471.16
472.52
473.89
475.25
476.62
477.99
479.35
480.72
482.08
483.45
484.81
486.18
487.55
488.91
490.28
491.64
493.01
494.37
495.74
497.11
498.47
499.84
501.2
502.57
503.93
505.3
506.66
508.03
509.4
510.76
511.26
511.75
512.25
512.74
513.24
513.73
514.23
514.72
515.22
515.71
516.21
516.7
517.2
517.69
518.19
518.68
519.18
519.67
520.17
520.66
521.16
521.65
522.15
522.64
523.14
523.63
524.13
524.62
525.12
525.61
526.11
526.61
527.1
527.6
528.09
528.59
529.08
529.58
530.07
530.57
531.06
531.56
532.05
532.55
533.04
533.54
534.03
534.53
535.02
535.52
536.01
536.51
537
537.5
537.99
538.49
538.98
539.48
539.97
540.47
540.34
540.21
540.08
539.94
539.81
539.68
539.55
539.42
539.29
539.16
539.03
538.9
538.77
538.64
538.5
538.37
538.24
538.11
537.98
537.85
537.72
537.59
537.46
537.33
537.2
537.07
536.93
536.8
536.67
536.54
536.41
536.28
536.15
536.02
535.89
535.76
535.63
535.49
535.36
535.23
535.1
534.97
534.84
534.71
534.58
534.45
534.32
534.19
534.05
533.92
533.79
533.66
533.53
533.4
533.27
533.14
533.01
532.88
532.75
532.62
533.07
533.53
533.99
534.45
534.91
535.36
535.82
536.28
536.74
537.2
537.66
538.11
538.57
539.03
539.49
539.95
540.41
540.86
541.32
541.78
542.24
542.7
543.15
543.61
544.07
544.53
544.99
545.45
545.9
546.36
546.82
547.28
547.74
548.2
548.65
549.11
549.57
550.03
550.49
550.95
551.4
551.86
552.32
552.78
553.24
553.69
554.15
554.61
555.07
555.53
555.99
556.44
556.9
557.36
557.82
558.28
558.74
559.19
559.65
560.11
563.49
566.87
570.25
573.63
577.01
580.39
583.77
587.15
590.53
593.91
597.29
600.67
604.05
607.43
610.81
614.19
617.57
620.95
624.33
627.71
631.09
634.47
637.85
641.23
644.61
647.99
651.37
654.75
658.13
661.51
664.89
668.27
671.65
675.04
678.42
681.8
685.18
688.56
691.94
695.32
698.7
702.08
705.46
708.84
712.22
715.6
718.98
722.36
725.74
729.12
732.5
735.88
739.26
742.64
746.02
749.4
752.78
756.16
759.54
762.92
762.72
762.51
762.31
762.11
761.91
761.71
761.5
761.3
761.1
760.9
760.7
760.49
760.29
760.09
759.89
759.69
759.48
759.28
759.08
758.88
758.67
758.47
758.27
758.07
757.87
757.66
757.46
757.26
757.06
756.86
756.65
756.45
756.25
756.05
755.85
755.64
755.44
755.24
755.04
754.83
754.63
754.43
754.23
754.03
753.82
753.62
753.42
753.22
753.02
752.81
752.61
752.41
752.21
752.01
751.8
751.6
751.4
751.2
750.99
750.79
750.55
750.3
750.06
749.81
749.57
749.32
749.07
748.83
748.58
748.34
748.09
747.85
747.6
747.36
747.11
746.86
746.62
746.37
746.13
745.88
745.64
745.39
745.15
744.9
744.65
744.41
744.16
743.92
743.67
743.43
743.18
742.94
742.69
742.45
742.2
741.95
741.71
741.46
741.22
740.97
740.73
740.48
740.24
739.99
739.74
739.5
739.25
739.01
738.76
738.52
738.27
738.03
737.78
737.53
737.29
737.04
736.8
736.55
736.31
736.06
734.57
733.07
731.58
730.09
728.59
727.1
725.61
724.11
722.62
721.12
719.63
718.14
716.64
715.15
713.66
712.16
710.67
709.17
707.68
706.19
704.69
703.2
701.71
700.21
698.72
697.22
695.73
694.24
692.74
691.25
689.76
688.26
686.77
685.27
683.78
682.29
680.79
679.3
677.81
676.31
674.82
673.32
671.83
670.34
668.84
667.35
665.86
664.36
662.87
661.37
659.88
658.39
656.89
655.4
653.91
652.41
650.92
649.42
647.93
646.44
645.79
645.15
644.5
643.86
643.22
642.57
641.93
641.28
640.64
640
639.35
638.71
638.06
637.42
636.77
636.13
635.49
634.84
634.2
633.55
632.91
632.27
631.62
630.98
630.33
629.69
629.05
628.4
627.76
627.11
626.47
625.83
625.18
624.54
623.89
623.25
622.6
621.96
621.32
620.67
620.03
619.38
618.74
618.1
617.45
616.81
616.16
615.52
614.88
614.23
613.59
612.94
612.3
611.65
611.01
610.37
609.72
609.08
608.43
607.79
606.36
604.93
603.5
602.07
600.64
599.21
597.78
596.34
594.91
593.48
592.05
590.62
589.19
587.76
586.33
584.9
583.47
582.04
580.61
579.18
577.75
576.32
574.89
573.45
572.02
570.59
569.16
567.73
566.3
564.87
563.44
562.01
560.58
559.15
557.72
556.29
554.86
553.43
551.99
550.56
549.13
547.7
546.27
544.84
543.41
541.98
540.55
539.12
537.69
536.26
534.83
533.4
531.97
530.53
529.1
527.67
526.24
524.81
523.38
521.95
520.21
518.47
516.72
514.98
513.24
511.49
509.75
508.01
506.27
504.52
502.78
501.04
499.3
497.55
495.81
494.07
492.32
490.58
488.84
487.1
485.35
483.61
481.87
480.13
478.38
476.64
474.9
473.16
471.41
469.67
467.93
466.18
464.44
462.7
460.96
459.21
457.47
455.73
453.99
452.24
450.5
448.76
447.01
445.27
443.53
441.79
440.04
438.3
436.56
434.82
433.07
431.33
429.59
427.84
426.1
424.36
422.62
420.87
419.13
417.39
415.48
413.58
411.68
409.77
407.87
405.97
404.06
402.16
400.26
398.35
396.45
394.55
392.64
390.74
388.83
386.93
385.03
383.12
381.22
379.32
377.41
375.51
373.61
371.7
369.8
367.9
365.99
364.09
362.18
360.28
358.38
356.47
354.57
352.67
350.76
348.86
346.96
345.05
343.15
341.25
339.34
337.44
335.53
333.63
331.73
329.82
327.92
326.02
324.11
322.21
320.31
318.4
316.5
314.59
312.69
310.79
308.88
306.98
305.08
303.17
301.67
300.16
298.66
297.15
295.65
294.14
292.64
291.13
289.63
288.12
286.62
285.11
283.61
282.1
280.6
279.09
277.59
276.08
274.58
273.07
271.57
270.06
268.56
267.05
265.55
264.04
262.54
261.03
259.53
258.02
256.52
255.01
253.51
252
250.5
248.99
247.49
245.98
244.48
242.97
241.47
239.96
238.46
236.95
235.45
233.94
232.44
230.93
229.43
227.92
226.42
224.91
223.41
221.9
220.4
218.89
217.39
215.88
214.38
212.87
211.6
210.32
209.05
207.77
206.5
205.22
203.95
202.68
201.4
200.13
198.85
197.58
196.3
195.03
193.75
192.48
191.2
189.93
188.65
187.38
186.1
184.83
183.55
182.28
181
179.73
178.45
177.18
175.91
174.63
173.36
172.08
170.81
169.53
168.26
166.98
165.71
164.43
163.16
161.88
160.61
159.33
158.06
156.78
155.51
154.23
152.96
151.68
150.41
149.13
147.86
146.59
145.31
144.04
142.76
141.49
140.21
138.94
137.66
136.39
135.51
134.63
133.75
132.88
132
131.12
130.24
129.37
128.49
127.61
126.73
125.86
124.98
124.1
123.23
122.35
121.47
120.59
119.72
118.84
117.96
117.08
116.21
115.33
114.45
113.57
112.7
111.82
110.94
110.06
109.19
108.31
107.43
106.55
105.68
104.8
103.92
103.04
102.17
101.29
100.41
99.534
98.657
97.779
96.902
96.024
95.147
94.269
93.392
92.515
91.637
90.76
89.882
89.005
88.127
87.25
86.372
85.495
84.617
83.74
83.205
82.67
82.135
81.6
81.065
80.53
79.994
79.459
78.924
78.389
77.854
77.319
76.784
76.249
75.714
75.179
74.644
74.108
73.573
73.038
72.503
71.968
71.433
70.898
70.363
69.828
69.293
68.758
68.222
67.687
67.152
66.617
66.082
65.547
65.012
64.477
63.942
63.407
62.872
62.336
61.801
61.266
60.731
60.196
59.661
59.126
58.591
58.056
57.521
56.986
56.451
55.915
55.38
54.845
54.31
53.775
53.24
52.705
52.17
51.635
51.404
51.173
50.942
50.711
50.48
50.25
50.019
49.788
49.557
49.326
49.095
48.865
48.634
48.403
48.172
47.941
47.71
47.48
47.249
47.018
46.787
46.556
46.325
46.095
45.864
45.633
45.402
45.171
44.94
44.709
44.479
44.248
44.017
43.786
43.555
43.324
43.094
42.863
42.632
42.401
42.17
41.939
41.709
41.478
41.247
41.016
40.785
40.554
40.323
40.093
39.862
39.631
39.4
39.169
38.938
38.708
38.477
38.246
38.015
37.784
37.907
38.03
38.153
38.275
38.398
38.521
38.644
38.766
38.889
39.012
39.135
39.257
39.38
39.503
39.626
39.748
39.871
39.994
40.117
40.239
40.362
40.485
40.608
40.73
40.853
40.976
41.099
41.222
41.344
41.467
41.59
41.713
41.835
41.958
42.081
42.204
42.326
42.449
42.572
42.695
42.817
42.94
43.063
43.186
43.308
43.431
43.554
43.677
43.8
43.922
44.045
44.168
44.291
44.413
44.536
44.659
44.782
44.904
45.027
45.15
45.596
46.043
46.489
46.935
47.382
47.828
48.275
48.721
49.167
49.614
50.06
50.506
50.953
51.399
51.846
52.292
52.738
53.185
53.631
54.077
54.524
54.97
55.417
55.863
56.309
56.756
57.202
57.648
58.095
58.541
58.988
59.434
59.88
60.327
60.773
61.219
61.666
62.112
62.559
63.005
63.451
63.898
64.344
64.79
65.237
65.683
66.13
66.576
67.022
67.469
67.915
68.361
68.808
69.254
69.701
70.147
70.593
71.04
71.486
71.932
72.56
73.187
73.814
74.441
75.069
75.696
76.323
76.95
77.578
78.205
78.832
79.459
80.087
80.714
81.341
81.968
82.596
83.223
83.85
84.477
85.104
85.732
86.359
86.986
87.613
88.241
88.868
89.495
90.122
90.75
91.377
92.004
92.631
93.259
93.886
94.513
95.14
95.768
96.395
97.022
97.649
98.276
98.904
99.531
100.16
100.79
101.41
102.04
102.67
103.29
103.92
104.55
105.18
105.8
106.43
107.06
107.69
108.31
108.94
109.57
110.68
111.8
112.92
114.04
115.16
116.27
117.39
118.51
119.63
120.74
121.86
122.98
124.1
125.21
126.33
127.45
128.57
129.68
130.8
131.92
133.04
134.16
135.27
136.39
137.51
138.63
139.74
140.86
141.98
143.1
144.21
145.33
146.45
147.57
148.68
149.8
150.92
152.04
153.16
154.27
155.39
156.51
157.63
158.74
159.86
160.98
162.1
163.21
164.33
165.45
166.57
167.69
168.8
169.92
171.04
172.16
173.27
174.39
175.51
176.63
178.05
179.46
180.88
182.3
183.72
185.14
186.56
187.98
189.4
190.81
192.23
193.65
195.07
196.49
197.91
199.33
200.75
202.16
203.58
205
206.42
207.84
209.26
210.68
212.1
213.51
214.93
216.35
217.77
219.19
220.61
222.03
223.45
224.86
226.28
227.7
229.12
230.54
231.96
233.38
234.8
236.22
237.63
239.05
240.47
241.89
243.31
244.73
246.15
247.57
248.98
250.4
251.82
253.24
254.66
256.08
257.5
258.92
260.33
261.75
263
264.25
265.5
266.75
268
269.25
270.5
271.75
273
274.24
275.49
276.74
277.99
279.24
280.49
281.74
282.99
284.24
285.49
286.74
287.99
289.23
290.48
291.73
292.98
294.23
295.48
296.73
297.98
299.23
300.48
301.73
302.98
304.22
305.47
306.72
307.97
309.22
310.47
311.72
312.97
314.22
315.47
316.72
317.97
319.21
320.46
321.71
322.96
324.21
325.46
326.71
327.96
329.21
330.46
331.71
332.96
334.2
335.45
336.7
338.74
340.79
342.83
344.87
346.91
348.95
350.99
353.04
355.08
357.12
359.16
361.2
363.24
365.29
367.33
369.37
371.41
373.45
375.49
377.54
379.58
381.62
383.66
385.7
387.74
389.79
391.83
393.87
395.91
397.95
399.99
402.04
404.08
406.12
408.16
410.2
412.24
414.29
416.33
418.37
420.41
422.45
424.49
426.54
428.58
430.62
432.66
434.7
436.74
438.79
440.83
442.87
444.91
446.95
448.99
451.04
453.08
455.12
457.16
459.2
460.18
461.15
462.13
463.1
464.08
465.06
466.03
467.01
467.98
468.96
469.93
470.91
471.88
472.86
473.84
474.81
475.79
476.76
477.74
478.71
479.69
480.66
481.64
482.61
483.59
484.57
485.54
486.52
487.49
488.47
489.44
490.42
491.39
492.37
493.35
494.32
495.3
496.27
497.25
498.22
499.2
500.17
501.15
502.13
503.1
504.08
505.05
506.03
507
507.98
508.95
509.93
510.91
511.88
512.86
513.83
514.81
515.78
516.76
517.73
519.6
521.46
523.32
525.18
527.04
528.91
530.77
532.63
534.49
536.35
538.22
540.08
541.94
543.8
545.66
547.53
549.39
551.25
553.11
554.97
556.84
558.7
560.56
562.42
564.28
566.15
568.01
569.87
571.73
573.59
575.46
577.32
579.18
581.04
582.91
584.77
586.63
588.49
590.35
592.22
594.08
595.94
597.8
599.66
601.53
603.39
605.25
607.11
608.97
610.84
612.7
614.56
616.42
618.28
620.15
622.01
623.87
625.73
627.59
629.46
629.82
630.19
630.56
630.93
631.3
631.67
632.04
632.41
632.78
633.15
633.51
633.88
634.25
634.62
634.99
635.36
635.73
636.1
636.47
636.83
637.2
637.57
637.94
638.31
638.68
639.05
639.42
639.79
640.15
640.52
640.89
641.26
641.63
642
642.37
642.74
643.11
643.47
643.84
644.21
644.58
644.95
645.32
645.69
646.06
646.43
646.79
647.16
647.53
647.9
648.27
648.64
649.01
649.38
649.75
650.11
650.48
650.85
651.22
651.59
653.08
654.57
656.05
657.54
659.03
660.52
662
663.49
664.98
666.47
667.95
669.44
670.93
672.42
673.9
675.39
676.88
678.37
679.85
681.34
682.83
684.32
685.8
687.29
688.78
690.27
691.75
693.24
694.73
696.22
697.7
699.19
700.68
702.17
703.65
705.14
706.63
708.12
709.6
711.09
712.58
714.07
715.55
717.04
718.53
720.02
721.5
722.99
724.48
725.97
727.45
728.94
730.43
731.92
733.4
734.89
736.38
737.87
739.35
740.84
740.89
740.94
740.99
741.04
741.09
741.14
741.18
741.23
741.28
741.33
741.38
741.43
741.48
741.53
741.58
741.63
741.67
741.72
741.77
741.82
741.87
741.92
741.97
742.02
742.07
742.12
742.16
742.21
742.26
742.31
742.36
742.41
742.46
742.51
742.56
742.61
742.66
742.7
742.75
742.8
742.85
742.9
742.95
743
743.05
743.1
743.15
743.19
743.24
743.29
743.34
743.39
743.44
743.49
743.54
743.59
743.64
743.69
743.73
743.78
743.53
743.28
743.03
742.77
742.52
742.27
742.02
741.77
741.51
741.26
741.01
740.76
740.51
740.25
740
739.75
739.5
739.25
738.99
738.74
738.49
738.24
737.99
737.73
737.48
737.23
736.98
736.73
736.47
736.22
735.97
735.72
735.46
735.21
734.96
734.71
734.46
734.2
733.95
733.7
733.45
733.2
732.94
732.69
732.44
732.19
731.94
731.68
731.43
731.18
730.93
730.68
730.42
730.17
729.92
729.67
729.41
729.16
728.91
728.66
728.27
727.88
727.49
727.1
726.72
726.33
725.94
725.55
725.16
724.77
724.38
724
723.61
723.22
722.83
722.44
722.05
721.66
721.28
720.89
720.5
720.11
719.72
719.33
718.94
718.56
718.17
717.78
717.39
717
716.61
716.22
715.83
715.45
715.06
714.67
714.28
713.89
713.5
713.11
712.73
712.34
711.95
711.56
711.17
710.78
710.39
710.01
709.62
709.23
708.84
708.45
708.06
707.67
707.29
706.9
706.51
706.12
705.73
705.34
703.99
702.65
701.3
699.95
698.6
697.25
695.9
694.56
693.21
691.86
690.51
689.16
687.81
686.46
685.12
683.77
682.42
681.07
679.72
678.37
677.02
675.68
674.33
672.98
671.63
670.28
668.93
667.59
666.24
664.89
663.54
662.19
660.84
659.49
658.15
656.8
655.45
654.1
652.75
651.4
650.05
648.71
647.36
646.01
644.66
643.31
641.96
640.62
639.27
637.92
636.57
635.22
633.87
632.52
631.18
629.83
628.48
627.13
625.78
624.43
623.25
622.07
620.89
619.7
618.52
617.34
616.16
614.97
613.79
612.61
611.43
610.25
609.06
607.88
606.7
605.52
604.33
603.15
601.97
600.79
599.6
598.42
597.24
596.06
594.88
593.69
592.51
591.33
590.15
588.96
587.78
586.6
585.42
584.23
583.05
581.87
580.69
579.51
578.32
577.14
575.96
574.78
573.59
572.41
571.23
570.05
568.86
567.68
566.5
565.32
564.13
562.95
561.77
560.59
559.41
558.22
557.04
555.86
554.68
553.49
551.98
550.47
548.96
547.45
545.94
544.43
542.92
541.41
539.9
538.39
536.88
535.37
533.86
532.35
530.84
529.33
527.82
526.31
524.8
523.29
521.78
520.27
518.76
517.25
515.74
514.23
512.72
511.21
509.7
508.19
506.68
505.17
503.66
502.15
500.64
499.13
497.62
496.11
494.6
493.09
491.58
490.07
488.56
487.05
485.54
484.03
482.52
481.01
479.5
477.99
476.48
474.97
473.46
471.95
470.44
468.93
467.42
465.91
464.4
462.89
460.81
458.73
456.65
454.57
452.49
450.41
448.33
446.25
444.17
442.09
440.01
437.93
435.85
433.77
431.69
429.61
427.53
425.45
423.37
421.29
419.21
417.13
415.05
412.97
410.89
408.81
406.73
404.65
402.57
400.49
398.41
396.33
394.25
392.17
390.09
388.01
385.93
383.85
381.77
379.69
377.61
375.53
373.45
371.37
369.29
367.21
365.13
363.05
360.97
358.89
356.81
354.73
352.65
350.57
348.49
346.41
344.33
342.25
340.17
338.09
336.36
334.64
332.91
331.18
329.46
327.73
326
324.28
322.55
320.82
319.1
317.37
315.64
313.92
312.19
310.46
308.73
307.01
305.28
303.55
301.83
300.1
298.37
296.65
294.92
293.19
291.47
289.74
288.01
286.29
284.56
282.83
281.11
279.38
277.65
275.93
274.2
272.47
270.75
269.02
267.29
265.57
263.84
262.11
260.39
258.66
256.93
255.2
253.48
251.75
250.02
248.3
246.57
244.84
243.12
241.39
239.66
237.94
236.21
234.48
233.11
231.73
230.35
228.97
227.6
226.22
224.84
223.47
222.09
220.71
219.33
217.96
216.58
215.2
213.82
212.45
211.07
209.69
208.32
206.94
205.56
204.18
202.81
201.43
200.05
198.68
197.3
195.92
194.54
193.17
191.79
190.41
189.03
187.66
186.28
184.9
183.53
182.15
180.77
179.39
178.02
176.64
175.26
173.88
172.51
171.13
169.75
168.38
167
165.62
164.24
162.87
161.49
160.11
158.74
157.36
155.98
154.6
153.23
151.85
150.74
149.63
148.51
147.4
146.29
145.18
144.07
142.96
141.85
140.74
139.62
138.51
137.4
136.29
135.18
134.07
132.96
131.84
130.73
129.62
128.51
127.4
126.29
125.18
124.06
122.95
121.84
120.73
119.62
118.51
117.4
116.28
115.17
114.06
112.95
111.84
110.73
109.62
108.5
107.39
106.28
105.17
104.06
102.95
101.84
100.72
99.613
98.501
97.39
96.279
95.167
94.056
92.944
91.833
90.722
89.61
88.499
87.387
86.276
85.164
84.382
83.599
82.816
82.033
81.25
80.468
79.685
78.902
78.119
77.336
76.554
75.771
74.988
74.205
73.422
72.64
71.857
71.074
70.291
69.508
68.726
67.943
67.16
66.377
65.594
64.812
64.029
63.246
62.463
61.681
60.898
60.115
59.332
58.549
57.767
56.984
56.201
55.418
54.635
53.853
53.07
52.287
51.504
50.721
49.939
49.156
48.373
47.59
46.807
46.025
45.242
44.459
43.676
42.893
42.111
41.328
40.545
39.762
38.979
38.197
37.86
37.523
37.186
36.85
36.513
36.176
35.839
35.503
35.166
34.829
34.492
34.156
33.819
33.482
33.146
32.809
32.472
32.135
31.799
31.462
31.125
30.788
30.452
30.115
29.778
29.441
29.105
28.768
28.431
28.095
27.758
27.421
27.084
26.748
26.411
26.074
25.737
25.401
25.064
24.727
24.39
24.054
23.717
23.38
23.044
22.707
22.37
22.033
21.697
21.36
21.023
20.686
20.35
20.013
19.676
19.339
19.003
18.666
18.329
17.992
17.886
17.779
17.673
17.566
17.46
17.353
17.247
17.14
17.034
16.927
16.821
16.714
16.608
16.501
16.395
16.288
16.182
16.075
15.969
15.862
15.756
15.649
15.543
15.436
15.33
15.223
15.117
15.01
14.903
14.797
14.69
14.584
14.477
14.371
14.264
14.158
14.051
13.945
13.838
13.732
13.625
13.519
13.412
13.306
13.199
13.093
12.986
12.88
12.773
12.667
12.56
12.454
12.347
12.241
12.134
12.027
11.921
11.814
11.708
11.601
11.701
11.801
11.901
12.001
12.101
12.201
12.301
12.401
12.501
12.601
12.701
12.801
12.901
13.001
13.101
13.201
13.301
13.401
13.501
13.601
13.701
13.8
13.9
14
14.1
14.2
14.3
14.4
14.5
14.6
14.7
14.8
14.9
15
15.1
15.2
15.3
15.4
15.5
15.6
15.7
15.8
15.9
16
16.1
16.199
16.299
16.399
16.499
16.599
16.699
16.799
16.899
16.999
17.099
17.199
17.299
17.399
17.499
17.599
17.884
18.17
18.455
18.741
19.026
19.312
19.597
19.883
20.168
20.454
20.739
21.025
21.31
21.596
21.881
22.167
22.453
22.738
23.024
23.309
23.595
23.88
24.166
24.451
24.737
25.022
25.308
25.593
25.879
26.164
26.45
26.735
27.021
27.306
27.592
27.877
28.163
28.448
28.734
29.019
29.305
29.59
29.876
30.161
30.447
30.732
31.018
31.303
31.589
31.874
32.16
32.445
32.731
33.016
33.302
33.587
33.873
34.158
34.444
34.729
35.339
35.949
36.559
37.169
37.78
38.39
39
39.61
40.22
40.83
41.44
42.05
42.66
43.27
43.88
44.49
45.1
45.71
46.32
46.93
47.54
48.151
48.761
49.371
49.981
50.591
51.201
51.811
52.421
53.031
53.641
54.251
54.861
55.471
56.081
56.691
57.301
57.911
58.522
59.132
59.742
60.352
60.962
61.572
62.182
62.792
63.402
64.012
64.622
65.232
65.842
66.452
67.062
67.672
68.282
68.892
69.503
70.113
70.723
71.333
72.458
73.583
74.708
75.833
76.959
78.084
79.209
80.334
81.459
82.584
83.709
84.835
85.96
87.085
88.21
89.335
90.46
91.586
92.711
93.836
94.961
96.086
97.211
98.336
99.462
100.59
101.71
102.84
103.96
105.09
106.21
107.34
108.46
109.59
110.71
111.84
112.96
114.09
115.21
116.34
117.46
118.59
119.71
120.84
121.96
123.09
124.22
125.34
126.47
127.59
128.72
129.84
130.97
132.09
133.22
134.34
135.47
136.59
137.72
138.84
140.24
141.63
143.03
144.43
145.82
147.22
148.61
150.01
151.41
152.8
154.2
155.59
156.99
158.39
159.78
161.18
162.57
163.97
165.37
166.76
168.16
169.55
170.95
172.35
173.74
175.14
176.53
177.93
179.33
180.72
182.12
183.51
184.91
186.31
187.7
189.1
190.49
191.89
193.29
194.68
196.08
197.47
198.87
200.27
201.66
203.06
204.45
205.85
207.25
208.64
210.04
211.43
212.83
214.22
215.62
217.02
218.41
219.81
221.2
222.6
224.22
225.84
227.46
229.08
230.71
232.33
233.95
235.57
237.19
238.81
240.43
242.05
243.67
245.29
246.91
248.54
250.16
251.78
253.4
255.02
256.64
258.26
259.88
261.5
263.12
264.74
266.36
267.99
269.61
271.23
272.85
274.47
276.09
277.71
279.33
280.95
282.57
284.19
285.82
287.44
289.06
290.68
292.3
293.92
295.54
297.16
298.78
300.4
302.02
303.65
305.27
306.89
308.51
310.13
311.75
313.37
314.99
316.61
318.23
319.85
321.93
324
326.07
328.14
330.22
332.29
334.36
336.43
338.5
340.58
342.65
344.72
346.79
348.87
350.94
353.01
355.08
357.15
359.23
361.3
363.37
365.44
367.52
369.59
371.66
373.73
375.81
377.88
379.95
382.02
384.09
386.17
388.24
390.31
392.38
394.46
396.53
398.6
400.67
402.74
404.82
406.89
408.96
411.03
413.11
415.18
417.25
419.32
421.39
423.47
425.54
427.61
429.68
431.76
433.83
435.9
437.97
440.05
442.12
444.19
445.94
447.69
449.44
451.19
452.94
454.69
456.44
458.19
459.94
461.69
463.45
465.2
466.95
468.7
470.45
472.2
473.95
475.7
477.45
479.2
480.95
482.7
484.45
486.2
487.95
489.7
491.45
493.2
494.95
496.71
498.46
500.21
501.96
503.71
505.46
507.21
508.96
510.71
512.46
514.21
515.96
517.71
519.46
521.21
522.96
524.71
526.46
528.21
529.97
531.72
533.47
535.22
536.97
538.72
540.47
542.22
543.97
545.72
547.47
549.22
550.91
552.59
554.27
555.96
557.64
559.33
561.01
562.7
564.38
566.06
567.75
569.43
571.12
572.8
574.49
576.17
577.85
579.54
581.22
582.91
584.59
586.28
587.96
589.64
591.33
593.01
594.7
596.38
598.07
599.75
601.43
603.12
604.8
606.49
608.17
609.86
611.54
613.22
614.91
616.59
618.28
619.96
621.65
623.33
625.01
626.7
628.38
630.07
631.75
633.44
635.12
636.8
638.49
640.17
641.86
643.54
645.23
646.91
648.59
650.28
650.85
651.42
651.99
652.56
653.13
653.7
654.27
654.84
655.41
655.98
656.55
657.12
657.69
658.26
658.83
659.4
659.97
660.54
661.11
661.68
662.25
662.82
663.39
663.96
664.53
665.1
665.67
666.24
666.81
667.38
667.95
668.52
669.09
669.66
670.23
670.8
671.37
671.94
672.51
673.08
673.65
674.22
674.79
675.36
675.93
676.5
677.07
677.64
678.21
678.78
679.35
679.92
680.49
681.06
681.63
682.2
682.77
683.34
683.91
684.48
683.85
683.22
682.59
681.95
681.32
680.69
680.06
679.43
678.79
678.16
677.53
676.9
676.26
675.63
675
674.37
673.74
673.1
672.47
671.84
671.21
670.57
669.94
669.31
668.68
668.04
667.41
666.78
666.15
665.52
664.88
664.25
663.62
662.99
662.35
661.72
661.09
660.46
659.83
659.19
658.56
657.93
657.3
656.66
656.03
655.4
654.77
654.14
653.5
652.87
652.24
651.61
650.97
650.34
649.71
649.08
648.45
647.81
647.18
646.55
647.37
648.2
649.02
649.84
650.67
651.49
652.31
653.14
653.96
654.79
655.61
656.43
657.26
658.08
658.9
659.73
660.55
661.38
662.2
663.02
663.85
664.67
665.49
666.32
667.14
667.97
668.79
669.61
670.44
671.26
672.08
672.91
673.73
674.56
675.38
676.2
677.03
677.85
678.67
679.5
680.32
681.15
681.97
682.79
683.62
684.44
685.26
686.09
686.91
687.73
688.56
689.38
690.21
691.03
691.85
692.68
693.5
694.32
695.15
695.97
696.49
697
697.51
698.03
698.54
699.06
699.57
700.09
700.6
701.11
701.63
702.14
702.66
703.17
703.68
704.2
704.71
705.23
705.74
706.26
706.77
707.28
707.8
708.31
708.83
709.34
709.85
710.37
710.88
711.4
711.91
712.43
712.94
713.45
713.97
714.48
715
715.51
716.02
716.54
717.05
717.57
718.08
718.6
719.11
719.62
720.14
720.65
721.17
721.68
722.19
722.71
723.22
723.74
724.25
724.76
725.28
725.79
726.31
726.82
725.4
723.98
722.55
721.13
719.71
718.28
716.86
715.44
714.01
712.59
711.17
709.74
708.32
706.9
705.47
704.05
702.63
701.2
699.78
698.36
696.94
695.51
694.09
692.67
691.24
689.82
688.4
686.97
685.55
684.13
682.7
681.28
679.86
678.43
677.01
675.59
674.16
672.74
671.32
669.9
668.47
667.05
665.63
664.2
662.78
661.36
659.93
658.51
657.09
655.66
654.24
652.82
651.39
649.97
648.55
647.12
645.7
644.28
642.86
641.43
640.58
639.73
638.89
638.04
637.19
636.34
635.49
634.64
633.79
632.94
632.09
631.24
630.4
629.55
628.7
627.85
627
626.15
625.3
624.45
623.6
622.75
621.9
621.06
620.21
619.36
618.51
617.66
616.81
615.96
615.11
614.26
613.41
612.57
611.72
610.87
610.02
609.17
608.32
607.47
606.62
605.77
604.92
604.08
603.23
602.38
601.53
600.68
599.83
598.98
598.13
597.28
596.43
595.59
594.74
593.89
593.04
592.19
591.34
590.49
588.53
586.57
584.6
582.64
580.68
578.71
576.75
574.79
572.82
570.86
568.9
566.94
564.97
563.01
561.05
559.08
557.12
555.16
553.2
551.23
549.27
547.31
545.34
543.38
541.42
539.45
537.49
535.53
533.57
531.6
529.64
527.68
525.71
523.75
521.79
519.83
517.86
515.9
513.94
511.97
510.01
508.05
506.09
504.12
502.16
500.2
498.23
496.27
494.31
492.34
490.38
488.42
486.46
484.49
482.53
480.57
478.6
476.64
474.68
472.72
471.46
470.2
468.94
467.68
466.42
465.16
463.9
462.64
461.39
460.13
458.87
457.61
456.35
455.09
453.83
452.57
451.31
450.06
448.8
447.54
446.28
445.02
443.76
442.5
441.24
439.99
438.73
437.47
436.21
434.95
433.69
432.43
431.17
429.91
428.66
427.4
426.14
424.88
423.62
422.36
421.1
419.84
418.58
417.33
416.07
414.81
413.55
412.29
411.03
409.77
408.51
407.26
406
404.74
403.48
402.22
400.96
399.7
398.44
397.18
395.02
392.86
390.7
388.54
386.37
384.21
382.05
379.89
377.72
375.56
373.4
371.24
369.08
366.91
364.75
362.59
360.43
358.26
356.1
353.94
351.78
349.62
347.45
345.29
343.13
340.97
338.8
336.64
334.48
332.32
330.16
327.99
325.83
323.67
321.51
319.34
317.18
315.02
312.86
310.7
308.53
306.37
304.21
302.05
299.88
297.72
295.56
293.4
291.24
289.07
286.91
284.75
282.59
280.42
278.26
276.1
273.94
271.78
269.61
267.45
266.33
265.21
264.09
262.97
261.85
260.73
259.61
258.49
257.37
256.25
255.13
254.01
252.88
251.76
250.64
249.52
248.4
247.28
246.16
245.04
243.92
242.8
241.68
240.56
239.44
238.32
237.2
236.08
234.96
233.84
232.72
231.6
230.48
229.35
228.23
227.11
225.99
224.87
223.75
222.63
221.51
220.39
219.27
218.15
217.03
215.91
214.79
213.67
212.55
211.43
210.31
209.19
208.07
206.95
205.83
204.7
203.58
202.46
201.34
200.22
198.99
197.75
196.51
195.27
194.04
192.8
191.56
190.32
189.09
187.85
186.61
185.38
184.14
182.9
181.66
180.43
179.19
177.95
176.71
175.48
174.24
173
171.76
170.53
169.29
168.05
166.82
165.58
164.34
163.1
161.87
160.63
159.39
158.15
156.92
155.68
154.44
153.21
151.97
150.73
149.49
148.26
147.02
145.78
144.54
143.31
142.07
140.83
139.6
138.36
137.12
135.88
134.65
133.41
132.17
130.93
129.7
128.46
127.22
125.98
125.07
124.16
123.24
122.33
121.41
120.5
119.58
118.67
117.75
116.84
115.92
115.01
114.09
113.18
112.27
111.35
110.44
109.52
108.61
107.69
106.78
105.86
104.95
104.03
103.12
102.2
101.29
100.38
99.461
98.546
97.632
96.717
95.803
94.888
93.973
93.059
92.144
91.229
90.315
89.4
88.486
87.571
86.656
85.742
84.827
83.912
82.998
82.083
81.169
80.254
79.339
78.425
77.51
76.596
75.681
74.766
73.852
72.937
72.022
71.108
70.526
69.945
69.363
68.781
68.2
67.618
67.036
66.455
65.873
65.291
64.71
64.128
63.547
62.965
62.383
61.802
61.22
60.638
60.057
59.475
58.894
58.312
57.73
57.149
56.567
55.985
55.404
54.822
54.24
53.659
53.077
52.496
51.914
51.332
50.751
50.169
49.587
49.006
48.424
47.843
47.261
46.679
46.098
45.516
44.934
44.353
43.771
43.189
42.608
42.026
41.445
40.863
40.281
39.7
39.118
38.536
37.955
37.373
36.792
36.21
35.881
35.551
35.222
34.893
34.564
34.234
33.905
33.576
33.247
32.918
32.588
32.259
31.93
31.601
31.271
30.942
30.613
30.284
29.954
29.625
29.296
28.967
28.637
28.308
27.979
27.65
27.32
26.991
26.662
26.333
26.004
25.674
25.345
25.016
24.687
24.357
24.028
23.699
23.37
23.04
22.711
22.382
22.053
21.723
21.394
21.065
20.736
20.406
20.077
19.748
19.419
19.09
18.76
18.431
18.102
17.773
17.443
17.114
16.785
16.456
16.388
16.321
16.254
16.187
16.12
16.053
15.986
15.918
15.851
15.784
15.717
15.65
15.583
15.515
15.448
15.381
15.314
15.247
15.18
15.112
15.045
14.978
14.911
14.844
14.777
14.709
14.642
14.575
14.508
14.441
14.374
14.307
14.239
14.172
14.105
14.038
13.971
13.904
13.836
13.769
13.702
13.635
13.568
13.501
13.433
13.366
13.299
13.232
13.165
13.098
13.03
12.963
12.896
12.829
12.762
12.695
12.628
12.56
12.493
12.426
12.586
12.747
12.907
13.067
13.227
13.388
13.548
13.708
13.868
14.029
14.189
14.349
14.509
14.67
14.83
14.99
15.15
15.31
15.471
15.631
15.791
15.951
16.112
16.272
16.432
16.592
16.753
16.913
17.073
17.233
17.394
17.554
17.714
17.874
18.035
18.195
18.355
18.515
18.676
18.836
18.996
19.156
19.317
19.477
19.637
19.797
19.958
20.118
20.278
20.438
20.599
20.759
20.919
21.079
21.24
21.4
21.56
21.72
21.881
22.041
22.511
22.981
23.451
23.921
24.391
24.861
25.332
25.802
26.272
26.742
27.212
27.682
28.152
28.622
29.093
29.563
30.033
30.503
30.973
31.443
31.913
32.383
32.853
33.324
33.794
34.264
34.734
35.204
35.674
36.144
36.614
37.085
37.555
38.025
38.495
38.965
39.435
39.905
40.375
40.845
41.316
41.786
42.256
42.726
43.196
43.666
44.136
44.606
45.076
45.547
46.017
46.487
46.957
47.427
47.897
48.367
48.837
49.308
49.778
50.248
51.176
52.103
53.031
53.959
54.886
55.814
56.742
57.67
58.597
59.525
60.453
61.381
62.308
63.236
64.164
65.092
66.019
66.947
67.875
68.803
69.73
70.658
71.586
72.513
73.441
74.369
75.297
76.224
77.152
78.08
79.008
79.935
80.863
81.791
82.719
83.646
84.574
85.502
86.43
87.357
88.285
89.213
90.141
91.068
91.996
92.924
93.851
94.779
95.707
96.635
97.562
98.49
99.418
100.35
101.27
102.2
103.13
104.06
104.98
105.91
107.21
108.5
109.79
111.09
112.38
113.68
114.97
116.26
117.56
118.85
120.14
121.44
122.73
124.03
125.32
126.61
127.91
129.2
130.49
131.79
133.08
134.38
135.67
136.96
138.26
139.55
140.85
142.14
143.43
144.73
146.02
147.31
148.61
149.9
151.2
152.49
153.78
155.08
156.37
157.67
158.96
160.25
161.55
162.84
164.13
165.43
166.72
168.02
169.31
170.6
171.9
173.19
174.49
175.78
177.07
178.37
179.66
180.95
182.25
183.54
185.2
186.86
188.52
190.18
191.84
193.5
195.16
196.82
198.48
200.14
201.79
203.45
205.11
206.77
208.43
210.09
211.75
213.41
215.07
216.73
218.39
220.05
221.71
223.37
225.02
226.68
228.34
230
231.66
233.32
234.98
236.64
238.3
239.96
241.62
243.28
244.94
246.6
248.26
249.91
251.57
253.23
254.89
256.55
258.21
259.87
261.53
263.19
264.85
266.51
268.17
269.83
271.49
273.14
274.8
276.46
278.12
279.78
281.44
283.1
284.56
286.01
287.47
288.92
290.38
291.83
293.29
294.74
296.2
297.65
299.11
300.56
302.02
303.48
304.93
306.39
307.84
309.3
310.75
312.21
313.66
315.12
316.57
318.03
319.48
320.94
322.39
323.85
325.31
326.76
328.22
329.67
331.13
332.58
334.04
335.49
336.95
338.4
339.86
341.31
342.77
344.22
345.68
347.14
348.59
350.05
351.5
352.96
354.41
355.87
357.32
358.78
360.23
361.69
363.14
364.6
366.05
367.51
368.97
370.42
371.69
372.96
374.23
375.5
376.77
378.04
379.32
380.59
381.86
383.13
384.4
385.67
386.94
388.21
389.48
390.75
392.02
393.29
394.56
395.83
397.11
398.38
399.65
400.92
402.19
403.46
404.73
406
407.27
408.54
409.81
411.08
412.35
413.62
414.9
416.17
417.44
418.71
419.98
421.25
422.52
423.79
425.06
426.33
427.6
428.87
430.14
431.41
432.69
433.96
435.23
436.5
437.77
439.04
440.31
441.58
442.85
444.12
445.39
446.66
447.86
449.06
450.26
451.47
452.67
453.87
455.07
456.27
457.47
458.67
459.87
461.07
462.27
463.47
464.67
465.87
467.07
468.27
469.47
470.67
471.87
473.07
474.27
475.47
476.67
477.87
479.08
480.28
481.48
482.68
483.88
485.08
486.28
487.48
488.68
489.88
491.08
492.28
493.48
494.68
495.88
497.08
498.28
499.48
500.68
501.88
503.08
504.28
505.48
506.69
507.89
509.09
510.29
511.49
512.69
513.89
515.09
516.29
517.49
518.69
519.63
520.57
521.51
522.45
523.39
524.33
525.27
526.21
527.15
528.09
529.03
529.97
530.9
531.84
532.78
533.72
534.66
535.6
536.54
537.48
538.42
539.36
540.3
541.24
542.18
543.12
544.06
545
545.94
546.88
547.82
548.76
549.7
550.64
551.58
552.52
553.46
554.39
555.33
556.27
557.21
558.15
559.09
560.03
560.97
561.91
562.85
563.79
564.73
565.67
566.61
567.55
568.49
569.43
570.37
571.31
572.25
573.19
574.13
575.07
574.65
574.24
573.82
573.41
572.99
572.58
572.16
571.75
571.34
570.92
570.51
570.09
569.68
569.26
568.85
568.43
568.02
567.6
567.19
566.78
566.36
565.95
565.53
565.12
564.7
564.29
563.87
563.46
563.05
562.63
562.22
561.8
561.39
560.97
560.56
560.14
559.73
559.31
558.9
558.49
558.07
557.66
557.24
556.83
556.41
556
555.58
555.17
554.76
554.34
553.93
553.51
553.1
552.68
552.27
551.85
551.44
551.02
550.61
550.2
551.05
551.9
552.75
553.6
554.46
555.31
556.16
557.01
557.86
558.72
559.57
560.42
561.27
562.13
562.98
563.83
564.68
565.53
566.39
567.24
568.09
568.94
569.79
570.65
571.5
572.35
573.2
574.06
574.91
575.76
576.61
577.46
578.32
579.17
580.02
580.87
581.72
582.58
583.43
584.28
585.13
585.99
586.84
587.69
588.54
589.39
590.25
591.1
591.95
592.8
593.65
594.51
595.36
596.21
597.06
597.92
598.77
599.62
600.47
601.32
601.52
601.71
601.9
602.09
602.28
602.47
602.66
602.86
603.05
603.24
603.43
603.62
603.81
604
604.2
604.39
604.58
604.77
604.96
605.15
605.35
605.54
605.73
605.92
606.11
606.3
606.49
606.69
606.88
607.07
607.26
607.45
607.64
607.83
608.03
608.22
608.41
608.6
608.79
608.98
609.17
609.37
609.56
609.75
609.94
610.13
610.32
610.52
610.71
610.9
611.09
611.28
611.47
611.66
611.86
612.05
612.24
612.43
612.62
612.81
613.21
613.6
613.99
614.38
614.78
615.17
615.56
615.96
616.35
616.74
617.14
617.53
617.92
618.31
618.71
619.1
619.49
619.89
620.28
620.67
621.07
621.46
621.85
622.24
622.64
623.03
623.42
623.82
624.21
624.6
624.99
625.39
625.78
626.17
626.57
626.96
627.35
627.75
628.14
628.53
628.92
629.32
629.71
630.1
630.5
630.89
631.28
631.68
632.07
632.46
632.85
633.25
633.64
634.03
634.43
634.82
635.21
635.6
636
636.39
635.45
634.51
633.57
632.63
631.68
630.74
629.8
628.86
627.92
626.98
626.04
625.1
624.16
623.21
622.27
621.33
620.39
619.45
618.51
617.57
616.63
615.68
614.74
613.8
612.86
611.92
610.98
610.04
609.1
608.16
607.21
606.27
605.33
604.39
603.45
602.51
601.57
600.63
599.69
598.74
597.8
596.86
595.92
594.98
594.04
593.1
592.16
591.21
590.27
589.33
588.39
587.45
586.51
585.57
584.63
583.69
582.74
581.8
580.86
579.92
579.48
579.05
578.61
578.17
577.73
577.3
576.86
576.42
575.98
575.55
575.11
574.67
574.24
573.8
573.36
572.92
572.49
572.05
571.61
571.17
570.74
570.3
569.86
569.42
568.99
568.55
568.11
567.68
567.24
566.8
566.36
565.93
565.49
565.05
564.61
564.18
563.74
563.3
562.87
562.43
561.99
561.55
561.12
560.68
560.24
559.8
559.37
558.93
558.49
558.05
557.62
557.18
556.74
556.31
555.87
555.43
554.99
554.56
554.12
553.68
552.34
551
549.66
548.32
546.98
545.64
544.3
542.96
541.62
540.27
538.93
537.59
536.25
534.91
533.57
532.23
530.89
529.55
528.21
526.87
525.53
524.19
522.85
521.5
520.16
518.82
517.48
516.14
514.8
513.46
512.12
510.78
509.44
508.1
506.76
505.42
504.08
502.74
501.39
500.05
498.71
497.37
496.03
494.69
493.35
492.01
490.67
489.33
487.99
486.65
485.31
483.97
482.62
481.28
479.94
478.6
477.26
475.92
474.58
473.24
471.34
469.43
467.53
465.62
463.72
461.82
459.91
458.01
456.1
454.2
452.3
450.39
448.49
446.59
444.68
442.78
440.87
438.97
437.07
435.16
433.26
431.35
429.45
427.55
425.64
423.74
421.83
419.93
418.03
416.12
414.22
412.32
410.41
408.51
406.6
404.7
402.8
400.89
398.99
397.08
395.18
393.28
391.37
389.47
387.56
385.66
383.76
381.85
379.95
378.05
376.14
374.24
372.33
370.43
368.53
366.62
364.72
362.81
360.91
359.01
357.26
355.51
353.77
352.02
350.27
348.53
346.78
345.03
343.29
341.54
339.8
338.05
336.3
334.56
332.81
331.06
329.32
327.57
325.82
324.08
322.33
320.58
318.84
317.09
315.34
313.6
311.85
310.11
308.36
306.61
304.87
303.12
301.37
299.63
297.88
296.13
294.39
292.64
290.89
289.15
287.4
285.66
283.91
282.16
280.42
278.67
276.92
275.18
273.43
271.68
269.94
268.19
266.44
264.7
262.95
261.2
259.46
257.71
255.97
254.22
253.21
252.2
251.19
250.18
249.18
248.17
247.16
246.15
245.14
244.13
243.12
242.12
241.11
240.1
239.09
238.08
237.07
236.06
235.05
234.05
233.04
232.03
231.02
230.01
229
227.99
226.99
225.98
224.97
223.96
222.95
221.94
220.93
219.93
218.92
217.91
216.9
215.89
214.88
213.87
212.86
211.86
210.85
209.84
208.83
207.82
206.81
205.8
204.8
203.79
202.78
201.77
200.76
199.75
198.74
197.73
196.73
195.72
194.71
193.7
192.55
191.4
190.25
189.09
187.94
186.79
185.64
184.49
183.34
182.19
181.04
179.88
178.73
177.58
176.43
175.28
174.13
172.98
171.82
170.67
169.52
168.37
167.22
166.07
164.92
163.76
162.61
161.46
160.31
159.16
158.01
156.86
155.7
154.55
153.4
152.25
151.1
149.95
148.8
147.64
146.49
145.34
144.19
143.04
141.89
140.74
139.58
138.43
137.28
136.13
134.98
133.83
132.68
131.53
130.37
129.22
128.07
126.92
125.77
124.62
123.95
123.28
122.62
121.95
121.28
120.62
119.95
119.28
118.61
117.95
117.28
116.61
115.95
115.28
114.61
113.95
113.28
112.61
111.95
111.28
110.61
109.94
109.28
108.61
107.94
107.28
106.61
105.94
105.28
104.61
103.94
103.28
102.61
101.94
101.27
100.61
99.941
99.274
98.607
97.94
97.273
96.607
95.94
95.273
94.606
93.939
93.272
92.605
91.938
91.271
90.604
89.937
89.271
88.604
87.937
87.27
86.603
85.936
85.269
84.602
84.021
83.439
82.857
82.276
81.694
81.112
80.531
79.949
79.367
78.786
78.204
77.623
77.041
76.459
75.878
75.296
74.714
74.133
73.551
72.97
72.388
71.806
71.225
70.643
70.061
69.48
68.898
68.316
67.735
67.153
66.572
65.99
65.408
64.827
64.245
63.663
63.082
62.5
61.919
61.337
60.755
60.174
59.592
59.01
58.429
57.847
57.265
56.684
56.102
55.521
54.939
54.357
53.776
53.194
52.612
52.031
51.449
50.868
50.286
49.704
49.371
49.038
48.704
48.371
48.038
47.704
47.371
47.038
46.705
46.371
46.038
45.705
45.371
45.038
44.705
44.371
44.038
43.705
43.372
43.038
42.705
42.372
42.038
41.705
41.372
41.038
40.705
40.372
40.039
39.705
39.372
39.039
38.705
38.372
38.039
37.706
37.372
37.039
36.706
36.372
36.039
35.706
35.372
35.039
34.706
34.373
34.039
33.706
33.373
33.039
32.706
32.373
32.039
31.706
31.373
31.04
30.706
30.373
30.04
29.706
29.612
29.517
29.422
29.328
29.233
29.138
29.044
28.949
28.855
28.76
28.665
28.571
28.476
28.381
28.287
28.192
28.097
28.003
27.908
27.813
27.719
27.624
27.529
27.435
27.34
27.246
27.151
27.056
26.962
26.867
26.772
26.678
26.583
26.488
26.394
26.299
26.204
26.11
26.015
25.92
25.826
25.731
25.636
25.542
25.447
25.353
25.258
25.163
25.069
24.974
24.879
24.785
24.69
24.595
24.501
24.406
24.311
24.217
24.122
24.027
24.021
24.014
24.008
24.001
23.995
23.988
23.982
23.975
23.968
23.962
23.955
23.949
23.942
23.936
23.929
23.923
23.916
23.909
23.903
23.896
23.89
23.883
23.877
23.87
23.863
23.857
23.85
23.844
23.837
23.831
23.824
23.818
23.811
23.804
23.798
23.791
23.785
23.778
23.772
23.765
23.759
23.752
23.745
23.739
23.732
23.726
23.719
23.713
23.706
23.699
23.693
23.686
23.68
23.673
23.667
23.66
23.654
23.647
23.64
23.634
23.904
24.174
24.444
24.713
24.983
25.253
25.523
25.793
26.063
26.333
26.603
26.873
27.142
27.412
27.682
27.952
28.222
28.492
28.762
29.032
29.302
29.571
29.841
30.111
30.381
30.651
30.921
31.191
31.461
31.731
32
32.27
32.54
32.81
33.08
33.35
33.62
33.89
34.159
34.429
34.699
34.969
35.239
35.509
35.779
36.049
36.319
36.588
36.858
37.128
37.398
37.668
37.938
38.208
38.478
38.748
39.017
39.287
39.557
39.827
40.226
40.625
41.024
41.423
41.822
42.221
42.619
43.018
43.417
43.816
44.215
44.614
45.013
45.412
45.811
46.209
46.608
47.007
47.406
47.805
48.204
48.603
49.002
49.401
49.8
50.198
50.597
50.996
51.395
51.794
52.193
52.592
52.991
53.39
53.788
54.187
54.586
54.985
55.384
55.783
56.182
56.581
56.98
57.379
57.777
58.176
58.575
58.974
59.373
59.772
60.171
60.57
60.969
61.368
61.766
62.165
62.564
62.963
63.362
63.761
64.318
64.876
65.434
65.991
66.549
67.106
67.664
68.222
68.779
69.337
69.894
70.452
71.009
71.567
72.125
72.682
73.24
73.797
74.355
74.912
75.47
76.028
76.585
77.143
77.7
78.258
78.816
79.373
79.931
80.488
81.046
81.603
82.161
82.719
83.276
83.834
84.391
84.949
85.506
86.064
86.622
87.179
87.737
88.294
88.852
89.41
89.967
90.525
91.082
91.64
92.197
92.755
93.313
93.87
94.428
94.985
95.543
96.101
96.658
97.216
97.637
98.058
98.479
98.9
99.321
99.742
100.16
100.58
101.01
101.43
101.85
102.27
102.69
103.11
103.53
103.95
104.37
104.8
105.22
105.64
106.06
106.48
106.9
107.32
107.74
108.16
108.58
109.01
109.43
109.85
110.27
110.69
111.11
111.53
111.95
112.37
112.8
113.22
113.64
114.06
114.48
114.9
115.32
115.74
116.16
116.59
117.01
117.43
117.85
118.27
118.69
119.11
119.53
119.95
120.37
120.8
121.22
121.64
122.06
122.48
122.79
123.1
123.4
123.71
124.02
124.33
124.64
124.94
125.25
125.56
125.87
126.18
126.48
126.79
127.1
127.41
127.72
128.02
128.33
128.64
128.95
129.26
129.56
129.87
130.18
130.49
130.8
131.1
131.41
131.72
132.03
132.34
132.64
132.95
133.26
133.57
133.88
134.18
134.49
134.8
135.11
135.42
135.72
136.03
136.34
136.65
136.96
137.26
137.57
137.88
138.19
138.5
138.8
139.11
139.42
139.73
140.04
140.34
140.65
140.96
142.66
144.35
146.05
147.74
149.44
151.14
152.83
154.53
156.22
157.92
159.61
161.31
163.01
164.7
166.4
168.09
169.79
171.49
173.18
174.88
176.57
178.27
179.96
181.66
183.36
185.05
186.75
188.44
190.14
191.84
193.53
195.23
196.92
198.62
200.31
202.01
203.71
205.4
207.1
208.79
210.49
212.19
213.88
215.58
217.27
218.97
220.67
222.36
224.06
225.75
227.45
229.14
230.84
232.54
234.23
235.93
237.62
239.32
241.02
242.71
245.07
247.42
249.78
252.13
254.48
256.84
259.19
261.55
263.9
266.26
268.61
270.97
273.32
275.68
278.03
280.39
282.74
285.09
287.45
289.8
292.16
294.51
296.87
299.22
301.58
303.93
306.29
308.64
311
313.35
315.71
318.06
320.41
322.77
325.12
327.48
329.83
332.19
334.54
336.9
339.25
341.61
343.96
346.32
348.67
351.02
353.38
355.73
358.09
360.44
362.8
365.15
367.51
369.86
372.22
374.57
376.93
379.28
381.64
383.99
385.98
387.97
389.97
391.96
393.95
395.94
397.93
399.93
401.92
403.91
405.9
407.89
409.89
411.88
413.87
415.86
417.85
419.85
421.84
423.83
425.82
427.81
429.81
431.8
433.79
435.78
437.77
439.77
441.76
443.75
445.74
447.73
449.73
451.72
453.71
455.7
457.69
459.69
461.68
463.67
465.66
467.65
469.64
471.64
473.63
475.62
477.61
479.6
481.6
483.59
485.58
487.57
489.56
491.56
493.55
495.54
497.53
499.52
501.52
503.51
504.92
506.33
507.74
509.15
510.56
511.97
513.38
514.79
516.2
517.61
519.02
520.43
521.84
523.25
524.66
526.07
527.48
528.89
530.3
531.71
533.12
534.53
535.94
537.35
538.76
540.17
541.58
542.99
544.4
545.81
547.22
548.63
550.04
551.45
552.86
554.27
555.68
557.09
558.5
559.91
561.32
562.73
564.14
565.55
566.96
568.37
569.78
571.19
572.6
574.01
575.42
576.83
578.24
579.65
581.06
582.47
583.88
585.29
586.7
588.11
588.49
588.87
589.25
589.63
590.01
590.39
590.77
591.15
591.53
591.91
592.29
592.67
593.05
593.43
593.81
594.19
594.57
594.95
595.33
595.71
596.09
596.47
596.85
597.23
597.61
597.99
598.37
598.76
599.14
599.52
599.9
600.28
600.66
601.04
601.42
601.8
602.18
602.56
602.94
603.32
603.7
604.08
604.46
604.84
605.22
605.6
605.98
606.36
606.74
607.12
607.5
607.88
608.26
608.64
609.02
609.4
609.78
610.16
610.54
610.92
610.29
609.66
609.04
608.41
607.78
607.15
606.52
605.89
605.27
604.64
604.01
603.38
602.75
602.13
601.5
600.87
600.24
599.61
598.98
598.36
597.73
597.1
596.47
595.84
595.22
594.59
593.96
593.33
592.7
592.07
591.45
590.82
590.19
589.56
588.93
588.31
587.68
587.05
586.42
585.79
585.16
584.54
583.91
583.28
582.65
582.02
581.4
580.77
580.14
579.51
578.88
578.25
577.63
577
576.37
575.74
575.11
574.49
573.86
573.23
