43.74
43.93
44.121
44.311
44.502
44.692
44.883
45.074
45.264
45.455
45.645
45.836
46.026
46.217
46.408
46.598
46.789
46.979
47.17
47.36
47.551
47.742
47.932
48.123
48.313
48.504
48.694
48.885
49.076
49.266
49.457
49.647
49.838
50.028
50.219
50.41
50.6
50.791
50.981
51.172
51.362
51.553
51.744
51.934
52.125
52.315
52.506
52.696
52.887
53.078
53.268
53.459
53.649
53.84
54.03
54.221
54.412
54.602
54.793
54.983
55.174
55.418
55.661
55.905
56.148
56.392
56.636
56.879
57.123
57.366
57.61
57.854
58.097
58.341
58.584
58.828
59.072
59.315
59.559
59.802
60.046
60.29
60.533
60.777
61.021
61.264
61.508
61.751
61.995
62.239
62.482
62.726
62.969
63.213
63.457
63.7
63.944
64.187
64.431
64.675
64.918
65.162
65.405
65.649
65.893
66.136
66.38
66.623
66.867
67.111
67.354
67.598
67.842
68.085
68.329
68.572
68.816
69.06
69.303
69.547
69.79
70
70.209
70.418
70.627
70.836
71.046
71.255
71.464
71.673
71.882
72.092
72.301
72.51
72.719
72.928
73.138
73.347
73.556
73.765
73.974
74.183
74.393
74.602
74.811
75.02
75.229
75.439
75.648
75.857
76.066
76.275
76.485
76.694
76.903
77.112
77.321
77.531
77.74
77.949
78.158
78.367
78.577
78.786
78.995
79.204
79.413
79.623
79.832
80.041
80.25
80.459
80.669
80.878
81.087
81.296
81.505
81.715
81.924
82.133
82.342
82.529
82.716
82.904
83.091
83.278
83.465
83.652
83.839
84.026
84.213
84.401
84.588
84.775
84.962
85.149
85.336
85.523
85.711
85.898
86.085
86.272
86.459
86.646
86.833
87.02
87.208
87.395
87.582
87.769
87.956
88.143
88.33
88.517
88.705
88.892
89.079
89.266
89.453
89.64
89.827
90.015
90.202
90.389
90.576
90.763
90.95
91.137
91.324
91.512
91.699
91.886
92.073
92.26
92.447
92.634
92.822
93.009
93.196
93.383
93.57
93.749
93.929
94.108
94.287
94.466
94.646
94.825
95.004
95.183
95.363
95.542
95.721
95.901
96.08
96.259
96.438
96.618
96.797
96.976
97.155
97.335
97.514
97.693
97.873
98.052
98.231
98.41
98.59
98.769
98.948
99.127
99.307
99.486
99.665
99.845
100.02
100.2
100.38
100.56
100.74
100.92
101.1
101.28
101.46
101.64
101.82
102
102.18
102.35
102.53
102.71
102.89
103.07
103.25
103.43
103.61
103.79
103.97
104.15
104.33
104.44
104.56
104.67
104.78
104.9
105.01
105.13
105.24
105.36
105.47
105.59
105.7
105.81
105.93
106.04
106.16
106.27
106.39
106.5
106.61
106.73
106.84
106.96
107.07
107.19
107.3
107.42
107.53
107.64
107.76
107.87
107.99
108.1
108.22
108.33
108.45
108.56
108.67
108.79
108.9
109.02
109.13
109.25
109.36
109.48
109.59
109.7
109.82
109.93
110.05
110.16
110.28
110.39
110.51
110.62
110.73
110.85
110.96
111.08
111.19
111.25
111.3
111.35
111.41
111.46
111.51
111.57
111.62
111.68
111.73
111.78
111.84
111.89
111.94
112
112.05
112.1
112.16
112.21
112.27
112.32
112.37
112.43
112.48
112.53
112.59
112.64
112.69
112.75
112.8
112.86
112.91
112.96
113.02
113.07
113.12
113.18
113.23
113.29
113.34
113.39
113.45
113.5
113.55
113.61
113.66
113.71
113.77
113.82
113.88
113.93
113.98
114.04
114.09
114.14
114.2
114.25
114.3
114.36
114.41
114.4
114.4
114.39
114.38
114.37
114.36
114.35
114.35
114.34
114.33
114.32
114.31
114.3
114.3
114.29
114.28
114.27
114.26
114.25
114.25
114.24
114.23
114.22
114.21
114.2
114.2
114.19
114.18
114.17
114.16
114.15
114.15
114.14
114.13
114.12
114.11
114.1
114.1
114.09
114.08
114.07
114.06
114.06
114.05
114.04
114.03
114.02
114.01
114.01
114
113.99
113.98
113.97
113.96
113.96
113.95
113.94
113.93
113.92
113.91
113.84
113.77
113.7
113.62
113.55
113.48
113.4
113.33
113.26
113.19
113.11
113.04
112.97
112.89
112.82
112.75
112.67
112.6
112.53
112.46
112.38
112.31
112.24
112.16
112.09
112.02
111.95
111.87
111.8
111.73
111.65
111.58
111.51
111.44
111.36
111.29
111.22
111.14
111.07
111
110.93
110.85
110.78
110.71
110.63
110.56
110.49
110.42
110.34
110.27
110.2
110.12
110.05
109.98
109.9
109.83
109.76
109.69
109.61
109.54
109.42
109.31
109.19
109.07
108.95
108.83
108.72
108.6
108.48
108.36
108.25
108.13
108.01
107.89
107.78
107.66
107.54
107.42
107.31
107.19
107.07
106.95
106.83
106.72
106.6
106.48
106.36
106.25
106.13
106.01
105.89
105.78
105.66
105.54
105.42
105.31
105.19
105.07
104.95
104.83
104.72
104.6
104.48
104.36
104.25
104.13
104.01
103.89
103.78
103.66
103.54
103.42
103.31
103.19
103.07
102.95
102.84
102.72
102.6
102.48
102.23
101.99
101.74
101.49
101.24
100.99
100.74
100.49
100.25
99.998
99.749
99.501
99.252
99.004
98.755
98.507
98.258
98.01
97.761
97.513
97.265
97.016
96.768
96.519
96.271
96.022
95.774
95.525
95.277
95.028
94.78
94.531
94.283
94.035
93.786
93.538
93.289
93.041
92.792
92.544
92.295
92.047
91.798
91.55
91.302
91.053
90.805
90.556
90.308
90.059
89.811
89.562
89.314
89.065
88.817
88.569
88.32
88.072
87.823
87.575
87.298
87.021
86.745
86.468
86.191
85.914
85.638
85.361
85.084
84.807
84.531
84.254
83.977
83.701
83.424
83.147
82.87
82.594
82.317
82.04
81.764
81.487
81.21
80.933
80.657
80.38
80.103
79.826
79.55
79.273
78.996
78.72
78.443
78.166
77.889
77.613
77.336
77.059
76.783
76.506
76.229
75.952
75.676
75.399
75.122
74.845
74.569
74.292
74.015
73.739
73.462
73.185
72.908
72.632
72.355
72.078
71.802
71.525
71.248
70.971
70.727
70.484
70.24
69.996
69.752
69.508
69.264
69.02
68.776
68.532
68.288
68.044
67.801
67.557
67.313
67.069
66.825
66.581
66.337
66.093
65.849
65.605
65.362
65.118
64.874
64.63
64.386
64.142
63.898
63.654
63.41
63.166
62.922
62.679
62.435
62.191
61.947
61.703
61.459
61.215
60.971
60.727
60.483
60.24
59.996
59.752
59.508
59.264
59.02
58.776
58.532
58.288
58.044
57.8
57.557
57.313
57.069
56.825
56.581
56.337
56.113
55.89
55.666
55.442
55.218
54.994
54.771
54.547
54.323
54.099
53.876
53.652
53.428
53.204
52.981
52.757
52.533
52.309
52.086
51.862
51.638
51.414
51.191
50.967
50.743
50.519
50.295
50.072
49.848
49.624
49.4
49.177
48.953
48.729
48.505
48.282
48.058
47.834
47.61
47.387
47.163
46.939
46.715
46.492
46.268
46.044
45.82
45.596
45.373
45.149
44.925
44.701
44.478
44.254
44.03
43.806
43.583
43.359
43.135
42.911
42.726
42.54
42.354
42.168
41.983
41.797
41.611
41.425
41.24
41.054
40.868
40.682
40.497
40.311
40.125
39.94
39.754
39.568
39.382
39.197
39.011
38.825
38.639
38.454
38.268
38.082
37.896
37.711
37.525
37.339
37.153
36.968
36.782
36.596
36.41
36.225
36.039
35.853
35.668
35.482
35.296
35.11
34.925
34.739
34.553
34.367
34.182
33.996
33.81
33.624
33.439
33.253
33.067
32.881
32.696
32.51
32.324
32.139
31.953
31.767
31.608
31.448
31.289
31.129
30.97
30.81
30.651
30.491
30.332
30.173
30.013
29.854
29.694
29.535
29.375
29.216
29.056
28.897
28.737
28.578
28.419
28.259
28.1
27.94
27.781
27.621
27.462
27.302
27.143
26.983
26.824
26.665
26.505
26.346
26.186
26.027
25.867
25.708
25.548
25.389
25.23
25.07
24.911
24.751
24.592
24.432
24.273
24.113
23.954
23.794
23.635
23.476
23.316
23.157
22.997
22.838
22.678
22.519
22.359
22.2
22.071
21.942
21.812
21.683
21.554
21.425
21.296
21.167
21.037
20.908
20.779
20.65
20.521
20.391
20.262
20.133
20.004
19.875
19.746
19.616
19.487
19.358
19.229
19.1
18.97
18.841
18.712
18.583
18.454
18.325
18.195
18.066
17.937
17.808
17.679
17.55
17.42
17.291
17.162
17.033
16.904
16.774
16.645
16.516
16.387
16.258
16.129
15.999
15.87
15.741
15.612
15.483
15.353
15.224
15.095
14.966
14.837
14.708
14.578
14.449
14.377
14.305
14.233
14.161
14.089
14.017
13.945
13.873
13.801
13.729
13.657
13.585
13.513
13.441
13.369
13.297
13.225
13.153
13.081
13.009
12.937
12.865
12.793
12.721
12.649
12.577
12.505
12.433
12.361
12.289
12.217
12.145
12.073
12.001
11.928
11.856
11.784
11.712
11.64
11.568
11.496
11.424
11.352
11.28
11.208
11.136
11.064
10.992
10.92
10.848
10.776
10.704
10.632
10.56
10.488
10.416
10.344
10.272
10.2
10.128
10.068
10.008
9.9478
9.8878
9.8277
9.7677
9.7076
9.6476
9.5876
9.5275
9.4675
9.4074
9.3474
9.2873
9.2273
9.1672
9.1072
9.0472
8.9871
8.9271
8.867
8.807
8.7469
8.6869
8.6268
8.5668
8.5068
8.4467
8.3867
8.3266
8.2666
8.2065
8.1465
8.0864
8.0264
7.9664
7.9063
7.8463
7.7862
7.7262
7.6661
7.6061
7.546
7.486
7.4259
7.3659
7.3059
7.2458
7.1858
7.1257
7.0657
7.0056
6.9456
6.8855
6.8255
6.7655
6.7054
6.6454
6.5853
6.5253
6.5098
6.4944
6.479
6.4635
6.4481
6.4327
6.4172
6.4018
6.3864
6.3709
6.3555
6.3401
6.3246
6.3092
6.2938
6.2783
6.2629
6.2475
6.232
6.2166
6.2012
6.1857
6.1703
6.1549
6.1394
6.124
6.1086
6.0931
6.0777
6.0623
6.0468
6.0314
6.016
6.0005
5.9851
5.9697
5.9542
5.9388
5.9234
5.9079
5.8925
5.8771
5.8616
5.8462
5.8308
5.8153
5.7999
5.7845
5.769
5.7536
5.7382
5.7227
5.7073
5.6919
5.6764
5.661
5.6456
5.6301
5.6147
5.5993
5.6271
5.655
5.6829
5.7108
5.7387
5.7666
5.7945
5.8224
5.8503
5.8781
5.906
5.9339
5.9618
5.9897
6.0176
6.0455
6.0734
6.1012
6.1291
6.157
6.1849
6.2128
6.2407
6.2686
6.2965
6.3243
6.3522
6.3801
6.408
6.4359
6.4638
6.4917
6.5196
6.5475
6.5753
6.6032
6.6311
6.659
6.6869
6.7148
6.7427
6.7706
6.7984
6.8263
6.8542
6.8821
6.91
6.9379
6.9658
6.9937
7.0216
7.0494
7.0773
7.1052
7.1331
7.161
7.1889
7.2168
7.2447
7.2725
7.3288
7.3851
7.4415
7.4978
7.5541
7.6104
7.6667
7.723
7.7793
7.8356
7.8919
7.9482
8.0045
8.0608
8.1171
8.1734
8.2297
8.286
8.3423
8.3986
8.4549
8.5112
8.5675
8.6238
8.6801
8.7364
8.7927
8.849
8.9053
8.9616
9.0179
9.0742
9.1305
9.1868
9.2431
9.2994
9.3557
9.412
9.4683
9.5246
9.5809
9.6372
9.6935
9.7498
9.8061
9.8624
9.9187
9.975
10.031
10.088
10.144
10.2
10.257
10.313
10.369
10.425
10.482
10.538
10.594
10.651
10.772
10.893
11.014
11.135
11.256
11.377
11.498
11.62
11.741
11.862
11.983
12.104
12.225
12.346
12.467
12.589
12.71
12.831
12.952
13.073
13.194
13.315
13.436
13.558
13.679
13.8
13.921
14.042
14.163
14.284
14.405
14.526
14.648
14.769
14.89
15.011
15.132
15.253
15.374
15.495
15.617
15.738
15.859
15.98
16.101
16.222
16.343
16.464
16.586
16.707
16.828
16.949
17.07
17.191
17.312
17.433
17.555
17.676
17.797
17.918
18.079
18.24
18.402
18.563
18.724
18.886
19.047
19.208
19.37
19.531
19.692
19.854
20.015
20.176
20.338
20.499
20.66
20.822
20.983
21.144
21.305
21.467
21.628
21.789
21.951
22.112
22.273
22.435
22.596
22.757
22.919
23.08
23.241
23.403
23.564
23.725
23.887
24.048
24.209
24.37
24.532
24.693
24.854
25.016
25.177
25.338
25.5
25.661
25.822
25.984
26.145
26.306
26.468
26.629
26.79
26.952
27.113
27.274
27.435
27.597
27.841
28.086
28.33
28.575
28.819
29.064
29.308
29.553
29.798
30.042
30.287
30.531
30.776
31.02
31.265
31.509
31.754
31.998
32.243
32.487
32.732
32.976
33.221
33.465
33.71
33.955
34.199
34.444
34.688
34.933
35.177
35.422
35.666
35.911
36.155
36.4
36.644
36.889
37.133
37.378
37.622
37.867
38.112
38.356
38.601
38.845
39.09
39.334
39.579
39.823
40.068
40.312
40.557
40.801
41.046
41.29
41.535
41.779
42.024
42.269
42.543
42.818
43.093
43.368
43.643
43.918
44.192
44.467
44.742
45.017
45.292
45.566
45.841
46.116
46.391
46.666
46.941
47.215
47.49
47.765
48.04
48.315
48.59
48.864
49.139
49.414
49.689
49.964
50.239
50.513
50.788
51.063
51.338
51.613
51.888
52.162
52.437
52.712
52.987
53.262
53.537
53.811
54.086
54.361
54.636
54.911
55.186
55.46
55.735
56.01
56.285
56.56
56.835
57.109
57.384
57.659
57.934
58.209
58.484
58.758
59.041
59.324
59.607
59.89
60.173
60.455
60.738
61.021
61.304
61.587
61.87
62.152
62.435
62.718
63.001
63.284
63.567
63.85
64.132
64.415
64.698
64.981
65.264
65.547
65.829
66.112
66.395
66.678
66.961
67.244
67.527
67.809
68.092
68.375
68.658
68.941
69.224
69.506
69.789
70.072
70.355
70.638
70.921
71.203
71.486
71.769
72.052
72.335
72.618
72.901
73.183
73.466
73.749
74.032
74.315
74.598
74.88
75.163
75.446
75.729
75.863
75.997
76.131
76.265
76.399
76.533
76.666
76.8
76.934
77.068
77.202
77.336
77.47
77.604
77.738
77.872
78.006
78.14
78.274
78.408
78.542
78.675
78.809
78.943
79.077
79.211
79.345
79.479
79.613
79.747
79.881
80.015
80.149
80.283
80.417
80.55
80.684
80.818
80.952
81.086
81.22
81.354
81.488
81.622
81.756
81.89
82.024
82.158
82.292
82.426
82.559
82.693
82.827
82.961
83.095
83.229
83.363
83.497
83.631
83.765
83.939
84.113
84.286
84.46
84.634
84.808
84.982
85.156
85.33
85.504
85.678
85.851
86.025
86.199
86.373
86.547
86.721
86.895
87.069
87.243
87.416
87.59
87.764
87.938
88.112
88.286
88.46
88.634
88.808
88.981
89.155
89.329
89.503
89.677
89.851
90.025
90.199
90.372
90.546
90.72
90.894
91.068
91.242
91.416
91.59
91.764
91.937
92.111
92.285
92.459
92.633
92.807
92.981
93.155
93.329
93.502
93.676
93.85
94.024
94.198
94.352
94.506
94.661
94.815
94.969
95.123
95.277
95.431
95.586
95.74
95.894
96.048
96.202
96.357
96.511
96.665
96.819
96.973
97.128
97.282
97.436
97.59
97.744
97.898
98.053
98.207
98.361
98.515
98.669
98.824
98.978
99.132
99.286
99.44
99.595
99.749
99.903
100.06
100.21
100.37
100.52
100.67
100.83
100.98
101.14
101.29
101.44
101.6
101.75
101.91
102.06
102.22
102.37
102.52
102.68
102.83
102.99
103.14
103.3
103.45
103.62
103.79
103.97
104.14
104.31
104.48
104.66
104.83
105
105.17
105.35
105.52
105.69
105.86
106.04
106.21
106.38
106.55
106.73
106.9
107.07
107.24
107.42
107.59
107.76
107.93
108.11
108.28
108.45
108.62
108.8
108.97
109.14
109.31
109.48
109.66
109.83
110
110.17
110.35
110.52
110.69
110.86
111.04
111.21
111.38
111.55
111.73
111.9
112.07
112.24
112.42
112.59
112.76
112.93
113.11
113.28
113.45
113.62
113.8
113.87
113.94
114.01
114.08
114.15
114.22
114.29
114.36
114.43
114.5
114.57
114.64
114.71
114.78
114.85
114.92
114.99
115.06
115.13
115.2
115.27
115.34
115.41
115.48
115.55
115.62
115.69
115.76
115.83
115.9
115.97
116.04
116.11
116.18
116.25
116.32
116.39
116.46
116.53
116.6
116.67
116.74
116.81
116.88
116.95
117.02
117.09
117.16
117.23
117.3
117.37
117.44
117.51
117.58
117.65
117.72
117.79
117.86
117.93
118
117.98
117.96
117.94
117.92
117.9
117.88
117.86
117.84
117.82
117.81
117.79
117.77
117.75
117.73
117.71
117.69
117.67
117.65
117.63
117.61
117.59
117.57
117.55
117.53
117.51
117.49
117.47
117.45
117.43
117.41
117.39
117.37
117.36
117.34
117.32
117.3
117.28
117.26
117.24
117.22
117.2
117.18
117.16
117.14
117.12
117.1
117.08
117.06
117.04
117.02
117
116.98
116.96
116.94
116.93
116.91
116.89
116.87
116.85
116.83
116.8
116.77
116.74
116.7
116.67
116.64
116.61
116.58
116.55
116.52
116.49
116.46
116.43
116.4
116.37
116.34
116.31
116.28
116.25
116.21
116.18
116.15
116.12
116.09
116.06
116.03
116
115.97
115.94
115.91
115.88
115.85
115.82
115.79
115.75
115.72
115.69
115.66
115.63
115.6
115.57
115.54
115.51
115.48
115.45
115.42
115.39
115.36
115.33
115.3
115.26
115.23
115.2
115.17
115.14
115.11
115.08
115.05
115.02
114.99
114.92
114.85
114.78
114.71
114.64
114.57
114.5
114.43
114.36
114.29
114.22
114.15
114.08
114.01
113.94
113.87
113.8
113.73
113.66
113.59
113.52
113.45
113.38
113.31
113.24
113.17
113.1
113.03
112.96
112.89
112.82
112.75
112.68
112.61
112.54
112.47
112.4
112.33
112.26
112.19
112.12
112.05
111.98
111.91
111.84
111.77
111.7
111.63
111.56
111.49
111.42
111.35
111.28
111.21
111.14
111.07
111
110.93
110.86
110.79
110.63
110.48
110.32
110.16
110.01
109.85
109.7
109.54
109.38
109.23
109.07
108.92
108.76
108.6
108.45
108.29
108.14
107.98
107.82
107.67
107.51
107.36
107.2
107.04
106.89
106.73
106.58
106.42
106.26
106.11
105.95
105.8
105.64
105.48
105.33
105.17
105.02
104.86
104.7
104.55
104.39
104.24
104.08
103.92
103.77
103.61
103.46
103.3
103.14
102.99
102.83
102.68
102.52
102.36
102.21
102.05
101.9
101.74
101.58
101.43
101.23
101.03
100.83
100.63
100.43
100.23
100.03
99.828
99.628
99.428
99.228
99.028
98.829
98.629
98.429
98.229
98.029
97.829
97.629
97.429
97.229
97.029
96.829
96.629
96.429
96.229
96.03
95.83
95.63
95.43
95.23
95.03
94.83
94.63
94.43
94.23
94.03
93.83
93.63
93.431
93.231
93.031
92.831
92.631
92.431
92.231
92.031
91.831
91.631
91.431
91.231
91.031
90.831
90.632
90.432
90.232
90.032
89.832
89.632
89.432
89.255
89.078
88.902
88.725
88.548
88.371
88.194
88.017
87.841
87.664
87.487
87.31
87.133
86.957
86.78
86.603
86.426
86.249
86.072
85.896
85.719
85.542
85.365
85.188
85.012
84.835
84.658
84.481
84.304
84.127
83.951
83.774
83.597
83.42
83.243
83.066
82.89
82.713
82.536
82.359
82.182
82.006
81.829
81.652
81.475
81.298
81.121
80.945
80.768
80.591
80.414
80.237
80.061
79.884
79.707
79.53
79.353
79.176
79
78.823
78.58
78.338
78.095
77.853
77.61
77.368
77.125
76.882
76.64
76.397
76.155
75.912
75.67
75.427
75.185
74.942
74.7
74.457
74.214
73.972
73.729
73.487
73.244
73.002
72.759
72.517
72.274
72.032
71.789
71.546
71.304
71.061
70.819
70.576
70.334
70.091
69.849
69.606
69.364
69.121
68.878
68.636
68.393
68.151
67.908
67.666
67.423
67.181
66.938
66.696
66.453
66.21
65.968
65.725
65.483
65.24
64.998
64.755
64.513
64.27
64.045
63.819
63.594
63.369
63.143
62.918
62.693
62.467
62.242
62.017
61.791
61.566
61.34
61.115
60.89
60.664
60.439
60.214
59.988
59.763
59.538
59.312
59.087
58.862
58.636
58.411
58.185
57.96
57.735
57.509
57.284
57.059
56.833
56.608
56.383
56.157
55.932
55.707
55.481
55.256
55.03
54.805
54.58
54.354
54.129
53.904
53.678
53.453
53.228
53.002
52.777
52.552
52.326
52.101
51.875
51.65
51.425
51.199
50.974
50.749
50.55
50.351
50.153
49.954
49.756
49.557
49.358
49.16
48.961
48.763
48.564
48.365
48.167
47.968
47.77
47.571
47.372
47.174
46.975
46.777
46.578
46.379
46.181
45.982
45.784
45.585
45.386
45.188
44.989
44.791
44.592
44.393
44.195
43.996
43.798
43.599
43.4
43.202
43.003
42.805
42.606
42.407
42.209
42.01
41.812
41.613
41.414
41.216
41.017
40.819
40.62
40.421
40.223
40.024
39.826
39.627
39.428
39.23
39.031
38.833
38.645
38.457
38.269
38.081
37.893
37.705
37.517
37.329
37.141
36.952
36.764
36.576
36.388
36.2
36.012
35.824
35.636
35.448
35.26
35.072
34.884
34.696
34.508
34.32
34.132
33.944
33.756
33.568
33.38
33.192
33.004
32.816
32.628
32.44
32.252
32.064
31.876
31.688
31.5
31.312
31.124
30.936
30.748
30.56
30.372
30.184
29.996
29.808
29.62
29.432
29.244
29.056
28.868
28.68
28.492
28.304
28.116
27.928
27.74
27.552
27.388
27.223
27.059
26.894
26.73
26.565
26.401
26.237
26.072
25.908
25.743
25.579
25.414
25.25
25.085
24.921
24.757
24.592
24.428
24.263
24.099
23.934
23.77
23.606
23.441
23.277
23.112
22.948
22.783
22.619
22.454
22.29
22.126
21.961
21.797
21.632
21.468
21.303
21.139
20.975
20.81
20.646
20.481
20.317
20.152
19.988
19.824
19.659
19.495
19.33
19.166
19.001
18.837
18.672
18.508
18.344
18.179
18.015
17.85
17.686
17.606
17.526
17.446
17.366
17.286
17.206
17.126
17.046
16.965
16.885
16.805
16.725
16.645
16.565
16.485
16.405
16.325
16.245
16.165
16.085
16.005
15.925
15.845
15.765
15.685
15.605
15.525
15.445
15.365
15.285
15.204
15.124
15.044
14.964
14.884
14.804
14.724
14.644
14.564
14.484
14.404
14.324
14.244
14.164
14.084
14.004
13.924
13.844
13.764
13.684
13.604
13.524
13.444
13.363
13.283
13.203
13.123
13.043
12.963
12.883
12.861
12.838
12.815
12.792
12.77
12.747
12.724
12.702
12.679
12.656
12.634
12.611
12.588
12.566
12.543
12.52
12.497
12.475
12.452
12.429
12.407
12.384
12.361
12.339
12.316
12.293
12.271
12.248
12.225
12.202
12.18
12.157
12.134
12.112
12.089
12.066
12.044
12.021
11.998
11.976
11.953
11.93
11.907
11.885
11.862
11.839
11.817
11.794
11.771
11.749
11.726
11.703
11.681
11.658
11.635
11.612
11.59
11.567
11.544
11.522
11.54
11.559
11.578
11.596
11.615
11.634
11.653
11.671
11.69
11.709
11.727
11.746
11.765
11.783
11.802
11.821
11.84
11.858
11.877
11.896
11.914
11.933
11.952
11.97
11.989
12.008
12.027
12.045
12.064
12.083
12.101
12.12
12.139
12.157
12.176
12.195
12.213
12.232
12.251
12.27
12.288
12.307
12.326
12.344
12.363
12.382
12.4
12.419
12.438
12.457
12.475
12.494
12.513
12.531
12.55
12.569
12.587
12.606
12.625
12.643
12.715
12.787
12.859
12.93
13.002
13.074
13.145
13.217
13.289
13.36
13.432
13.504
13.575
13.647
13.719
13.791
13.862
13.934
14.006
14.077
14.149
14.221
14.292
14.364
14.436
14.508
14.579
14.651
14.723
14.794
14.866
14.938
15.009
15.081
15.153
15.224
15.296
15.368
15.44
15.511
15.583
15.655
15.726
15.798
15.87
15.941
16.013
16.085
16.156
16.228
16.3
16.372
16.443
16.515
16.587
16.658
16.73
16.802
16.873
16.945
17.002
17.058
17.115
17.171
17.228
17.285
17.341
17.398
17.454
17.511
17.567
17.624
17.681
17.737
17.794
17.85
17.907
17.963
18.02
18.077
18.133
18.19
18.246
18.303
18.36
18.416
18.473
18.529
18.586
18.642
18.699
18.756
18.812
18.869
18.925
18.982
19.038
19.095
19.152
19.208
19.265
19.321
19.378
19.434
19.491
19.548
19.604
19.661
19.717
19.774
19.831
19.887
19.944
20
20.057
20.113
20.17
20.227
20.283
20.34
20.461
20.582
20.703
20.823
20.944
21.065
21.186
21.307
21.428
21.549
21.67
21.791
21.912
22.033
22.154
22.275
22.396
22.517
22.638
22.759
22.879
23
23.121
23.242
23.363
23.484
23.605
23.726
23.847
23.968
24.089
24.21
24.331
24.452
24.573
24.694
24.815
24.935
25.056
25.177
25.298
25.419
25.54
25.661
25.782
25.903
26.024
26.145
26.266
26.387
26.508
26.629
26.75
26.871
26.991
27.112
27.233
27.354
27.475
27.596
27.762
27.927
28.092
28.258
28.423
28.589
28.754
28.92
29.085
29.25
29.416
29.581
29.747
29.912
30.078
30.243
30.408
30.574
30.739
30.905
31.07
31.236
31.401
31.566
31.732
31.897
32.063
32.228
32.393
32.559
32.724
32.89
33.055
33.221
33.386
33.551
33.717
33.882
34.048
34.213
34.379
34.544
34.709
34.875
35.04
35.206
35.371
35.537
35.702
35.867
36.033
36.198
36.364
36.529
36.694
36.86
37.025
37.191
37.356
37.522
37.604
37.686
37.768
37.85
37.932
38.014
38.097
38.179
38.261
38.343
38.425
38.507
38.589
38.671
38.754
38.836
38.918
39
39.082
39.164
39.246
39.328
39.411
39.493
39.575
39.657
39.739
39.821
39.903
39.986
40.068
40.15
40.232
40.314
40.396
40.478
40.56
40.643
40.725
40.807
40.889
40.971
41.053
41.135
41.218
41.3
41.382
41.464
41.546
41.628
41.71
41.792
41.875
41.957
42.039
42.121
42.203
42.285
42.367
42.45
42.641
42.833
43.024
43.215
43.407
43.598
43.79
43.981
44.173
44.364
44.556
44.747
44.939
45.13
45.322
45.513
45.705
45.896
46.088
46.279
46.471
46.662
46.854
47.045
47.237
47.428
47.62
47.811
48.003
48.194
48.386
48.577
48.769
48.96
49.152
49.343
49.535
49.726
49.918
50.109
50.301
50.492
50.684
50.875
51.067
51.258
51.45
51.641
51.833
52.024
52.215
52.407
52.598
52.79
52.981
53.173
53.364
53.556
53.747
53.939
54.159
54.378
54.598
54.818
55.038
55.258
55.477
55.697
55.917
56.137
56.357
56.576
56.796
57.016
57.236
57.456
57.675
57.895
58.115
58.335
58.555
58.774
58.994
59.214
59.434
59.653
59.873
60.093
60.313
60.533
60.752
60.972
61.192
61.412
61.632
61.851
62.071
62.291
62.511
62.731
62.95
63.17
63.39
63.61
63.83
64.049
64.269
64.489
64.709
64.928
65.148
65.368
65.588
65.808
66.027
66.247
66.467
66.687
66.907
67.126
67.315
67.503
67.691
67.88
68.068
68.256
68.445
68.633
68.821
69.009
69.198
69.386
69.574
69.763
69.951
70.139
70.328
70.516
70.704
70.893
71.081
71.269
71.458
71.646
71.834
72.022
72.211
72.399
72.587
72.776
72.964
73.152
73.341
73.529
73.717
73.906
74.094
74.282
74.47
74.659
74.847
75.035
75.224
75.412
75.6
75.789
75.977
76.165
76.354
76.542
76.73
76.919
77.107
77.295
77.483
77.672
77.86
78.048
78.237
78.425
78.577
78.729
78.881
79.033
79.184
79.336
79.488
79.64
79.792
79.944
80.096
80.248
80.4
80.552
80.703
80.855
81.007
81.159
81.311
81.463
81.615
81.767
81.919
82.071
82.222
82.374
82.526
82.678
82.83
82.982
83.134
83.286
83.438
83.59
83.741
83.893
84.045
84.197
84.349
84.501
84.653
84.805
84.957
85.109
85.26
85.412
85.564
85.716
85.868
86.02
86.172
86.324
86.476
86.627
86.779
86.931
87.083
87.235
87.387
87.539
87.696
87.853
88.01
88.167
88.325
88.482
88.639
88.796
88.953
89.11
89.267
89.425
89.582
89.739
89.896
90.053
90.21
90.367
90.525
90.682
90.839
90.996
91.153
91.31
91.467
91.625
91.782
91.939
92.096
92.253
92.41
92.567
92.725
92.882
93.039
93.196
93.353
93.51
93.667
93.825
93.982
94.139
94.296
94.453
94.61
94.767
94.925
95.082
95.239
95.396
95.553
95.71
95.867
96.025
96.182
96.339
96.496
96.653
96.81
96.967
97.08
97.193
97.306
97.419
97.532
97.645
97.757
97.87
97.983
98.096
98.209
98.322
98.435
98.548
98.66
98.773
98.886
98.999
99.112
99.225
99.338
99.451
99.563
99.676
99.789
99.902
100.01
100.13
100.24
100.35
100.47
100.58
100.69
100.8
100.92
101.03
101.14
101.26
101.37
101.48
101.6
101.71
101.82
101.93
102.05
102.16
102.27
102.39
102.5
102.61
102.72
102.84
102.95
103.06
103.18
103.29
103.4
103.51
103.63
103.74
103.73
103.72
103.71
103.7
103.69
103.68
103.67
103.66
103.65
103.64
103.63
103.62
103.61
103.6
103.59
103.58
103.57
103.56
103.55
103.54
103.53
103.52
103.51
103.5
103.49
103.48
103.47
103.46
103.45
103.44
103.44
103.43
103.42
103.41
103.4
103.39
103.38
103.37
103.36
103.35
103.34
103.33
103.32
103.31
103.3
103.29
103.28
103.27
103.26
103.25
103.24
103.23
103.22
103.21
103.2
103.19
103.18
103.17
103.16
103.15
103.07
102.98
102.9
102.82
102.73
102.65
102.56
102.48
102.4
102.31
102.23
102.14
102.06
101.98
101.89
101.81
101.73
101.64
101.56
101.47
101.39
101.31
101.22
101.14
101.06
100.97
100.89
100.8
100.72
100.64
100.55
100.47
100.39
100.3
100.22
100.13
100.05
99.966
99.883
99.799
99.715
99.631
99.547
99.464
99.38
99.296
99.212
99.129
99.045
98.961
98.877
98.793
98.71
98.626
98.542
98.458
98.375
98.291
98.207
98.123
100.04
101.95
103.86
105.78
107.69
109.6
111.51
113.43
115.34
117.25
119.17
121.08
122.99
124.91
126.82
128.73
130.64
132.56
134.47
136.38
138.3
140.21
142.12
144.04
145.95
147.86
149.78
151.69
153.6
155.51
157.43
159.34
161.25
163.17
165.08
166.99
168.91
170.82
172.73
174.65
176.56
178.47
180.38
182.3
184.21
186.12
188.04
189.95
191.86
193.78
195.69
197.6
199.51
201.43
203.34
205.25
207.17
209.08
210.99
212.91
212.36
211.82
211.28
210.74
210.2
209.66
209.12
208.58
208.04
207.49
206.95
206.41
205.87
205.33
204.79
204.25
203.71
203.17
202.62
202.08
201.54
201
200.46
199.92
199.38
198.84
198.29
197.75
197.21
196.67
196.13
195.59
195.05
194.51
193.97
193.42
192.88
192.34
191.8
191.26
190.72
190.18
189.64
189.09
188.55
188.01
187.47
186.93
186.39
185.85
185.31
184.77
184.22
183.68
183.14
182.6
182.06
181.52
180.98
180.44
179.94
179.44
178.94
178.44
177.95
177.45
176.95
176.45
175.95
175.46
174.96
174.46
173.96
173.46
172.97
172.47
171.97
171.47
170.98
170.48
169.98
169.48
168.98
168.49
167.99
167.49
166.99
166.49
166
165.5
165
164.5
164
163.51
163.01
162.51
162.01
161.51
161.02
160.52
160.02
159.52
159.02
158.53
158.03
157.53
157.03
156.53
156.04
155.54
155.04
154.54
154.04
153.55
153.05
152.55
152.05
151.55
151.06
150.56
151.09
151.62
152.15
152.68
153.21
153.74
154.27
154.81
155.34
155.87
156.4
156.93
157.46
157.99
158.52
159.05
159.58
160.11
160.64
161.18
161.71
162.24
162.77
163.3
163.83
164.36
164.89
165.42
165.95
166.48
167.01
167.54
168.08
168.61
169.14
169.67
170.2
170.73
171.26
171.79
172.32
172.85
173.38
173.91
174.45
174.98
175.51
176.04
176.57
177.1
177.63
178.16
178.69
179.22
179.75
180.28
180.82
181.35
181.88
182.41
181.56
180.72
179.87
179.02
178.18
177.33
176.49
175.64
174.79
173.95
173.1
172.26
171.41
170.57
169.72
168.87
168.03
167.18
166.34
165.49
164.64
163.8
162.95
162.11
161.26
160.41
159.57
158.72
157.88
157.03
156.19
155.34
154.49
153.65
152.8
151.96
151.11
150.26
149.42
148.57
147.73
146.88
146.03
145.19
144.34
143.5
142.65
141.81
140.96
140.11
139.27
138.42
137.58
136.73
135.88
135.04
134.19
133.35
132.5
131.65
131.23
130.81
130.39
129.96
129.54
129.12
128.7
128.27
127.85
127.43
127.01
126.58
126.16
125.74
125.32
124.89
124.47
124.05
123.63
123.2
122.78
122.36
121.94
121.51
121.09
120.67
120.24
119.82
119.4
118.98
118.55
118.13
117.71
117.29
116.86
116.44
116.02
115.6
115.17
114.75
114.33
113.91
113.48
113.06
112.64
112.22
111.79
111.37
110.95
110.53
110.1
109.68
109.26
108.83
108.41
107.99
107.57
107.14
106.72
106.3
105.44
104.58
103.73
102.87
102.01
101.15
100.3
99.437
98.58
97.722
96.864
96.006
95.149
94.291
93.433
92.575
91.718
90.86
90.002
89.145
88.287
87.429
86.571
85.714
84.856
83.998
83.14
82.283
81.425
80.567
79.71
78.852
77.994
77.136
76.279
75.421
74.563
73.705
72.848
71.99
71.132
70.275
69.417
68.559
67.701
66.844
65.986
65.128
64.27
63.413
62.555
61.697
60.84
59.982
59.124
58.266
57.409
56.551
55.693
54.835
54.36
53.885
53.41
52.935
52.46
51.985
51.509
51.034
50.559
50.084
49.609
49.134
48.659
48.184
47.708
47.233
46.758
46.283
45.808
45.333
44.858
44.383
43.907
43.432
42.957
42.482
42.007
41.532
41.057
40.581
40.106
39.631
39.156
38.681
38.206
37.731
37.256
36.78
36.305
35.83
35.355
34.88
34.405
33.93
33.455
32.979
32.504
32.029
31.554
31.079
30.604
30.129
29.653
29.178
28.703
28.228
27.753
27.278
26.803
26.328
26.08
25.833
25.585
25.338
25.091
24.843
24.596
24.349
24.101
23.854
23.606
23.359
23.112
22.864
22.617
22.37
22.122
21.875
21.628
21.38
21.133
20.885
20.638
20.391
20.143
19.896
19.649
19.401
19.154
18.907
18.659
18.412
18.164
17.917
17.67
17.422
17.175
16.928
16.68
16.433
16.185
15.938
15.691
15.443
15.196
14.949
14.701
14.454
14.207
13.959
13.712
13.464
13.217
12.97
12.722
12.475
12.228
11.98
11.733
11.485
11.32
11.155
10.99
10.824
10.659
10.494
10.329
10.163
9.998
9.8328
9.6675
9.5022
9.337
9.1717
9.0064
8.8412
8.6759
8.5106
8.3453
8.1801
8.0148
7.8495
7.6843
7.519
7.3537
7.1885
7.0232
6.8579
6.6927
6.5274
6.3621
6.1968
6.0316
5.8663
5.701
5.5358
5.3705
5.2052
5.04
4.8747
4.7094
4.5442
4.3789
4.2136
4.0483
3.8831
3.7178
3.5525
3.3873
3.222
3.0567
2.8915
2.7262
2.5609
2.3957
2.2304
2.0651
1.8998
1.7346
1.5693
1.5458
1.5223
1.4988
1.4753
1.4518
1.4283
1.4048
1.3813
1.3578
1.3343
1.3108
1.2873
1.2638
1.2403
1.2168
1.1933
1.1698
1.1463
1.1228
1.0993
1.0758
1.0523
1.0288
1.0053
0.98179
0.95829
0.93478
0.91128
0.88778
0.86428
0.84078
0.81728
0.79378
0.77028
0.74678
0.72328
0.69978
0.67628
0.65278
0.62927
0.60577
0.58227
0.55877
0.53527
0.51177
0.48827
0.46477
0.44127
0.41777
0.39427
0.37077
0.34727
0.32376
0.30026
0.27676
0.25326
0.22976
0.20626
0.18276
0.15926
0.21315
0.26705
0.32094
0.37484
0.42873
0.48263
0.53652
0.59042
0.64431
0.69821
0.7521
0.806
0.85989
0.91379
0.96768
1.0216
1.0755
1.1294
1.1833
1.2372
1.2911
1.345
1.3988
1.4527
1.5066
1.5605
1.6144
1.6683
1.7222
1.7761
1.83
1.8839
1.9378
1.9917
2.0456
2.0995
2.1534
2.2073
2.2612
2.3151
2.369
2.4229
2.4767
2.5306
2.5845
2.6384
2.6923
2.7462
2.8001
2.854
2.9079
2.9618
3.0157
3.0696
3.1235
3.1774
3.2313
3.2852
3.3391
3.393
3.5558
3.7187
3.8815
4.0444
4.2073
4.3701
4.533
4.6959
4.8587
5.0216
5.1844
5.3473
5.5102
5.673
5.8359
5.9987
6.1616
6.3245
6.4873
6.6502
6.813
6.9759
7.1388
7.3016
7.4645
7.6274
7.7902
7.9531
8.1159
8.2788
8.4417
8.6045
8.7674
8.9302
9.0931
9.256
9.4188
9.5817
9.7445
9.9074
10.07
10.233
10.396
10.559
10.722
10.885
11.047
11.21
11.373
11.536
11.699
11.862
12.025
12.187
12.35
12.513
12.676
12.839
13.002
13.165
13.611
14.056
14.502
14.948
15.394
15.84
16.286
16.732
17.178
17.623
18.069
18.515
18.961
19.407
19.853
20.299
20.745
21.191
21.636
22.082
22.528
22.974
23.42
23.866
24.312
24.758
25.204
25.649
26.095
26.541
26.987
27.433
27.879
28.325
28.771
29.216
29.662
30.108
30.554
31
31.446
31.892
32.338
32.784
33.229
33.675
34.121
34.567
35.013
35.459
35.905
36.351
36.797
37.242
37.688
38.134
38.58
39.026
39.472
39.918
40.544
41.169
41.795
42.421
43.047
43.672
44.298
44.924
45.55
46.176
46.801
47.427
48.053
48.679
49.304
49.93
50.556
51.182
51.808
52.433
53.059
53.685
54.311
54.937
55.562
56.188
56.814
57.44
58.065
58.691
59.317
59.943
60.569
61.194
61.82
62.446
63.072
63.697
64.323
64.949
65.575
66.201
66.826
67.452
68.078
68.704
69.33
69.955
70.581
71.207
71.833
72.458
73.084
73.71
74.336
74.962
75.587
76.213
76.839
77.465
77.448
77.431
77.414
77.397
77.38
77.363
77.345
77.328
77.311
77.294
77.277
77.26
77.243
77.226
77.209
77.192
77.175
77.158
77.141
77.124
77.107
77.09
77.073
77.056
77.039
77.022
77.005
76.988
76.971
76.954
76.937
76.92
76.903
76.886
76.869
76.852
76.834
76.817
76.8
76.783
76.766
76.749
76.732
76.715
76.698
76.681
76.664
76.647
76.63
76.613
76.596
76.579
76.562
76.545
76.528
76.511
76.494
76.477
76.46
76.443
76.975
77.508
78.041
78.573
79.106
79.639
80.171
80.704
81.237
81.769
82.302
82.835
83.367
83.9
84.433
84.965
85.498
86.031
86.563
87.096
87.629
88.161
88.694
89.227
89.759
90.292
90.825
91.357
91.89
92.423
92.955
93.488
94.021
94.553
95.086
95.619
96.151
96.684
97.217
97.749
98.282
98.815
99.347
99.88
100.41
100.95
101.48
102.01
102.54
103.08
103.61
104.14
104.67
105.21
105.74
106.27
106.8
107.34
107.87
108.4
109.56
110.71
111.87
113.03
114.18
115.34
116.49
117.65
118.81
119.96
121.12
122.27
123.43
124.58
125.74
126.9
128.05
129.21
130.36
131.52
132.68
133.83
134.99
136.14
137.3
138.46
139.61
140.77
141.92
143.08
144.24
145.39
146.55
147.7
148.86
150.01
151.17
152.33
153.48
154.64
155.79
156.95
158.11
159.26
160.42
161.57
162.73
163.89
165.04
166.2
167.35
168.51
169.66
170.82
171.98
173.13
174.29
175.44
176.6
177.76
179.31
180.86
182.41
183.96
185.51
187.06
188.61
190.16
191.71
193.26
194.81
196.36
197.91
199.46
201.01
202.56
204.11
205.67
207.22
208.77
210.32
211.87
213.42
214.97
216.52
218.07
219.62
221.17
222.72
224.27
225.82
227.37
228.92
230.47
232.02
233.58
235.13
236.68
238.23
239.78
241.33
242.88
244.43
245.98
247.53
249.08
250.63
252.18
253.73
255.28
256.83
258.38
259.93
261.48
263.04
264.59
266.14
267.69
269.24
270.79
271.92
273.05
274.19
275.32
276.45
277.59
278.72
279.85
280.99
282.12
283.25
284.39
285.52
286.65
287.79
288.92
290.05
291.19
292.32
293.45
294.59
295.72
296.85
297.99
299.12
300.25
301.39
302.52
303.65
304.79
305.92
307.05
308.19
309.32
310.45
311.59
312.72
313.85
314.99
316.12
317.25
318.39
319.52
320.66
321.79
322.92
324.06
325.19
326.32
327.46
328.59
329.72
330.86
331.99
333.12
334.26
335.39
336.52
337.66
338.79
339.15
339.51
339.87
340.22
340.58
340.94
341.3
341.66
342.02
342.38
342.74
343.09
343.45
343.81
344.17
344.53
344.89
345.25
345.61
345.97
346.32
346.68
347.04
347.4
347.76
348.12
348.48
348.84
349.2
349.55
349.91
350.27
350.63
350.99
351.35
351.71
352.07
352.43
352.78
353.14
353.5
353.86
354.22
354.58
354.94
355.3
355.66
356.01
356.37
356.73
357.09
357.45
357.81
358.17
358.53
358.89
359.24
359.6
359.96
360.32
362.29
364.25
366.22
368.19
370.15
372.12
374.09
376.05
378.02
379.99
381.95
383.92
385.89
387.85
389.82
391.79
393.75
395.72
397.69
399.65
401.62
403.59
405.55
407.52
409.49
411.45
413.42
415.39
417.35
419.32
421.29
423.25
425.22
427.19
429.15
431.12
433.09
435.05
437.02
438.99
440.95
442.92
444.89
446.85
448.82
450.79
452.75
454.72
456.69
458.65
460.62
462.59
464.55
466.52
468.49
470.45
472.42
474.39
476.35
478.32
477.68
477.04
476.41
475.77
475.13
474.49
473.86
473.22
472.58
471.94
471.31
470.67
470.03
469.39
468.76
468.12
467.48
466.84
466.21
465.57
464.93
464.29
463.66
463.02
462.38
461.74
461.1
460.47
459.83
459.19
458.55
457.92
457.28
456.64
456
455.37
454.73
454.09
453.45
452.82
452.18
451.54
450.9
450.27
449.63
448.99
448.35
447.72
447.08
446.44
445.8
445.17
444.53
443.89
443.25
442.62
441.98
441.34
440.7
440.07
440.16
440.25
440.34
440.43
440.52
440.61
440.7
440.8
440.89
440.98
441.07
441.16
441.25
441.34
441.44
441.53
441.62
441.71
441.8
441.89
441.98
442.07
442.17
442.26
442.35
442.44
442.53
442.62
442.71
442.81
442.9
442.99
443.08
443.17
443.26
443.35
443.44
443.54
443.63
443.72
443.81
443.9
443.99
444.08
444.18
444.27
444.36
444.45
444.54
444.63
444.72
444.81
444.91
445
445.09
445.18
445.27
445.36
445.45
445.55
445.37
445.2
445.03
444.85
444.68
444.51
444.34
444.16
443.99
443.82
443.65
443.47
443.3
443.13
442.95
442.78
442.61
442.44
442.26
442.09
441.92
441.75
441.57
441.4
441.23
441.06
440.88
440.71
440.54
440.36
440.19
440.02
439.85
439.67
439.5
439.33
439.16
438.98
438.81
438.64
438.46
438.29
438.12
437.95
437.77
437.6
437.43
437.26
437.08
436.91
436.74
436.56
436.39
436.22
436.05
435.87
435.7
435.53
435.36
435.18
433.79
432.39
430.99
429.59
428.19
426.8
425.4
424
422.6
421.21
419.81
418.41
417.01
415.61
414.22
412.82
411.42
410.02
408.63
407.23
405.83
404.43
403.03
401.64
400.24
398.84
397.44
396.05
394.65
393.25
391.85
390.45
389.06
387.66
386.26
384.86
383.47
382.07
380.67
379.27
377.87
376.48
375.08
373.68
372.28
370.89
369.49
368.09
366.69
365.29
363.9
362.5
361.1
359.7
358.31
356.91
355.51
354.11
352.71
351.32
350.51
349.7
348.89
348.09
347.28
346.47
345.67
344.86
344.05
343.25
342.44
341.63
340.82
340.02
339.21
338.4
337.6
336.79
335.98
335.17
334.37
333.56
332.75
331.95
331.14
330.33
329.52
328.72
327.91
327.1
326.3
325.49
324.68
323.87
323.07
322.26
321.45
320.65
319.84
319.03
318.23
317.42
316.61
315.8
315
314.19
313.38
312.58
311.77
310.96
310.15
309.35
308.54
307.73
306.93
306.12
305.31
304.5
303.7
302.89
301.98
301.06
300.15
299.24
298.33
297.41
296.5
295.59
294.67
293.76
292.85
291.94
291.02
290.11
289.2
288.29
287.37
286.46
285.55
284.63
283.72
282.81
281.9
280.98
280.07
279.16
278.24
277.33
276.42
275.51
274.59
273.68
272.77
271.85
270.94
270.03
269.12
268.2
267.29
266.38
265.46
264.55
263.64
262.73
261.81
260.9
259.99
259.07
258.16
257.25
256.34
255.42
254.51
253.6
252.68
251.77
250.86
249.95
249.03
248.12
246.3
244.47
242.64
240.82
238.99
237.17
235.34
233.52
231.69
229.87
228.04
226.21
224.39
222.56
220.74
218.91
217.09
215.26
213.44
211.61
209.78
207.96
206.13
204.31
202.48
200.66
198.83
197.01
195.18
193.35
191.53
189.7
187.88
186.05
184.23
182.4
180.57
178.75
176.92
175.1
173.27
171.45
169.62
167.8
165.97
164.14
162.32
160.49
158.67
156.84
155.02
153.19
151.37
149.54
147.71
145.89
144.06
142.24
140.41
138.59
137.39
136.2
135.01
133.81
132.62
131.43
130.23
129.04
127.85
126.65
125.46
124.27
123.07
121.88
120.69
119.49
118.3
117.11
115.91
114.72
113.53
112.33
111.14
109.95
108.75
107.56
106.37
105.17
103.98
102.79
101.59
100.4
99.206
98.012
96.819
95.626
94.432
93.239
92.046
90.852
89.659
88.465
87.272
86.079
84.885
83.692
82.499
81.305
80.112
78.918
77.725
76.532
75.338
74.145
72.952
71.758
70.565
69.371
68.178
66.985
66.139
65.293
64.448
63.602
62.757
61.911
61.065
60.22
59.374
58.529
57.683
56.837
55.992
55.146
54.3
53.455
52.609
51.764
50.918
50.072
49.227
48.381
47.535
46.69
45.844
44.999
44.153
43.307
42.462
41.616
40.771
39.925
39.079
38.234
37.388
36.542
35.697
34.851
34.006
33.16
32.314
31.469
30.623
29.777
28.932
28.086
27.241
26.395
25.549
24.704
23.858
23.013
22.167
21.321
20.476
19.63
18.784
17.939
17.093
16.248
15.964
15.681
15.397
15.114
14.831
14.547
14.264
13.98
13.697
13.414
13.13
12.847
12.563
12.28
11.997
11.713
11.43
11.147
10.863
10.58
10.296
10.013
9.7296
9.4462
9.1628
8.8794
8.596
8.3126
8.0292
7.7458
7.4624
7.179
6.8956
6.6122
6.3288
6.0455
5.7621
5.4787
5.1953
4.9119
4.6285
4.3451
4.0617
3.7783
3.4949
3.2115
2.9281
2.6447
2.3613
2.078
1.7946
1.5112
1.2278
0.94438
0.66099
0.3776
0.094205
0
0
0
0
0
0
0
0
0
0
0
0
0
0
0
0
0
0
0
0
0
0
0
0
0
0
0
0
0
0
0
0
0
0
0
0
0
0
0
0
0
0
0
0
0
0
0
0
0
0
0
0
0
0
0
0
0
0
0
0
0
0
0
0
0
0
0
0
0
0
0
0
0
0
0
0
0
0
0
0
0
0
0
0
0
0
0
0
0
0
0
0
0
0
0
0
0
0
0
0
0
0
0
0
0
0
0
0
0
0
0
0
0
0
0
0
0
0
0
0
0
0
0
0
0
0
0
0
0
0
0
0
0
0
0
0
0
0
0
0
0
0
0
0
0
0
0
0
0
0
0
0
0
0
0
0
0
0
0
0
0
0
0
0
0
0
0
0
0
0
0
0
0
0
0
0
0
0
0
0
0
0
0
0
0
0
0
0
0
0
0
0
0
0
0
0
0
0
0
0
0
0
0
0
0
0
0
0
0
0
0
0
0
0
0
0
0
0
0
0
0
0
0
0
0
0
0
0
0
0
0
0
0
0
0
0
0
0
0.00014191
0.0053726
0.010603
0.015834
0.021065
0.37112
0.72118
1.0712
1.4213
1.7714
2.1214
2.4715
2.8215
3.1716
3.5217
3.8717
4.2218
4.5718
4.9219
5.2719
5.622
5.9721
6.3221
6.6722
7.0222
7.3723
7.7224
8.0724
8.4225
8.7725
9.1226
9.4726
9.8227
10.173
10.523
10.873
11.223
11.573
11.923
12.273
12.623
12.973
13.323
13.673
14.023
14.373
14.724
15.074
15.424
15.774
16.124
16.474
16.824
17.174
17.524
17.874
18.224
18.574
18.924
19.274
19.624
19.974
20.324
20.675
21.025
22.061
23.098
24.135
25.172
26.209
27.245
28.282
29.319
30.356
31.393
32.429
33.466
34.503
35.54
36.577
37.614
38.65
39.687
40.724
41.761
42.798
43.834
44.871
45.908
46.945
47.982
49.018
50.055
51.092
52.129
53.166
54.202
55.239
56.276
57.313
58.35
59.386
60.423
61.46
62.497
63.534
64.571
65.607
66.644
67.681
68.718
69.755
70.791
71.828
72.865
73.902
74.939
75.975
77.012
78.049
79.086
80.123
81.159
82.196
83.233
84.683
86.133
87.583
89.032
90.482
91.932
93.382
94.832
96.282
97.731
99.181
100.63
102.08
103.53
104.98
106.43
107.88
109.33
110.78
112.23
113.68
115.13
116.58
118.03
119.48
120.93
122.38
123.83
125.28
126.73
128.18
129.63
131.08
132.53
133.98
135.43
136.88
138.33
139.78
141.23
142.68
144.13
145.58
147.03
148.48
149.93
151.38
152.83
154.28
155.73
157.17
158.62
160.07
161.52
162.97
164.42
165.87
167.32
168.77
170.22
172.14
174.06
175.97
177.89
179.8
181.72
183.64
185.55
187.47
189.39
191.3
193.22
195.14
197.05
198.97
200.88
202.8
204.72
206.63
208.55
210.47
212.38
214.3
216.21
218.13
220.05
221.96
223.88
225.8
227.71
229.63
231.54
233.46
235.38
237.29
239.21
241.13
243.04
244.96
246.87
248.79
250.71
252.62
254.54
256.46
258.37
260.29
262.2
264.12
266.04
267.95
269.87
271.79
273.7
275.62
277.54
279.45
281.37
283.28
285.2
287.1
289
290.89
292.79
294.69
296.59
298.49
300.38
302.28
304.18
306.08
307.98
309.87
311.77
313.67
315.57
317.47
319.36
321.26
323.16
325.06
326.96
328.85
330.75
332.65
334.55
336.45
338.34
340.24
342.14
344.04
345.94
347.83
349.73
351.63
353.53
355.43
357.32
359.22
361.12
363.02
364.92
366.81
368.71
370.61
372.51
374.41
376.3
378.2
380.1
382
383.9
385.79
387.69
389.59
391.49
393.39
395.28
397.18
399.08
400.86
402.64
404.43
406.21
407.99
409.77
411.55
413.34
415.12
416.9
418.68
420.46
422.24
424.03
425.81
427.59
429.37
431.15
432.94
434.72
436.5
438.28
440.06
441.85
443.63
445.41
447.19
448.97
450.76
452.54
454.32
456.1
457.88
459.66
461.45
463.23
465.01
466.79
468.57
470.36
472.14
473.92
475.7
477.48
479.27
481.05
482.83
484.61
486.39
488.17
489.96
491.74
493.52
495.3
497.08
498.87
500.65
502.43
504.21
505.99
507.72
509.45
511.18
512.91
514.64
516.37
518.09
519.82
521.55
523.28
525.01
526.74
528.47
530.19
531.92
533.65
535.38
537.11
538.84
540.57
542.29
544.02
545.75
547.48
549.21
550.94
552.67
554.39
556.12
557.85
559.58
561.31
563.04
564.77
566.5
568.22
569.95
571.68
573.41
575.14
576.87
578.6
580.32
582.05
583.78
585.51
587.24
588.97
590.7
592.42
594.15
595.88
597.61
599.34
601.07
602.8
604.52
606.25
607.98
609.71
610.21
610.71
611.21
611.71
612.21
612.71
613.21
613.71
614.21
614.71
615.21
615.71
616.2
616.7
617.2
617.7
618.2
618.7
619.2
619.7
620.2
620.7
621.2
621.7
622.2
622.7
623.2
623.7
624.2
624.7
625.2
625.7
626.2
626.7
627.2
627.7
628.2
628.69
629.19
629.69
630.19
630.69
631.19
631.69
632.19
632.69
633.19
633.69
634.19
634.69
635.19
635.69
636.19
636.69
637.19
637.69
638.19
638.69
639.19
639.69
639.54
639.4
639.26
639.12
638.98
638.84
638.69
638.55
638.41
638.27
638.13
637.99
637.84
637.7
637.56
637.42
637.28
637.14
636.99
636.85
636.71
636.57
636.43
636.29
636.14
636
635.86
635.72
635.58
635.44
635.29
635.15
635.01
634.87
634.73
634.59
634.44
634.3
634.16
634.02
633.88
633.74
633.59
633.45
633.31
633.17
633.03
632.89
632.74
632.6
632.46
632.32
632.18
632.04
631.89
631.75
631.61
631.47
631.33
631.19
630.29
629.4
628.5
627.6
626.71
625.81
624.92
624.02
623.13
622.23
621.34
620.44
619.55
618.65
617.76
616.86
615.97
615.07
614.18
613.28
612.38
611.49
610.59
609.7
608.8
607.91
607.01
606.12
605.22
604.33
603.43
602.54
601.64
600.75
599.85
598.96
598.06
597.16
596.27
595.37
594.48
593.58
592.69
591.79
590.9
590
589.11
588.21
587.32
586.42
585.53
584.63
583.74
582.84
581.94
581.05
580.15
579.26
578.36
577.47
577.7
577.94
578.18
578.41
578.65
578.89
579.12
579.36
579.6
579.83
580.07
580.3
580.54
580.78
581.01
581.25
581.49
581.72
581.96
582.2
582.43
582.67
582.91
583.14
583.38
583.61
583.85
584.09
584.32
584.56
584.8
585.03
585.27
585.51
585.74
585.98
586.21
586.45
586.69
586.92
587.16
587.4
587.63
587.87
588.11
588.34
588.58
588.82
589.05
589.29
589.52
589.76
590
590.23
590.47
590.71
590.94
591.18
591.42
591.65
589.83
588.01
586.18
584.36
582.54
580.72
578.89
577.07
575.25
573.43
571.61
569.78
567.96
566.14
564.32
562.49
560.67
558.85
557.03
555.2
553.38
551.56
549.74
547.91
546.09
544.27
542.45
540.62
538.8
536.98
535.16
533.33
531.51
529.69
527.87
526.04
524.22
522.4
520.58
518.75
516.93
515.11
513.29
511.46
509.64
507.82
506
504.17
502.35
500.53
498.71
496.89
495.06
493.24
491.42
489.6
487.77
485.95
484.13
482.31
480.78
479.25
477.72
476.19
474.66
473.14
471.61
470.08
468.55
467.02
465.49
463.97
462.44
460.91
459.38
457.85
456.32
454.79
453.27
451.74
450.21
448.68
447.15
445.62
444.1
442.57
441.04
439.51
437.98
436.45
434.93
433.4
431.87
430.34
428.81
427.28
425.76
424.23
422.7
421.17
419.64
418.11
416.59
415.06
413.53
412
410.47
408.94
407.42
405.89
404.36
402.83
401.3
399.77
398.24
396.72
395.19
393.66
392.13
390.6
388.67
386.73
384.8
382.86
380.93
378.99
377.06
375.12
373.19
371.25
369.32
367.38
365.45
363.51
361.58
359.64
357.71
355.77
353.84
351.9
349.97
348.03
346.09
344.16
342.22
340.29
338.35
336.42
334.48
332.55
330.61
328.68
326.74
324.81
322.87
320.94
319
317.07
315.13
313.2
311.26
309.33
307.39
305.46
303.52
301.59
299.65
297.72
295.78
293.85
291.91
289.98
288.04
286.11
284.17
282.24
280.3
278.37
276.43
274.49
273.37
272.24
271.11
269.98
268.86
267.73
266.6
265.47
264.34
263.22
262.09
260.96
259.83
258.7
257.58
256.45
255.32
254.19
253.06
251.94
250.81
249.68
248.55
247.42
246.3
245.17
244.04
242.91
241.79
240.66
239.53
238.4
237.27
236.15
235.02
233.89
232.76
231.63
230.51
229.38
228.25
227.12
225.99
224.87
223.74
222.61
221.48
220.35
219.23
218.1
216.97
215.84
214.72
213.59
212.46
211.33
210.2
209.08
207.95
206.82
205.9
204.98
204.07
203.15
202.23
201.31
200.4
199.48
198.56
197.64
196.73
195.81
194.89
193.97
193.06
192.14
191.22
190.3
189.39
188.47
187.55
186.63
185.72
184.8
183.88
182.96
182.04
181.13
180.21
179.29
178.37
177.46
176.54
175.62
174.7
173.79
172.87
171.95
171.03
170.12
169.2
168.28
167.36
166.45
165.53
164.61
163.69
162.78
161.86
160.94
160.02
159.1
158.19
157.27
156.35
155.43
154.52
153.6
152.68
151.76
150.59
149.41
148.23
147.05
145.87
144.7
143.52
142.34
141.16
139.98
138.8
137.63
136.45
135.27
134.09
132.91
131.74
130.56
129.38
128.2
127.02
125.85
124.67
123.49
122.31
121.13
119.96
118.78
117.6
116.42
115.24
114.06
112.89
111.71
110.53
109.35
108.17
107
105.82
104.64
103.46
102.28
101.11
99.927
98.749
97.571
96.393
95.215
94.037
92.859
91.681
90.502
89.324
88.146
86.968
85.79
84.612
83.434
82.256
81.078
80.459
79.841
79.223
78.605
77.987
77.368
76.75
76.132
75.514
74.896
74.277
73.659
73.041
72.423
71.805
71.186
70.568
69.95
69.332
68.714
68.095
67.477
66.859
66.241
65.623
65.004
64.386
63.768
63.15
62.532
61.913
61.295
60.677
60.059
59.441
58.822
58.204
57.586
56.968
56.35
55.731
55.113
54.495
53.877
53.258
52.64
52.022
51.404
50.786
50.167
49.549
48.931
48.313
47.695
47.076
46.458
45.84
45.222
44.604
43.985
43.607
43.228
42.849
42.47
42.092
41.713
41.334
40.955
40.576
40.198
39.819
39.44
39.061
38.682
38.304
37.925
37.546
37.167
36.788
36.41
36.031
35.652
35.273
34.895
34.516
34.137
33.758
33.379
33.001
32.622
32.243
31.864
31.485
31.107
30.728
30.349
29.97
29.591
29.213
28.834
28.455
28.076
27.698
27.319
26.94
26.561
26.182
25.804
25.425
25.046
24.667
24.288
23.91
23.531
23.152
22.773
22.394
22.016
21.637
21.258
20.968
20.677
20.387
20.097
19.806
19.516
19.226
18.935
18.645
18.354
18.064
17.774
17.483
17.193
16.903
16.612
16.322
16.032
15.741
15.451
15.161
14.87
14.58
14.289
13.999
13.709
13.418
13.128
12.838
12.547
12.257
11.967
11.676
11.386
11.095
10.805
10.515
10.224
9.934
9.6437
9.3533
9.063
8.7726
8.4822
8.1919
7.9015
7.6112
7.3208
7.0304
6.7401
6.4497
6.1594
5.869
5.5786
5.2883
4.9979
4.7076
4.4172
4.1268
3.8365
3.762
3.6876
3.6131
3.5387
3.4642
3.3898
3.3153
3.2409
3.1665
3.092
3.0176
2.9431
2.8687
2.7942
2.7198
2.6453
2.5709
2.4964
2.422
2.3475
2.2731
2.1986
2.1242
2.0497
1.9753
1.9008
1.8264
1.752
1.6775
1.6031
1.5286
1.4542
1.3797
1.3053
1.2308
1.1564
1.0819
1.0075
0.93303
0.85858
0.78413
0.70968
0.63524
0.56079
0.48634
0.41189
0.33745
0.263
0.18855
0.1141
0.039657
0
0
0
0
0
0
0
0
0
0
0
0
0
0
0
0
0
0
0
0
0
0
0
0
0
0
0
0
0
0
0
0
0
0
0
0
0
0
0
0
0
0
0
0
0
0
0
0
0
0
0
0
0
0
0
0
0
0
0
0
0
0
0
0
0
0
0
0
0
0
0
0
0
0
0
0
0
0
0
0
0
0
0
0
0
0
0
0
0.022237
0.053724
0.085211
0.1167
0.14818
0.17967
0.21116
0.24265
0.27413
0.30562
0.33711
0.36859
0.40008
0.43157
0.46305
0.49454
0.52603
0.55751
0.589
0.62049
0.65197
0.68346
0.71495
0.74644
0.77792
0.80941
0.8409
0.87238
0.90387
0.93536
0.96684
0.99833
1.0298
1.0613
1.0928
1.1243
1.1558
1.1873
1.2187
1.2502
1.2817
1.5212
1.7607
2.0003
2.2398
2.4793
2.7188
2.9583
3.1978
3.4373
3.6769
3.9164
4.1559
4.3954
4.6349
4.8744
5.1139
5.3534
5.593
5.8325
6.072
6.3115
6.551
6.7905
7.03
7.2696
7.5091
7.7486
7.9881
8.2276
8.4671
8.7066
8.9462
9.1857
9.4252
9.6647
9.9042
10.144
10.383
10.623
10.862
11.102
11.341
11.581
11.82
12.06
12.299
12.539
12.778
13.018
13.257
13.497
13.736
13.976
14.215
14.455
14.694
14.934
15.174
15.413
15.653
16.17
16.687
17.205
17.722
18.24
18.757
19.274
19.792
20.309
20.827
21.344
21.861
22.379
22.896
23.414
23.931
24.449
24.966
25.483
26.001
26.518
27.036
27.553
28.07
28.588
29.105
29.623
30.14
30.657
31.175
31.692
32.21
32.727
33.244
33.762
34.279
34.797
35.314
35.832
36.349
36.866
37.384
37.901
38.419
38.936
39.453
39.971
40.488
41.006
41.523
42.04
42.558
43.075
43.593
44.11
44.627
45.145
45.662
46.18
46.697
47.713
48.728
49.744
50.759
51.775
52.79
53.806
54.821
55.837
56.852
57.868
58.883
59.899
60.914
61.93
62.945
63.96
64.976
65.991
67.007
68.022
69.038
70.053
71.069
72.084
73.1
74.115
75.131
76.146
77.162
78.177
79.193
80.208
81.224
82.239
83.255
84.27
85.286
86.301
87.317
88.332
89.348
90.363
91.379
92.394
93.41
94.425
95.441
96.456
97.472
98.487
99.503
100.52
101.53
102.55
103.56
104.58
105.6
106.61
107.63
108.97
110.31
111.65
112.99
114.33
115.67
117.01
118.35
119.69
121.03
122.37
123.71
125.05
126.39
127.73
129.07
130.41
131.75
133.09
134.43
135.76
137.1
138.44
139.78
141.12
142.46
143.8
145.14
146.48
147.82
149.16
150.5
151.84
153.18
154.52
155.86
157.2
158.54
159.88
161.22
162.56
163.9
165.24
166.58
167.92
169.26
170.6
171.94
173.28
174.62
175.96
177.3
178.64
179.98
181.32
182.66
184
185.34
186.68
188.02
190
191.98
193.96
195.94
197.92
199.91
201.89
203.87
205.85
207.83
209.81
211.79
213.77
215.75
217.73
219.71
221.69
223.67
225.65
227.63
229.61
231.59
233.57
235.56
237.54
239.52
241.5
243.48
245.46
247.44
249.42
251.4
253.38
255.36
257.34
259.32
261.3
263.28
265.26
267.24
269.22
271.21
273.19
275.17
277.15
279.13
281.11
283.09
285.07
287.05
289.03
291.01
292.99
294.97
296.95
298.93
300.91
302.89
304.87
306.86
308.48
310.1
311.72
313.35
314.97
316.59
318.21
319.84
321.46
323.08
324.71
326.33
327.95
329.57
331.2
332.82
334.44
336.06
337.69
339.31
340.93
342.56
344.18
345.8
347.42
349.05
350.67
352.29
353.92
355.54
357.16
358.78
360.41
362.03
363.65
365.27
366.9
368.52
370.14
371.77
373.39
375.01
376.63
378.26
379.88
381.5
383.13
384.75
386.37
387.99
389.62
391.24
392.86
394.48
396.11
397.73
399.35
400.98
402.6
404.22
405.81
407.39
408.98
410.57
412.16
413.74
415.33
416.92
418.5
420.09
421.68
423.26
424.85
426.44
428.02
429.61
431.2
432.78
434.37
435.96
437.54
439.13
440.72
442.3
443.89
445.48
447.06
448.65
450.24
451.83
453.41
455
456.59
458.17
459.76
461.35
462.93
464.52
466.11
467.69
469.28
470.87
472.45
474.04
475.63
477.21
478.8
480.39
481.97
483.56
485.15
486.73
488.32
489.91
491.5
493.08
494.67
496.26
497.84
499.43
500.67
501.92
503.16
504.4
505.64
506.89
508.13
509.37
510.62
511.86
513.1
514.35
515.59
516.83
518.07
519.32
520.56
521.8
523.05
524.29
525.53
526.78
528.02
529.26
530.5
531.75
532.99
534.23
535.48
536.72
537.96
539.21
540.45
541.69
542.94
544.18
545.42
546.66
547.91
549.15
550.39
551.64
552.88
554.12
555.37
556.61
557.85
559.09
560.34
561.58
562.82
564.07
565.31
566.55
567.8
569.04
570.28
571.53
572.77
574.01
574.23
574.45
574.68
574.9
575.12
575.34
575.56
575.78
576.01
576.23
576.45
576.67
576.89
577.11
577.33
577.56
577.78
578
578.22
578.44
578.66
578.89
579.11
579.33
579.55
579.77
579.99
580.21
580.44
580.66
580.88
581.1
581.32
581.54
581.77
581.99
582.21
582.43
582.65
582.87
583.1
583.32
583.54
583.76
583.98
584.2
584.42
584.65
584.87
585.09
585.31
585.53
585.75
585.98
586.2
586.42
586.64
586.86
587.08
587.3
588.73
590.16
591.58
593.01
594.43
595.86
597.28
598.71
600.14
601.56
602.99
604.41
605.84
607.26
608.69
610.12
611.54
612.97
614.39
615.82
617.24
618.67
620.1
621.52
622.95
624.37
625.8
627.22
628.65
630.08
631.5
632.93
634.35
635.78
637.2
638.63
640.06
641.48
642.91
644.33
645.76
647.18
648.61
650.04
651.46
652.89
654.31
655.74
657.16
658.59
660.02
661.44
662.87
664.29
665.72
667.15
668.57
670
671.42
672.85
672.81
672.77
672.73
672.68
672.64
672.6
672.56
672.52
672.48
672.44
672.4
672.36
672.32
672.27
672.23
672.19
672.15
672.11
672.07
672.03
671.99
671.95
671.91
671.87
671.82
671.78
671.74
671.7
671.66
671.62
671.58
671.54
671.5
671.46
671.41
671.37
671.33
671.29
671.25
671.21
671.17
671.13
671.09
671.05
671.01
670.96
670.92
670.88
670.84
670.8
670.76
670.72
670.68
670.64
670.6
670.55
670.51
670.47
670.43
670.39
669.87
669.34
668.82
668.29
667.77
667.25
666.72
666.2
665.67
665.15
664.63
664.1
663.58
663.05
662.53
662.01
661.48
660.96
660.43
659.91
659.39
658.86
658.34
657.81
657.29
656.77
656.24
655.72
655.19
654.67
654.15
653.62
653.1
652.57
652.05
651.53
651
650.48
649.95
649.43
648.91
648.38
647.86
647.33
646.81
646.28
645.76
645.24
644.71
644.19
643.66
643.14
642.62
642.09
641.57
641.04
640.52
640
639.47
638.95
637.92
636.89
635.86
634.83
633.8
632.77
631.74
630.71
629.68
628.65
627.62
626.58
625.55
624.52
623.49
622.46
621.43
620.4
619.37
618.34
617.31
616.28
615.25
614.22
613.19
612.16
611.13
610.1
609.07
608.04
607.01
605.98
604.95
603.92
602.89
601.86
600.83
599.8
598.77
597.74
596.71
595.68
594.65
593.62
592.59
591.56
590.53
589.49
588.46
587.43
586.4
585.37
584.34
583.31
582.28
581.25
580.22
579.19
578.16
577.13
575.96
574.78
573.6
572.43
571.25
570.07
568.9
567.72
566.54
565.37
564.19
563.02
561.84
560.66
559.49
558.31
557.13
555.96
554.78
553.61
552.43
551.25
550.08
548.9
547.72
546.55
545.37
544.19
543.02
541.84
540.67
539.49
538.31
537.14
535.96
534.78
533.61
532.43
531.26
530.08
528.9
527.73
526.55
525.37
524.2
523.02
521.84
520.67
519.49
518.32
517.14
515.96
514.79
513.61
512.43
511.26
510.08
508.91
507.73
506.55
504.98
503.41
501.83
500.26
498.68
497.11
495.54
493.96
492.39
490.82
489.24
487.67
486.1
484.52
482.95
481.38
479.8
478.23
476.66
475.08
473.51
471.94
470.36
468.79
467.21
465.64
464.07
462.49
460.92
459.35
457.77
456.2
454.63
453.05
451.48
449.91
448.33
446.76
445.19
443.61
442.04
440.46
438.89
437.32
435.74
434.17
432.6
431.02
429.45
427.88
426.3
424.73
423.16
421.58
420.01
418.44
416.86
415.29
413.71
412.14
410.21
408.27
406.33
404.4
402.46
400.53
398.59
396.65
394.72
392.78
390.85
388.91
386.97
385.04
383.1
381.17
379.23
377.3
375.36
373.42
371.49
369.55
367.62
365.68
363.74
361.81
359.87
357.94
356
354.06
352.13
350.19
348.26
346.32
344.38
342.45
340.51
338.58
336.64
334.7
332.77
330.83
328.9
326.96
325.03
323.09
321.15
319.22
317.28
315.35
313.41
311.47
309.54
307.6
305.67
303.73
301.79
299.86
297.92
295.99
294.32
292.66
291
289.33
287.67
286.01
284.34
282.68
281.02
279.35
277.69
276.03
274.36
272.7
271.04
269.37
267.71
266.05
264.39
262.72
261.06
259.4
257.73
256.07
254.41
252.74
251.08
249.42
247.75
246.09
244.43
242.76
241.1
239.44
237.77
236.11
234.45
232.78
231.12
229.46
227.79
226.13
224.47
222.8
221.14
219.48
217.81
216.15
214.49
212.82
211.16
209.5
207.84
206.17
204.51
202.85
201.18
199.52
197.86
196.19
194.68
193.17
191.66
190.15
188.64
187.13
185.61
184.1
182.59
181.08
179.57
178.06
176.55
175.04
173.53
172.01
170.5
168.99
167.48
165.97
164.46
162.95
161.44
159.93
158.41
156.9
155.39
153.88
152.37
150.86
149.35
147.84
146.33
144.81
143.3
141.79
140.28
138.77
137.26
135.75
134.24
132.73
131.21
129.7
128.19
126.68
125.17
123.66
122.15
120.64
119.13
117.61
116.1
114.59
113.08
111.57
110.06
108.55
107.04
105.53
104.65
103.78
102.91
102.04
101.16
100.29
99.418
98.545
97.673
96.8
95.928
95.055
94.183
93.31
92.438
91.565
90.692
89.82
88.947
88.075
87.202
86.33
85.457
84.585
83.712
82.84
81.967
81.094
80.222
79.349
78.477
77.604
76.732
75.859
74.987
74.114
73.242
72.369
71.496
70.624
69.751
68.879
68.006
67.134
66.261
65.389
64.516
63.644
62.771
61.898
61.026
60.153
59.281
58.408
57.536
56.663
55.791
54.918
54.046
53.173
52.643
52.113
51.583
51.053
50.523
49.993
49.463
48.933
48.403
47.873
47.343
46.813
46.283
45.753
45.223
44.693
44.163
43.633
43.103
42.573
42.043
41.513
40.983
40.453
39.923
39.393
38.862
38.332
37.802
37.272
36.742
36.212
35.682
35.152
34.622
34.092
33.562
33.032
32.502
31.972
31.442
30.912
30.382
29.852
29.322
28.792
28.262
27.732
27.202
26.672
26.142
25.612
25.082
24.552
24.022
23.492
22.962
22.432
21.902
21.372
21.09
20.808
20.527
20.245
19.963
19.681
19.399
19.118
18.836
18.554
18.272
17.99
17.709
17.427
17.145
16.863
16.581
16.3
16.018
15.736
15.454
15.172
14.891
14.609
14.327
14.045
13.763
13.482
13.2
12.918
12.636
12.354
12.073
11.791
11.509
11.227
10.946
10.664
10.382
10.1
9.8183
9.5366
9.2548
8.973
8.6912
8.4094
8.1276
7.8458
7.564
7.2822
7.0004
6.7186
6.4368
6.155
5.8732
5.5914
5.3096
5.0278
4.7461
4.4643
4.3909
4.3175
4.2442
4.1708
4.0974
4.0241
3.9507
3.8773
3.804
3.7306
3.6572
3.5839
3.5105
3.4371
3.3638
3.2904
3.2171
3.1437
3.0703
2.997
2.9236
2.8502
2.7769
2.7035
2.6301
2.5568
2.4834
2.41
2.3367
2.2633
2.1899
2.1166
2.0432
1.9699
1.8965
1.8231
1.7498
1.6764
1.603
1.5297
1.4563
1.3829
1.3096
1.2362
1.1628
1.0895
1.0161
0.94274
0.86938
0.79601
0.72265
0.64928
0.57592
0.50255
0.42919
0.35582
0.28246
0.20909
0.13573
0.062361
0.10149
0.14061
0.17974
0.21886
0.25799
0.29712
0.33624
0.37537
0.41449
0.45362
0.49274
0.53187
0.571
0.61012
0.64925
0.68837
0.7275
0.76662
0.80575
0.84488
0.884
0.92313
0.96225
1.0014
1.0405
1.0796
1.1188
1.1579
1.197
1.2361
1.2753
1.3144
1.3535
1.3926
1.4318
1.4709
1.51
1.5491
1.5883
1.6274
1.6665
1.7056
1.7448
1.7839
1.823
1.8621
1.9013
1.9404
1.9795
2.0186
2.0578
2.0969
2.136
2.1752
2.2143
2.2534
2.2925
2.3317
2.3708
2.4099
2.4351
2.4602
2.4854
2.5106
2.5358
2.5609
2.5861
2.6113
2.6364
2.6616
2.6868
2.7119
2.7371
2.7623
2.7874
2.8126
2.8378
2.8629
2.8881
2.9133
2.9385
2.9636
2.9888
3.014
3.0391
3.0643
3.0895
3.1146
3.1398
3.165
3.1901
3.2153
3.2405
3.2657
3.2908
3.316
3.3412
3.3663
3.3915
3.4167
3.4418
3.467
3.4922
3.5173
3.5425
3.5677
3.5928
3.618
3.6432
3.6684
3.6935
3.7187
3.7439
3.769
3.7942
3.8194
3.8445
3.8697
3.8949
3.92
4.0444
4.1687
4.293
4.4173
4.5416
4.6659
4.7903
4.9146
5.0389
5.1632
5.2875
5.4118
5.5361
5.6605
5.7848
5.9091
6.0334
6.1577
6.282
6.4064
6.5307
6.655
6.7793
6.9036
7.0279
7.1523
7.2766
7.4009
7.5252
7.6495
7.7738
7.8981
8.0225
8.1468
8.2711
8.3954
8.5197
8.644
8.7684
8.8927
9.017
9.1413
9.2656
9.3899
9.5142
9.6386
9.7629
9.8872
10.012
10.136
10.26
10.384
10.509
10.633
10.757
10.882
11.006
11.13
11.255
11.379
11.808
12.237
12.666
13.095
13.524
13.953
14.381
14.81
15.239
15.668
16.097
16.526
16.955
17.384
17.813
18.242
18.671
19.1
19.528
19.957
20.386
20.815
21.244
21.673
22.102
22.531
22.96
23.389
23.818
24.247
24.676
25.104
25.533
25.962
26.391
26.82
27.249
27.678
28.107
28.536
28.965
29.394
29.823
30.252
30.68
31.109
31.538
31.967
32.396
32.825
33.254
33.683
34.112
34.541
34.97
35.399
35.828
36.256
36.685
37.114
37.048
36.982
36.916
36.85
36.783
36.717
36.651
36.585
36.519
36.452
36.386
36.32
36.254
36.188
36.121
36.055
35.989
35.923
35.857
35.79
35.724
35.658
35.592
35.526
35.459
35.393
35.327
35.261
35.195
35.128
35.062
34.996
34.93
34.864
34.797
34.731
34.665
34.599
34.533
34.466
34.4
34.334
34.268
34.202
34.135
34.069
34.003
33.937
33.871
33.804
33.738
33.672
33.606
33.54
33.473
33.407
33.341
33.275
33.209
33.142
33.563
33.983
34.403
34.823
35.243
35.664
36.084
36.504
36.924
37.345
37.765
38.185
38.605
39.025
39.446
39.866
40.286
40.706
41.126
41.547
41.967
42.387
42.807
43.228
43.648
44.068
44.488
44.908
45.329
45.749
46.169
46.589
47.01
47.43
47.85
48.27
48.69
49.111
49.531
49.951
50.371
50.792
51.212
51.632
52.052
52.472
52.893
53.313
53.733
54.153
54.574
54.994
55.414
55.834
56.254
56.675
57.095
57.515
57.935
58.356
58.998
59.64
60.282
60.925
61.567
62.209
62.851
63.493
64.136
64.778
65.42
66.062
66.705
67.347
67.989
68.631
69.274
69.916
70.558
71.2
71.843
72.485
73.127
73.769
74.412
75.054
75.696
76.338
76.981
77.623
78.265
78.907
79.55
80.192
80.834
81.476
82.119
82.761
83.403
84.045
84.688
85.33
85.972
86.614
87.257
87.899
88.541
89.183
89.826
90.468
91.11
91.752
92.395
93.037
93.679
94.321
94.964
95.606
96.248
96.89
96.241
95.592
94.942
94.293
93.644
92.995
92.345
91.696
91.047
90.397
89.748
89.099
88.449
87.8
87.151
86.501
85.852
85.203
84.554
83.904
83.255
82.606
81.956
81.307
80.658
80.008
79.359
78.71
78.06
77.411
76.762
76.113
75.463
74.814
74.165
73.515
72.866
72.217
71.567
70.918
70.269
69.619
68.97
68.321
67.672
67.022
66.373
65.724
65.074
64.425
63.776
63.126
62.477
61.828
61.178
60.529
59.88
59.231
58.581
57.932
58.251
58.571
58.89
59.21
59.529
59.849
60.168
60.488
60.807
61.127
61.446
61.766
62.085
62.405
62.724
63.044
63.363
63.683
64.002
64.322
64.641
64.961
65.28
65.6
65.919
66.239
66.558
66.878
67.197
67.517
67.836
68.156
68.475
68.795
69.114
69.434
69.753
70.073
70.392
70.712
71.031
71.351
71.67
71.99
72.309
72.629
72.948
73.268
73.587
73.907
74.226
74.546
74.865
75.185
75.504
75.824
76.143
76.463
76.782
77.102
77.207
77.312
77.417
77.522
77.628
77.733
77.838
77.943
78.048
78.153
78.258
78.364
78.469
78.574
78.679
78.784
78.889
78.994
79.1
79.205
79.31
79.415
79.52
79.625
79.73
79.836
79.941
80.046
80.151
80.256
80.361
80.466
80.572
80.677
80.782
80.887
80.992
81.097
81.202
81.308
81.413
81.518
81.623
81.728
81.833
81.938
82.043
82.149
82.254
82.359
82.464
82.569
82.674
82.779
82.885
82.99
83.095
83.2
83.305
83.41
83.659
83.908
84.157
84.406
84.654
84.903
85.152
85.401
85.65
85.898
86.147
86.396
86.645
86.894
87.142
87.391
87.64
87.889
88.138
88.387
88.635
88.884
89.133
89.382
89.631
89.879
90.128
90.377
90.626
90.875
91.124
91.372
91.621
91.87
92.119
92.368
92.616
92.865
93.114
93.363
93.612
93.86
94.109
94.358
94.607
94.856
95.105
95.353
95.602
95.851
96.1
96.349
96.597
96.846
97.095
97.344
97.593
97.842
98.09
98.339
98.528
98.717
98.906
99.095
99.284
99.474
99.663
99.852
100.04
100.23
100.42
100.61
100.8
100.99
101.18
101.36
101.55
101.74
101.93
102.12
102.31
102.5
102.69
102.88
103.07
103.25
103.44
103.63
103.82
104.01
104.2
104.39
104.58
104.77
104.96
105.15
105.33
105.52
105.71
105.9
106.09
106.28
106.47
106.66
106.85
107.04
107.22
107.41
107.6
107.79
107.98
108.17
108.36
108.55
108.74
108.93
109.12
109.3
109.49
109.68
109.62
109.56
109.49
109.43
109.36
109.3
109.24
109.17
109.11
109.05
108.98
108.92
108.86
108.79
108.73
108.66
108.6
108.54
108.47
108.41
108.35
108.28
108.22
108.16
108.09
108.03
107.97
107.9
107.84
107.77
107.71
107.65
107.58
107.52
107.46
107.39
107.33
107.27
107.2
107.14
107.07
107.01
106.95
106.88
106.82
106.76
106.69
106.63
106.57
106.5
106.44
106.38
106.31
106.25
106.18
106.12
106.06
105.99
105.93
105.87
105.91
105.96
106
106.05
106.09
106.13
106.18
106.22
106.27
106.31
106.36
106.4
106.45
106.49
106.54
106.58
106.63
106.67
106.72
106.76
106.81
106.85
106.89
106.94
106.98
107.03
107.07
107.12
107.16
107.21
107.25
107.3
107.34
107.39
107.43
107.48
107.52
107.56
107.61
107.65
107.7
107.74
107.79
107.83
107.88
107.92
107.97
108.01
108.06
108.1
108.15
108.19
108.24
108.28
108.32
108.37
108.41
108.46
108.5
108.55
108.47
108.39
108.31
108.23
108.15
108.07
107.99
107.91
107.84
107.76
107.68
107.6
107.52
107.44
107.36
107.28
107.2
107.12
107.04
106.96
106.89
106.81
106.73
106.65
106.57
106.49
106.41
106.33
106.25
106.17
106.09
106.01
105.94
105.86
105.78
105.7
105.62
105.54
105.46
105.38
105.3
105.22
105.14
105.06
104.98
104.91
104.83
104.75
104.67
104.59
104.51
104.43
104.35
104.27
104.19
104.11
104.03
103.96
103.88
103.8
103.72
103.64
103.56
103.48
103.4
103.32
103.24
103.16
103.09
103.01
102.93
102.85
102.77
102.69
102.61
102.53
102.45
102.37
102.29
102.22
102.14
102.06
101.98
101.9
101.82
101.74
101.66
101.58
101.5
101.42
101.35
101.27
101.19
101.11
101.03
100.95
100.87
100.79
100.71
100.63
100.55
100.48
100.4
100.32
100.24
100.16
100.08
100
99.922
99.842
99.763
99.684
99.605
99.526
99.447
99.368
99.289
99.21
99.131
99.051
98.848
98.644
98.44
98.236
98.033
97.829
97.625
97.421
97.218
97.014
96.81
96.606
96.403
96.199
95.995
95.791
95.588
95.384
95.18
94.976
94.773
94.569
94.365
94.161
93.958
93.754
93.55
93.346
93.143
92.939
92.735
92.531
92.328
92.124
91.92
91.716
91.513
91.309
91.105
90.901
90.698
90.494
90.29
90.086
89.882
89.679
89.475
89.271
89.067
88.864
88.66
88.456
88.252
88.049
87.845
87.641
87.437
87.234
87.03
86.826
86.569
86.311
86.053
85.796
85.538
85.281
85.023
84.765
84.508
84.25
83.993
83.735
83.477
83.22
82.962
82.705
82.447
82.189
81.932
81.674
81.417
81.159
80.901
80.644
80.386
80.129
79.871
79.613
79.356
79.098
78.841
78.583
78.326
78.068
77.81
77.553
77.295
77.038
76.78
76.522
76.265
76.007
75.75
75.492
75.234
74.977
74.719
74.462
74.204
73.946
73.689
73.431
73.174
72.916
72.658
72.401
72.143
71.886
71.628
71.37
71.153
70.935
70.718
70.5
70.282
70.065
69.847
69.63
69.412
69.194
68.977
68.759
68.541
68.324
68.106
67.889
67.671
67.453
67.236
67.018
66.801
66.583
66.365
66.148
65.93
65.713
65.495
65.277
65.06
64.842
64.624
64.407
64.189
63.972
63.754
63.536
63.319
63.101
62.884
62.666
62.448
62.231
62.013
61.795
61.578
61.36
61.143
60.925
60.707
60.49
60.272
60.055
59.837
59.619
59.402
59.184
58.966
58.749
58.531
58.314
58.085
57.856
57.627
57.399
57.17
56.941
56.712
56.483
56.255
56.026
55.797
55.568
55.339
55.111
54.882
54.653
54.424
54.195
53.967
53.738
53.509
53.28
53.052
52.823
52.594
52.365
52.136
51.908
51.679
51.45
51.221
50.992
50.764
50.535
50.306
50.077
49.849
49.62
49.391
49.162
48.933
48.705
48.476
48.247
48.018
47.789
47.561
47.332
47.103
46.874
46.645
46.417
46.188
45.959
45.73
45.502
45.273
45.044
44.815
44.586
44.318
44.05
43.782
43.513
43.245
42.977
42.709
42.44
42.172
41.904
41.636
41.367
41.099
40.831
40.563
40.295
40.026
39.758
39.49
39.222
38.953
38.685
38.417
38.149
37.88
37.612
37.344
37.076
36.807
36.539
36.271
36.003
35.734
35.466
35.198
34.93
34.661
34.393
34.125
33.857
33.589
33.32
33.052
32.784
32.516
32.247
31.979
31.711
31.443
31.174
30.906
30.638
30.37
30.101
29.833
29.565
29.297
29.028
28.76
28.492
28.317
28.142
27.967
27.793
27.618
27.443
27.268
27.093
26.919
26.744
26.569
26.394
26.219
26.044
25.87
25.695
25.52
25.345
25.17
24.995
24.821
24.646
24.471
24.296
24.121
23.946
23.772
23.597
23.422
23.247
23.072
22.898
22.723
22.548
22.373
22.198
22.023
21.849
21.674
21.499
21.324
21.149
20.974
20.8
20.625
20.45
20.275
20.1
19.926
19.751
19.576
19.401
19.226
19.051
18.877
18.702
18.527
18.352
18.177
18.002
17.89
17.777
17.664
17.551
17.438
17.325
17.212
17.099
16.986
16.873
16.76
16.647
16.534
16.421
16.308
16.196
16.083
15.97
15.857
15.744
15.631
15.518
15.405
15.292
15.179
15.066
14.953
14.84
14.727
14.614
14.502
14.389
14.276
14.163
14.05
13.937
13.824
13.711
13.598
13.485
13.372
13.259
13.146
13.033
12.92
12.808
12.695
12.582
12.469
12.356
12.243
12.13
12.017
11.904
11.791
11.678
11.565
11.452
11.339
11.226
11.135
11.044
10.953
10.861
10.77
10.679
10.587
10.496
10.405
10.313
10.222
10.131
10.039
9.9481
9.8568
9.7655
9.6742
9.5829
9.4916
9.4003
9.309
9.2177
9.1264
9.0351
8.9438
8.8525
8.7612
8.6699
8.5786
8.4872
8.3959
8.3046
8.2133
8.122
8.0307
7.9394
7.8481
7.7568
7.6655
7.5742
7.4829
7.3916
7.3003
7.209
7.1177
7.0263
6.935
6.8437
6.7524
6.6611
6.5698
6.4785
6.3872
6.2959
6.2046
6.1133
6.022
5.9307
5.8394
5.7481
5.7245
5.7009
5.6774
5.6538
5.6302
5.6067
5.5831
5.5595
5.536
5.5124
5.4888
5.4653
5.4417
5.4181
5.3946
5.371
5.3474
5.3239
5.3003
5.2767
5.2532
5.2296
5.206
5.1825
5.1589
5.1354
5.1118
5.0882
5.0647
5.0411
5.0175
4.994
4.9704
4.9468
4.9233
4.8997
4.8761
4.8526
4.829
4.8054
4.7819
4.7583
4.7347
4.7112
4.6876
4.664
4.6405
4.6169
4.5933
4.5698
4.5462
4.5226
4.4991
4.4755
4.4519
4.4284
4.4048
4.3813
4.3577
4.3341
4.3226
4.3111
4.2996
4.2881
4.2766
4.2651
4.2536
4.2421
4.2306
4.2192
4.2077
4.1962
4.1847
4.1732
4.1617
4.1502
4.1387
4.1272
4.1157
4.1042
4.0927
4.0812
4.0697
4.0582
4.0467
4.0352
4.0237
4.0122
4.0007
3.9892
3.9777
3.9662
3.9547
3.9432
3.9317
3.9202
3.9087
3.8972
3.8857
3.8742
3.8627
3.8512
3.8398
3.8283
3.8168
3.8053
3.7938
3.7823
3.7708
3.7593
3.7478
3.7363
3.7248
3.7133
3.7018
3.6903
3.6788
3.6673
3.6558
3.6443
3.7012
3.7582
3.8151
3.872
3.929
3.9859
4.0428
4.0998
4.1567
4.2136
4.2706
4.3275
4.3844
4.4414
4.4983
4.5552
4.6122
4.6691
4.726
4.783
4.8399
4.8968
4.9538
5.0107
5.0676
5.1246
5.1815
5.2384
5.2954
5.3523
5.4092
5.4662
5.5231
5.58
5.637
5.6939
5.7508
5.8078
5.8647
5.9216
5.9786
6.0355
6.0924
6.1494
6.2063
6.2632
6.3201
6.3771
6.434
6.4909
6.5479
6.6048
6.6617
6.7187
6.7756
6.8325
6.8895
6.9464
7.0033
7.0603
7.1526
7.2449
7.3372
7.4296
7.5219
7.6142
7.7065
7.7989
7.8912
7.9835
8.0758
8.1681
8.2605
8.3528
8.4451
8.5374
8.6297
8.7221
8.8144
8.9067
8.999
9.0914
9.1837
9.276
9.3683
9.4606
9.553
9.6453
9.7376
9.8299
9.9223
10.015
10.107
10.199
10.292
10.384
10.476
10.569
10.661
10.753
10.845
10.938
11.03
11.122
11.215
11.307
11.399
11.492
11.584
11.676
11.769
11.861
11.953
12.046
12.138
12.23
12.323
12.415
12.507
12.6
