108.05
108.06
108.08
108.09
108.11
108.12
108.14
108.15
108.17
108.18
108.2
108.21
108.23
108.24
108.25
108.27
108.28
108.3
108.31
108.33
108.34
108.36
108.37
108.39
108.4
108.42
108.43
108.45
108.46
108.47
108.49
108.5
108.52
108.53
108.55
108.56
108.58
108.59
108.61
108.62
108.64
108.65
108.67
108.68
108.69
108.71
108.72
108.74
108.75
108.77
108.78
108.8
108.81
108.83
108.84
108.86
108.87
108.89
108.9
108.91
108.93
108.88
108.82
108.77
108.72
108.66
108.61
108.56
108.51
108.45
108.4
108.35
108.3
108.24
108.19
108.14
108.08
108.03
107.98
107.93
107.87
107.82
107.77
107.71
107.66
107.61
107.56
107.5
107.45
107.4
107.34
107.29
107.24
107.19
107.13
107.08
107.03
106.98
106.92
106.87
106.82
106.76
106.71
106.66
106.61
106.55
106.5
106.45
106.39
106.34
106.29
106.24
106.18
106.13
106.08
106.02
105.97
105.92
105.87
105.81
105.76
105.67
105.58
105.5
105.41
105.32
105.23
105.14
105.05
104.97
104.88
104.79
104.7
104.61
104.52
104.44
104.35
104.26
104.17
104.08
103.99
103.91
103.82
103.73
103.64
103.55
103.46
103.38
103.29
103.2
103.11
103.02
102.93
102.85
102.76
102.67
102.58
102.49
102.4
102.31
102.23
102.14
102.05
101.96
101.87
101.78
101.7
101.61
101.52
101.43
101.34
101.25
101.17
101.08
100.99
100.9
100.81
100.72
100.64
100.55
100.46
100.34
100.22
100.11
99.989
99.871
99.754
99.636
99.518
99.4
99.283
99.165
99.047
98.93
98.812
98.694
98.577
98.459
98.341
98.223
98.106
97.988
97.87
97.753
97.635
97.517
97.4
97.282
97.164
97.047
96.929
96.811
96.693
96.576
96.458
96.34
96.223
96.105
95.987
95.87
95.752
95.634
95.517
95.399
95.281
95.163
95.046
94.928
94.81
94.693
94.575
94.457
94.34
94.222
94.104
93.986
93.869
93.751
93.633
93.516
93.398
93.259
93.12
92.981
92.842
92.704
92.565
92.426
92.287
92.148
92.009
91.87
91.731
91.593
91.454
91.315
91.176
91.037
90.898
90.759
90.62
90.481
90.343
90.204
90.065
89.926
89.787
89.648
89.509
89.37
89.232
89.093
88.954
88.815
88.676
88.537
88.398
88.259
88.12
87.982
87.843
87.704
87.565
87.426
87.287
87.148
87.009
86.87
86.732
86.593
86.454
86.315
86.176
86.037
85.898
85.759
85.621
85.482
85.343
85.204
85.065
84.913
84.761
84.608
84.456
84.304
84.152
84
83.848
83.695
83.543
83.391
83.239
83.087
82.935
82.782
82.63
82.478
82.326
82.174
82.022
81.869
81.717
81.565
81.413
81.261
81.109
80.956
80.804
80.652
80.5
80.348
80.196
80.043
79.891
79.739
79.587
79.435
79.283
79.13
78.978
78.826
78.674
78.522
78.37
78.217
78.065
77.913
77.761
77.609
77.457
77.304
77.152
77
76.848
76.696
76.544
76.391
76.239
76.087
75.935
75.777
75.62
75.462
75.304
75.147
74.989
74.831
74.674
74.516
74.358
74.201
74.043
73.885
73.728
73.57
73.412
73.255
73.097
72.939
72.782
72.624
72.466
72.309
72.151
71.993
71.836
71.678
71.52
71.363
71.205
71.047
70.89
70.732
70.574
70.417
70.259
70.101
69.944
69.786
69.628
69.471
69.313
69.155
68.998
68.84
68.682
68.525
68.367
68.209
68.052
67.894
67.736
67.579
67.421
67.263
67.106
66.948
66.79
66.633
66.475
66.329
66.184
66.038
65.892
65.747
65.601
65.455
65.31
65.164
65.018
64.873
64.727
64.581
64.436
64.29
64.144
63.999
63.853
63.707
63.562
63.416
63.271
63.125
62.979
62.834
62.688
62.542
62.397
62.251
62.105
61.96
61.814
61.668
61.523
61.377
61.231
61.086
60.94
60.794
60.649
60.503
60.357
60.212
60.066
59.92
59.775
59.629
59.483
59.338
59.192
59.047
58.901
58.755
58.61
58.464
58.318
58.173
58.027
57.881
57.736
57.611
57.486
57.361
57.236
57.111
56.986
56.861
56.736
56.611
56.486
56.361
56.236
56.111
55.986
55.861
55.736
55.611
55.486
55.361
55.236
55.111
54.986
54.861
54.736
54.611
54.486
54.361
54.236
54.111
53.986
53.861
53.736
53.611
53.486
53.361
53.236
53.111
52.986
52.861
52.736
52.611
52.486
52.361
52.236
52.111
51.986
51.861
51.736
51.611
51.486
51.361
51.236
51.111
50.986
50.861
50.737
50.612
50.487
50.362
50.237
50.137
50.038
49.939
49.84
49.741
49.642
49.543
49.444
49.345
49.246
49.147
49.048
48.948
48.849
48.75
48.651
48.552
48.453
48.354
48.255
48.156
48.057
47.958
47.859
47.76
47.66
47.561
47.462
47.363
47.264
47.165
47.066
46.967
46.868
46.769
46.67
46.571
46.471
46.372
46.273
46.174
46.075
45.976
45.877
45.778
45.679
45.58
45.481
45.382
45.282
45.183
45.084
44.985
44.886
44.787
44.688
44.589
44.49
44.391
44.292
44.203
44.114
44.025
43.936
43.847
43.758
43.669
43.58
43.491
43.402
43.313
43.224
43.136
43.047
42.958
42.869
42.78
42.691
42.602
42.513
42.424
42.335
42.246
42.157
42.068
41.979
41.89
41.802
41.713
41.624
41.535
41.446
41.357
41.268
41.179
41.09
41.001
40.912
40.823
40.734
40.645
40.557
40.468
40.379
40.29
40.201
40.112
40.023
39.934
39.845
39.756
39.667
39.578
39.489
39.4
39.312
39.223
39.134
39.045
38.956
38.932
38.909
38.885
38.862
38.839
38.815
38.792
38.768
38.745
38.721
38.698
38.674
38.651
38.627
38.604
38.581
38.557
38.534
38.51
38.487
38.463
38.44
38.416
38.393
38.369
38.346
38.323
38.299
38.276
38.252
38.229
38.205
38.182
38.158
38.135
38.111
38.088
38.065
38.041
38.018
37.994
37.971
37.947
37.924
37.9
37.877
37.853
37.83
37.807
37.783
37.76
37.736
37.713
37.689
37.666
37.642
37.619
37.595
37.572
37.549
37.566
37.584
37.601
37.618
37.636
37.653
37.671
37.688
37.706
37.723
37.741
37.758
37.776
37.793
37.811
37.828
37.846
37.863
37.881
37.898
37.916
37.933
37.951
37.968
37.986
38.003
38.021
38.038
38.056
38.073
38.091
38.108
38.126
38.143
38.161
38.178
38.196
38.213
38.231
38.248
38.266
38.283
38.301
38.318
38.336
38.353
38.371
38.388
38.406
38.423
38.441
38.458
38.476
38.493
38.511
38.528
38.546
38.563
38.581
38.598
38.66
38.723
38.785
38.847
38.909
38.972
39.034
39.096
39.158
39.221
39.283
39.345
39.407
39.47
39.532
39.594
39.656
39.719
39.781
39.843
39.905
39.968
40.03
40.092
40.154
40.217
40.279
40.341
40.403
40.466
40.528
40.59
40.652
40.715
40.777
40.839
40.901
40.964
41.026
41.088
41.151
41.213
41.275
41.337
41.4
41.462
41.524
41.586
41.649
41.711
41.773
41.835
41.898
41.96
42.022
42.084
42.147
42.209
42.271
42.333
42.409
42.485
42.56
42.636
42.711
42.787
42.863
42.938
43.014
43.089
43.165
43.241
43.316
43.392
43.467
43.543
43.619
43.694
43.77
43.845
43.921
43.997
44.072
44.148
44.223
44.299
44.375
44.45
44.526
44.602
44.677
44.753
44.828
44.904
44.98
45.055
45.131
45.206
45.282
45.358
45.433
45.509
45.584
45.66
45.736
45.811
45.887
45.962
46.038
46.114
46.189
46.265
46.341
46.416
46.492
46.567
46.643
46.719
46.794
46.87
47.004
47.138
47.273
47.407
47.541
47.676
47.81
47.944
48.079
48.213
48.347
48.482
48.616
48.75
48.885
49.019
49.153
49.288
49.422
49.556
49.691
49.825
49.959
50.094
50.228
50.362
50.497
50.631
50.765
50.9
51.034
51.168
51.303
51.437
51.571
51.706
51.84
51.974
52.109
52.243
52.377
52.512
52.646
52.78
52.915
53.049
53.183
53.318
53.452
53.586
53.721
53.855
53.989
54.124
54.258
54.392
54.527
54.661
54.795
54.93
55.094
55.259
55.423
55.588
55.753
55.917
56.082
56.246
56.411
56.575
56.74
56.905
57.069
57.234
57.398
57.563
57.727
57.892
58.057
58.221
58.386
58.55
58.715
58.879
59.044
59.209
59.373
59.538
59.702
59.867
60.031
60.196
60.36
60.525
60.69
60.854
61.019
61.183
61.348
61.512
61.677
61.842
62.006
62.171
62.335
62.5
62.664
62.829
62.994
63.158
63.323
63.487
63.652
63.816
63.981
64.146
64.31
64.475
64.639
64.804
64.974
65.145
65.316
65.486
65.657
65.828
65.998
66.169
66.34
66.51
66.681
66.851
67.022
67.193
67.363
67.534
67.705
67.875
68.046
68.217
68.387
68.558
68.728
68.899
69.07
69.24
69.411
69.582
69.752
69.923
70.094
70.264
70.435
70.606
70.776
70.947
71.117
71.288
71.459
71.629
71.8
71.971
72.141
72.312
72.483
72.653
72.824
72.994
73.165
73.336
73.506
73.677
73.848
74.018
74.189
74.36
74.53
74.701
74.871
75.042
75.217
75.393
75.568
75.743
75.918
76.093
76.269
76.444
76.619
76.794
76.97
77.145
77.32
77.495
77.671
77.846
78.021
78.196
78.372
78.547
78.722
78.897
79.072
79.248
79.423
79.598
79.773
79.949
80.124
80.299
80.474
80.65
80.825
81
81.175
81.35
81.526
81.701
81.876
82.051
82.227
82.402
82.577
82.752
82.928
83.103
83.278
83.453
83.628
83.804
83.979
84.154
84.329
84.505
84.68
84.855
85.03
85.206
85.381
85.556
85.731
85.905
86.08
86.254
86.429
86.603
86.778
86.952
87.127
87.301
87.476
87.65
87.825
87.999
88.174
88.348
88.523
88.697
88.872
89.046
89.221
89.395
89.57
89.745
89.919
90.094
90.268
90.443
90.617
90.792
90.966
91.141
91.315
91.49
91.664
91.839
92.013
92.188
92.362
92.537
92.711
92.886
93.06
93.235
93.409
93.584
93.758
93.933
94.107
94.282
94.457
94.631
94.806
94.98
95.155
95.329
95.504
95.678
95.853
96.027
96.171
96.314
96.458
96.601
96.745
96.889
97.032
97.176
97.319
97.463
97.606
97.75
97.894
98.037
98.181
98.324
98.468
98.612
98.755
98.899
99.042
99.186
99.329
99.473
99.617
99.76
99.904
100.05
100.19
100.33
100.48
100.62
100.77
100.91
101.05
101.2
101.34
101.48
101.63
101.77
101.91
102.06
102.2
102.34
102.49
102.63
102.78
102.92
103.06
103.21
103.35
103.49
103.64
103.78
103.92
104.07
104.21
104.35
104.5
104.64
104.75
104.86
104.97
105.08
105.19
105.3
105.41
105.52
105.63
105.74
105.85
105.96
106.07
106.18
106.29
106.41
106.52
106.63
106.74
106.85
106.96
107.07
107.18
107.29
107.4
107.51
107.62
107.73
107.84
107.95
108.06
108.17
108.28
108.39
108.5
108.61
108.72
108.83
108.94
109.05
109.16
109.27
109.38
109.49
109.6
109.71
109.82
109.93
110.04
110.15
110.26
110.37
110.48
110.59
110.7
110.81
110.92
111.03
111.14
111.25
111.35
111.45
111.55
111.64
111.74
111.84
111.93
112.03
112.13
112.22
112.32
112.42
112.52
112.61
112.71
112.81
112.9
113
113.1
113.2
113.29
113.39
113.49
113.58
113.68
113.78
113.87
113.97
114.07
114.17
114.26
114.36
114.46
114.55
114.65
114.75
114.84
114.94
115.04
115.14
115.23
115.33
115.43
115.52
115.62
115.72
115.81
115.91
116.01
116.11
116.2
116.3
116.4
116.49
116.59
116.69
116.78
116.88
116.98
117.08
117.1
117.12
117.14
117.16
117.19
117.21
117.23
117.25
117.28
117.3
117.32
117.34
117.37
117.39
117.41
117.43
117.45
117.48
117.5
117.52
117.54
117.57
117.59
117.61
117.63
117.65
117.68
117.7
117.72
117.74
117.77
117.79
117.81
117.83
117.85
117.88
117.9
117.92
117.94
117.97
117.99
118.01
118.03
118.05
118.08
118.1
118.12
118.14
118.17
118.19
118.21
118.23
118.26
118.28
118.3
118.32
118.34
118.37
118.39
118.41
118.38
118.36
118.33
118.3
118.28
118.25
118.22
118.2
118.17
118.14
118.12
118.09
118.06
118.03
118.01
117.98
117.95
117.93
117.9
117.87
117.85
117.82
117.79
117.77
117.74
117.71
117.69
117.66
117.63
117.6
117.58
117.55
117.52
117.5
117.47
117.44
117.42
117.39
117.36
117.34
117.31
117.28
117.25
117.23
117.2
117.17
117.15
117.12
117.09
117.07
117.04
117.01
116.99
116.96
116.93
116.91
116.88
116.85
116.82
116.8
116.72
116.64
116.56
116.48
116.41
116.33
116.25
116.17
116.09
116.02
115.94
115.86
115.78
115.7
115.62
115.55
115.47
115.39
115.31
115.23
115.15
115.08
115
114.92
114.84
114.76
114.68
114.61
114.53
114.45
114.37
114.29
114.22
114.14
114.06
113.98
113.9
113.82
113.75
113.67
113.59
113.51
113.43
113.35
113.28
113.2
113.12
113.04
112.96
112.88
112.81
112.73
112.65
112.57
112.49
112.42
112.34
112.26
112.18
112.1
112
111.9
111.8
111.7
111.6
111.5
111.4
111.29
111.19
111.09
110.99
110.89
110.79
110.69
110.59
110.49
110.39
110.29
110.18
110.08
109.98
109.88
109.78
109.68
109.58
109.48
109.38
109.28
109.18
109.07
108.97
108.87
108.77
108.67
108.57
108.47
108.37
108.27
108.17
108.07
107.96
107.86
107.76
107.66
107.56
107.46
107.36
107.26
107.16
107.06
106.96
106.85
106.75
106.65
106.55
106.45
106.35
106.25
106.15
106.05
105.89
105.73
105.57
105.41
105.25
105.09
104.93
104.77
104.61
104.45
104.29
104.13
103.97
103.81
103.65
103.5
103.34
103.18
103.02
102.86
102.7
102.54
102.38
102.22
102.06
101.9
101.74
101.58
101.42
101.26
101.1
100.94
100.78
100.62
100.46
100.31
100.15
99.986
99.827
99.667
99.508
99.348
99.189
99.029
98.87
98.71
98.551
98.391
98.232
98.072
97.913
97.753
97.593
97.434
97.274
97.115
96.955
96.796
96.636
96.477
96.286
96.095
95.905
95.714
95.523
95.332
95.142
94.951
94.76
94.57
94.379
94.188
93.997
93.807
93.616
93.425
93.234
93.044
92.853
92.662
92.471
92.281
92.09
91.899
91.709
91.518
91.327
91.136
90.946
90.755
90.564
90.373
90.183
89.992
89.801
89.61
89.42
89.229
89.038
88.848
88.657
88.466
88.275
88.085
87.894
87.703
87.512
87.322
87.131
86.94
86.749
86.559
86.368
86.177
85.987
85.796
85.605
85.414
85.224
85.033
84.835
84.636
84.438
84.24
84.041
83.843
83.645
83.446
83.248
83.05
82.851
82.653
82.455
82.256
82.058
81.86
81.661
81.463
81.265
81.066
80.868
80.67
80.471
80.273
80.075
79.876
79.678
79.48
79.281
79.083
78.885
78.686
78.488
78.29
78.091
77.893
77.695
77.496
77.298
77.1
76.901
76.703
76.505
76.306
76.108
75.91
75.711
75.513
75.315
75.116
74.918
74.719
74.521
74.323
74.124
73.926
73.728
73.529
73.331
73.133
72.926
72.719
72.512
72.305
72.098
71.891
71.684
71.478
71.271
71.064
70.857
70.65
70.443
70.236
70.029
69.822
69.615
69.408
69.201
68.995
68.788
68.581
68.374
68.167
67.96
67.753
67.546
67.339
67.132
66.925
66.719
66.512
66.305
66.098
65.891
65.684
65.477
65.27
65.063
64.856
64.649
64.442
64.236
64.029
63.822
63.615
63.408
63.201
62.994
62.787
62.58
62.373
62.166
61.96
61.753
61.546
61.339
61.132
60.925
60.718
60.536
60.354
60.172
59.99
59.808
59.626
59.444
59.262
59.08
58.898
58.716
58.534
58.352
58.17
57.988
57.806
57.624
57.442
57.26
57.079
56.897
56.715
56.533
56.351
56.169
55.987
55.805
55.623
55.441
55.259
55.077
54.895
54.713
54.531
54.349
54.167
53.985
53.803
53.621
53.439
53.257
53.075
52.893
52.711
52.529
52.347
52.165
51.983
51.801
51.619
51.437
51.255
51.073
50.891
50.709
50.527
50.345
50.163
49.981
49.799
49.647
49.495
49.342
49.19
49.038
48.885
48.733
48.581
48.429
48.276
48.124
47.972
47.819
47.667
47.515
47.362
47.21
47.058
46.905
46.753
46.601
46.448
46.296
46.144
45.991
45.839
45.687
45.534
45.382
45.23
45.077
44.925
44.773
44.62
44.468
44.316
44.163
44.011
43.859
43.706
43.554
43.402
43.249
43.097
42.945
42.792
42.64
42.488
42.335
42.183
42.031
41.879
41.726
41.574
41.422
41.269
41.117
40.965
40.812
40.66
40.518
40.375
40.233
40.09
39.948
39.806
39.663
39.521
39.379
39.236
39.094
38.952
38.809
38.667
38.524
38.382
38.24
38.097
37.955
37.813
37.67
37.528
37.386
37.243
37.101
36.958
36.816
36.674
36.531
36.389
36.247
36.104
35.962
35.819
35.677
35.535
35.392
35.25
35.108
34.965
34.823
34.681
34.538
34.396
34.253
34.111
33.969
33.826
33.684
33.542
33.399
33.257
33.115
32.972
32.83
32.687
32.545
32.403
32.26
32.118
32.05
31.982
31.914
31.846
31.778
31.709
31.641
31.573
31.505
31.437
31.369
31.301
31.233
31.165
31.097
31.029
30.96
30.892
30.824
30.756
30.688
30.62
30.552
30.484
30.416
30.348
30.28
30.211
30.143
30.075
30.007
29.939
29.871
29.803
29.735
29.667
29.599
29.531
29.462
29.394
29.326
29.258
29.19
29.122
29.054
28.986
28.918
28.85
28.782
28.713
28.645
28.577
28.509
28.441
28.373
28.305
28.237
28.169
28.101
28.032
28.015
27.998
27.981
27.964
27.946
27.929
27.912
27.895
27.878
27.86
27.843
27.826
27.809
27.791
27.774
27.757
27.74
27.723
27.705
27.688
27.671
27.654
27.637
27.619
27.602
27.585
27.568
27.55
27.533
27.516
27.499
27.482
27.464
27.447
27.43
27.413
27.396
27.378
27.361
27.344
27.327
27.309
27.292
27.275
27.258
27.241
27.223
27.206
27.189
27.172
27.154
27.137
27.12
27.103
27.086
27.068
27.051
27.034
27.017
27
27.034
27.068
27.102
27.137
27.171
27.205
27.24
27.274
27.308
27.343
27.377
27.411
27.446
27.48
27.514
27.549
27.583
27.617
27.652
27.686
27.72
27.754
27.789
27.823
27.857
27.892
27.926
27.96
27.995
28.029
28.063
28.098
28.132
28.166
28.201
28.235
28.269
28.303
28.338
28.372
28.406
28.441
28.475
28.509
28.544
28.578
28.612
28.647
28.681
28.715
28.75
28.784
28.818
28.852
28.887
28.921
28.955
28.99
29.024
29.058
29.121
29.183
29.245
29.307
29.37
29.432
29.494
29.557
29.619
29.681
29.743
29.806
29.868
29.93
29.992
30.055
30.117
30.179
30.241
30.304
30.366
30.428
30.491
30.553
30.615
30.677
30.74
30.802
30.864
30.926
30.989
31.051
31.113
31.176
31.238
31.3
31.362
31.425
31.487
31.549
31.611
31.674
31.736
31.798
31.86
31.923
31.985
32.047
32.11
32.172
32.234
32.296
32.359
32.421
32.483
32.545
32.608
32.67
32.732
32.794
32.93
33.065
33.2
33.335
33.47
33.606
33.741
33.876
34.011
34.146
34.281
34.417
34.552
34.687
34.822
34.957
35.093
35.228
35.363
35.498
35.633
35.768
35.904
36.039
36.174
36.309
36.444
36.58
36.715
36.85
36.985
37.12
37.255
37.391
37.526
37.661
37.796
37.931
38.066
38.202
38.337
38.472
38.607
38.742
38.878
39.013
39.148
39.283
39.418
39.553
39.689
39.824
39.959
40.094
40.229
40.365
40.5
40.635
40.77
40.905
41.079
41.253
41.427
41.601
41.776
41.95
42.124
42.298
42.472
42.646
42.82
42.994
43.168
43.342
43.516
43.69
43.864
44.038
44.212
44.386
44.56
44.734
44.908
45.083
45.257
45.431
45.605
45.779
45.953
46.127
46.301
46.475
46.649
46.823
46.997
47.171
47.345
47.519
47.693
47.867
48.041
48.216
48.39
48.564
48.738
48.912
49.086
49.26
49.434
49.608
49.782
49.956
50.13
50.304
50.478
50.652
50.826
51
51.174
51.349
51.537
51.725
51.913
52.101
52.289
52.477
52.665
52.853
53.041
53.229
53.417
53.605
53.793
53.981
54.169
54.357
54.546
54.734
54.922
55.11
55.298
55.486
55.674
55.862
56.05
56.238
56.426
56.614
56.802
56.99
57.178
57.366
57.554
57.743
57.931
58.119
58.307
58.495
58.683
58.871
59.059
59.247
59.435
59.623
59.811
59.999
60.187
60.375
60.563
60.751
60.94
61.128
61.316
61.504
61.692
61.88
62.068
62.256
62.444
62.632
62.856
63.08
63.303
63.527
63.751
63.975
64.198
64.422
64.646
64.869
65.093
65.317
65.541
65.764
65.988
66.212
66.436
66.659
66.883
67.107
67.331
67.554
67.778
68.002
68.226
68.449
68.673
68.897
69.121
69.344
69.568
69.792
70.016
70.239
70.463
70.687
70.91
71.134
71.358
71.582
71.805
72.029
72.253
72.477
72.7
72.924
73.148
73.372
73.595
73.819
74.043
74.267
74.49
74.714
74.938
75.162
75.385
75.609
75.833
76.056
76.28
76.503
76.726
76.949
77.173
77.396
77.619
77.842
78.066
78.289
78.512
78.735
78.959
79.182
79.405
79.628
79.852
80.075
80.298
80.521
80.745
80.968
81.191
81.414
81.638
81.861
82.084
82.307
82.531
82.754
82.977
83.2
83.423
83.647
83.87
84.093
84.316
84.54
84.763
84.986
85.209
85.433
85.656
85.879
86.102
86.326
86.549
86.772
86.995
87.219
87.442
87.665
87.888
88.112
88.335
88.558
88.781
89.005
89.228
89.451
89.654
89.857
90.06
90.263
90.466
90.669
90.872
91.075
91.278
91.481
91.684
91.887
92.09
92.293
92.496
92.699
92.902
93.105
93.308
93.511
93.714
93.917
94.12
94.323
94.526
94.729
94.932
95.135
95.338
95.541
95.744
95.947
96.15
96.353
96.556
96.759
96.962
97.165
97.368
97.571
97.774
97.977
98.18
98.383
98.586
98.789
98.992
99.195
99.398
99.601
99.804
100.01
100.21
100.41
100.62
100.82
101.02
101.22
101.43
101.63
101.82
102
102.18
102.37
102.55
102.74
102.92
103.11
103.29
103.47
103.66
103.84
104.03
104.21
104.4
104.58
104.76
104.95
105.13
105.32
105.5
105.69
105.87
106.06
106.24
106.42
106.61
106.79
106.98
107.16
107.35
107.53
107.71
107.9
108.08
108.27
108.45
108.64
108.82
109.01
109.19
109.37
109.56
109.74
109.93
110.11
110.3
110.48
110.66
110.85
111.03
111.22
111.4
111.59
111.77
111.95
112.14
112.32
112.51
112.69
112.83
112.97
113.11
113.24
113.38
113.52
113.66
113.8
113.94
114.07
114.21
114.35
114.49
114.63
114.76
114.9
115.04
115.18
115.32
115.45
115.59
115.73
115.87
116.01
116.14
116.28
116.42
116.56
116.7
116.84
116.97
117.11
117.25
117.39
117.53
117.66
117.8
117.94
118.08
118.22
118.35
118.49
118.63
118.77
118.91
119.04
119.18
119.32
119.46
119.6
119.74
119.87
120.01
120.15
120.29
120.43
120.56
120.7
120.84
120.98
121.05
121.13
121.21
121.28
121.36
121.44
121.51
121.59
121.67
121.74
121.82
121.9
121.97
122.05
122.13
122.2
122.28
122.36
122.43
122.51
122.59
122.66
122.74
122.81
122.89
122.97
123.04
123.12
123.2
123.27
123.35
123.43
123.5
123.58
123.66
123.73
123.81
123.89
123.96
124.04
124.12
124.19
124.27
124.35
124.42
124.5
124.57
124.65
124.73
124.8
124.88
124.96
125.03
125.11
125.19
125.26
125.34
125.42
125.49
125.57
125.59
125.6
125.62
125.63
125.65
125.67
125.68
125.7
125.72
125.73
125.75
125.76
125.78
125.8
125.81
125.83
125.85
125.86
125.88
125.89
125.91
125.93
125.94
125.96
125.97
125.99
126.01
126.02
126.04
126.06
126.07
126.09
126.1
126.12
126.14
126.15
126.17
126.19
126.2
126.22
126.23
126.25
126.27
126.28
126.3
126.32
126.33
126.35
126.36
126.38
126.4
126.41
126.43
126.45
126.46
126.48
126.49
126.51
126.53
126.54
126.51
126.48
126.44
126.41
126.38
126.35
126.31
126.28
126.25
126.22
126.19
126.15
126.12
126.09
126.06
126.02
125.99
125.96
125.93
125.89
125.86
125.83
125.8
125.76
125.73
125.7
125.67
125.63
125.6
125.57
125.54
125.5
125.47
125.44
125.41
125.37
125.34
125.31
125.28
125.24
125.21
125.18
125.15
125.11
125.08
125.05
125.02
124.98
124.95
124.92
124.89
124.85
124.82
124.79
124.76
124.72
124.69
124.66
124.63
124.59
124.48
124.37
124.25
124.14
124.02
123.91
123.8
123.68
123.57
123.45
123.34
123.23
123.11
123
122.88
122.77
122.66
122.54
122.43
122.31
122.2
122.09
121.97
121.86
121.74
121.63
121.52
121.4
121.29
121.17
121.06
120.95
120.83
120.72
120.6
120.49
120.38
120.26
120.15
120.03
119.92
119.81
119.69
119.58
119.46
119.35
119.23
119.12
119.01
118.89
118.78
118.66
118.55
118.44
118.32
118.21
118.09
117.98
117.87
117.75
117.59
117.43
117.26
117.1
116.93
116.77
116.61
116.44
116.28
116.11
115.95
115.79
115.62
115.46
115.3
115.13
114.97
114.8
114.64
114.48
114.31
114.15
113.99
113.82
113.66
113.49
113.33
113.17
113
112.84
112.68
112.51
112.35
112.18
112.02
111.86
111.69
111.53
111.36
111.2
111.04
110.87
110.71
110.55
110.38
110.22
110.05
109.89
109.73
109.56
109.4
109.24
109.07
108.91
108.74
108.58
108.42
108.25
108.09
107.93
107.7
107.48
107.25
107.03
106.8
106.58
106.35
106.13
105.9
105.68
105.45
105.23
105
104.78
104.55
104.33
104.1
103.88
103.65
103.43
103.2
102.98
102.75
102.53
102.3
102.08
101.85
101.63
101.4
101.18
100.95
100.73
100.5
100.28
100.05
99.827
99.602
99.377
99.152
98.927
98.702
98.477
98.252
98.027
97.802
97.577
97.352
97.128
96.903
96.678
96.453
96.228
96.003
95.778
95.553
95.328
95.103
94.878
94.653
94.428
94.184
93.94
93.696
93.451
93.207
92.963
92.719
92.475
92.23
91.986
91.742
91.498
91.254
91.009
90.765
90.521
90.277
90.033
89.788
89.544
89.3
89.056
88.812
88.568
88.323
88.079
87.835
87.591
87.347
87.102
86.858
86.614
86.37
86.126
85.881
85.637
85.393
85.149
84.905
84.661
84.416
84.172
83.928
83.684
83.44
83.195
82.951
82.707
82.463
82.219
81.974
81.73
81.486
81.242
80.998
80.753
80.509
80.265
80.021
79.777
79.501
79.225
78.949
78.673
78.397
78.121
77.845
77.569
77.293
77.017
76.741
76.465
76.189
75.913
75.637
75.361
75.085
74.809
74.533
74.257
73.981
73.705
73.429
73.153
72.877
72.601
72.325
72.049
71.773
71.497
71.221
70.945
70.669
70.393
70.117
69.841
69.565
69.289
69.013
68.737
68.461
68.185
67.909
67.633
67.357
67.081
66.805
66.529
66.253
65.977
65.701
65.425
65.149
64.873
64.597
64.321
64.045
63.769
63.493
63.217
62.944
62.671
62.397
62.124
61.851
61.578
61.305
61.031
60.758
60.485
60.212
59.938
59.665
59.392
59.119
58.846
58.572
58.299
58.026
57.753
57.48
57.206
56.933
56.66
56.387
56.114
55.84
55.567
55.294
55.021
54.748
54.474
54.201
53.928
53.655
53.381
53.108
52.835
52.562
52.289
52.015
51.742
51.469
51.196
50.923
50.649
50.376
50.103
49.83
49.557
49.283
49.01
48.737
48.464
48.191
47.917
47.644
47.371
47.098
46.824
46.612
46.399
46.186
45.973
45.76
45.548
45.335
45.122
44.909
44.696
44.484
44.271
44.058
43.845
43.632
43.42
43.207
42.994
42.781
42.568
42.356
42.143
41.93
41.717
41.504
41.292
41.079
40.866
40.653
40.44
40.228
40.015
39.802
39.589
39.376
39.164
38.951
38.738
38.525
38.312
38.099
37.887
37.674
37.461
37.248
37.035
36.823
36.61
36.397
36.184
35.971
35.759
35.546
35.333
35.12
34.907
34.695
34.482
34.269
34.056
33.875
33.694
33.513
33.333
33.152
32.971
32.79
32.609
32.428
32.247
32.066
31.885
31.704
31.524
31.343
31.162
30.981
30.8
30.619
30.438
30.257
30.076
29.895
29.714
29.534
29.353
29.172
28.991
28.81
28.629
28.448
28.267
28.086
27.905
27.725
27.544
27.363
27.182
27.001
26.82
26.639
26.458
26.277
26.096
25.916
25.735
25.554
25.373
25.192
25.011
24.83
24.649
24.468
24.287
24.106
23.926
23.745
23.564
23.383
23.202
23.105
23.008
22.911
22.815
22.718
22.621
22.524
22.427
22.33
22.234
22.137
22.04
21.943
21.846
21.749
21.652
21.556
21.459
21.362
21.265
21.168
21.071
20.975
20.878
20.781
20.684
20.587
20.49
20.393
20.297
20.2
20.103
20.006
19.909
19.812
19.716
19.619
19.522
19.425
19.328
19.231
19.134
19.038
18.941
18.844
18.747
18.65
18.553
18.457
18.36
18.263
18.166
18.069
17.972
17.876
17.779
17.682
17.585
17.488
17.391
17.341
17.291
17.241
17.191
17.141
17.091
17.041
16.991
16.941
16.89
16.84
16.79
16.74
16.69
16.64
16.59
16.54
16.49
16.44
16.39
16.34
16.289
16.239
16.189
16.139
16.089
16.039
15.989
15.939
15.889
15.839
15.789
15.738
15.688
15.638
15.588
15.538
15.488
15.438
15.388
15.338
15.288
15.238
15.188
15.137
15.087
15.037
14.987
14.937
14.887
14.837
14.787
14.737
14.687
14.637
14.587
14.536
14.486
14.436
14.386
14.39
14.393
14.397
14.4
14.404
14.408
14.411
14.415
14.418
14.422
14.425
14.429
14.433
14.436
14.44
14.443
14.447
14.45
14.454
14.458
14.461
14.465
14.468
14.472
14.475
14.479
14.483
14.486
14.49
14.493
14.497
14.5
14.504
14.508
14.511
14.515
14.518
14.522
14.526
14.529
14.533
14.536
14.54
14.543
14.547
14.551
14.554
14.558
14.561
14.565
14.568
14.572
14.576
14.579
14.583
14.586
14.59
14.593
14.597
14.601
14.633
14.665
14.697
14.729
14.761
14.793
14.825
14.857
14.889
14.921
14.953
14.985
15.017
15.049
15.081
15.113
15.145
15.177
15.209
15.241
15.273
15.305
15.337
15.369
15.401
15.433
15.465
15.497
15.529
15.561
15.593
15.625
15.657
15.689
15.721
15.753
15.785
15.817
15.849
15.881
15.913
15.945
15.977
16.009
16.041
16.073
16.105
16.137
16.169
16.201
16.233
16.265
16.297
16.329
16.361
16.393
16.425
16.457
16.489
16.521
16.545
16.568
16.591
16.615
16.638
16.661
16.685
16.708
16.731
16.755
16.778
16.801
16.824
16.848
16.871
16.894
16.918
16.941
16.964
16.988
17.011
17.034
17.058
17.081
17.104
17.128
17.151
17.174
17.198
17.221
17.244
17.267
17.291
17.314
17.337
17.361
17.384
17.407
17.431
17.454
17.477
17.501
17.524
17.547
17.571
17.594
17.617
17.641
17.664
17.687
17.71
17.734
17.757
17.78
17.804
17.827
17.85
17.874
17.897
17.92
18.076
18.233
18.389
18.545
18.701
18.857
19.013
19.169
19.325
19.482
19.638
19.794
19.95
20.106
20.262
20.418
20.574
20.731
20.887
21.043
21.199
21.355
21.511
21.667
21.823
21.98
22.136
22.292
22.448
22.604
22.76
22.916
23.072
23.229
23.385
23.541
23.697
23.853
24.009
24.165
24.322
24.478
24.634
24.79
24.946
25.102
25.258
25.414
25.571
25.727
25.883
26.039
26.195
26.351
26.507
26.663
26.82
26.976
27.132
27.288
27.477
27.666
27.855
28.045
28.234
28.423
28.612
28.801
28.991
29.18
29.369
29.558
29.747
29.936
30.126
30.315
30.504
30.693
30.882
31.071
31.261
31.45
31.639
31.828
32.017
32.207
32.396
32.585
32.774
32.963
33.152
33.342
33.531
33.72
33.909
34.098
34.288
34.477
34.666
34.855
35.044
35.233
35.423
35.612
35.801
35.99
36.179
36.369
36.558
36.747
36.936
37.125
37.314
37.504
37.693
37.882
38.071
38.26
38.449
38.639
38.885
39.132
39.378
39.625
39.872
40.118
40.365
40.611
40.858
41.104
41.351
41.598
41.844
42.091
42.337
42.584
42.831
43.077
43.324
43.57
43.817
44.064
44.31
44.557
44.803
45.05
45.296
45.543
45.79
46.036
46.283
46.529
46.776
47.023
47.269
47.516
47.762
48.009
48.255
48.502
48.749
48.995
49.242
49.488
49.735
49.982
50.228
50.475
50.721
50.968
51.214
51.461
51.708
51.954
52.201
52.447
52.694
52.941
53.187
53.434
53.599
53.765
53.93
54.096
54.262
54.427
54.593
54.758
54.924
55.09
55.255
55.421
55.586
55.752
55.917
56.083
56.249
56.414
56.58
56.745
56.911
57.077
57.242
57.408
57.573
57.739
57.904
58.07
58.236
58.401
58.567
58.732
58.898
59.064
59.229
59.395
59.56
59.726
59.891
60.057
60.223
60.388
60.554
60.719
60.885
61.051
61.216
61.382
61.547
61.713
61.878
62.044
62.21
62.375
62.541
62.706
62.872
63.038
63.203
63.369
63.55
63.732
63.913
64.095
64.276
64.458
64.639
64.821
65.002
65.184
65.365
65.547
65.728
65.91
66.091
66.273
66.455
66.636
66.818
66.999
67.181
67.362
67.544
67.725
67.907
68.088
68.27
68.451
68.633
68.814
68.996
69.177
69.359
69.54
69.722
69.903
70.085
70.266
70.448
70.629
70.811
70.993
71.174
71.356
71.537
71.719
71.9
72.082
72.263
72.445
72.626
72.808
72.989
73.171
73.352
73.534
73.715
73.897
74.078
74.26
74.308
74.357
74.405
74.454
74.503
74.551
74.6
74.648
74.697
74.745
74.794
74.842
74.891
74.939
74.988
75.036
75.085
75.133
75.182
75.231
75.279
75.328
75.376
75.425
75.473
75.522
75.57
75.619
75.667
75.716
75.764
75.813
75.861
75.91
75.959
76.007
76.056
76.104
76.153
76.201
76.25
76.298
76.347
76.395
76.444
76.492
76.541
76.589
76.638
76.687
76.735
76.784
76.832
76.881
76.929
76.978
77.026
77.075
77.123
77.172
77.266
77.359
77.453
77.547
77.641
77.735
77.828
77.922
78.016
78.11
78.204
78.297
78.391
78.485
78.579
78.672
78.766
78.86
78.954
79.048
79.141
79.235
79.329
79.423
79.517
79.61
79.704
79.798
79.892
79.986
80.079
80.173
80.267
80.361
80.454
80.548
80.642
80.736
80.83
80.923
81.017
81.111
81.205
81.299
81.392
81.486
81.58
81.674
81.767
81.861
81.955
82.049
82.143
82.236
82.33
82.424
82.518
82.612
82.705
82.799
82.763
82.728
82.692
82.656
82.62
82.584
82.549
82.513
82.477
82.441
82.405
82.37
82.334
82.298
82.262
82.226
82.191
82.155
82.119
82.083
82.047
82.012
81.976
81.94
81.904
81.869
81.833
81.797
81.761
81.725
81.69
81.654
81.618
81.582
81.546
81.511
81.475
81.439
81.403
81.367
81.332
81.296
81.26
81.224
81.188
81.153
81.117
81.081
81.045
81.009
80.974
80.938
80.902
80.866
80.83
80.795
80.759
80.723
80.687
80.651
81.213
81.774
82.335
82.897
83.458
84.019
84.581
85.142
85.703
86.265
86.826
87.387
87.949
88.51
89.071
89.632
90.194
90.755
91.316
91.878
92.439
93
93.562
94.123
94.684
95.246
95.807
96.368
96.929
97.491
98.052
98.613
99.175
99.736
100.3
100.86
101.42
101.98
102.54
103.1
103.67
104.23
104.79
105.35
105.91
106.47
107.03
107.59
108.16
108.72
109.28
109.84
110.4
110.96
111.52
112.08
112.65
113.21
113.77
114.33
114.46
114.59
114.73
114.86
114.99
115.12
115.25
115.38
115.52
115.65
115.78
115.91
116.04
116.17
116.31
116.44
116.57
116.7
116.83
116.97
117.1
117.23
117.36
117.49
117.62
117.76
117.89
118.02
118.15
118.28
118.41
118.55
118.68
118.81
118.94
119.07
119.21
119.34
119.47
119.6
119.73
119.86
120
120.13
120.26
120.39
120.52
120.65
120.79
120.92
121.05
121.18
121.31
121.45
121.58
121.71
121.84
121.97
122.1
122.24
122.01
121.79
121.56
121.34
121.11
120.89
120.66
120.44
120.21
119.99
119.77
119.54
119.32
119.09
118.87
118.64
118.42
118.19
117.97
117.74
117.52
117.3
117.07
116.85
116.62
116.4
116.17
115.95
115.72
115.5
115.27
115.05
114.83
114.6
114.38
114.15
113.93
113.7
113.48
113.25
113.03
112.8
112.58
112.36
112.13
111.91
111.68
111.46
111.23
111.01
110.78
110.56
110.33
110.11
109.89
109.66
109.44
109.21
108.99
108.76
108.39
108.02
107.65
107.28
106.91
106.54
106.17
105.8
105.43
105.06
104.69
104.32
103.95
103.58
103.21
102.84
102.47
102.1
101.73
101.36
100.99
100.62
100.25
99.885
99.515
99.145
98.775
98.405
98.035
97.666
97.296
96.926
96.556
96.186
95.816
95.446
95.076
94.706
94.336
93.967
93.597
93.227
92.857
92.487
92.117
91.747
91.377
91.007
90.637
90.268
89.898
89.528
89.158
88.788
88.418
88.048
87.678
87.308
86.939
86.569
86.831
87.093
87.356
87.618
87.88
88.143
88.405
88.668
88.93
89.192
89.455
89.717
89.979
90.242
90.504
90.767
91.029
91.291
91.554
91.816
92.078
92.341
92.603
92.866
93.128
93.39
93.653
93.915
94.177
94.44
94.702
94.965
95.227
95.489
95.752
96.014
96.276
96.539
96.801
97.064
97.326
97.588
97.851
98.113
98.375
98.638
98.9
99.163
99.425
99.687
99.95
100.21
100.47
100.74
101
101.26
101.52
101.79
102.05
102.31
102.12
101.92
101.72
101.53
101.33
101.14
100.94
100.74
100.55
100.35
100.16
99.96
99.764
99.568
99.372
99.176
98.98
98.784
98.588
98.392
98.196
98
97.804
97.609
97.413
97.217
97.021
96.825
96.629
96.433
96.237
96.041
95.845
95.649
95.453
95.257
95.061
94.865
94.669
94.474
94.278
94.082
93.886
93.69
93.494
93.298
93.102
92.906
92.71
92.514
92.318
92.122
91.926
91.73
91.534
91.338
91.143
90.947
90.751
90.555
90.306
90.058
89.809
89.561
89.312
89.064
88.816
88.567
88.319
88.07
87.822
87.573
87.325
87.076
86.828
86.58
86.331
86.083
85.834
85.586
85.337
85.089
84.84
84.592
84.343
84.095
83.847
83.598
83.35
83.101
82.853
82.604
82.356
82.107
81.859
81.61
81.362
81.114
80.865
80.617
80.368
80.12
79.871
79.623
79.374
79.126
78.878
78.629
78.381
78.132
77.884
77.635
77.387
77.138
76.89
76.641
76.393
76.145
75.896
75.648
75.36
75.073
74.786
74.499
74.211
73.924
73.637
73.349
73.062
72.775
72.488
72.2
71.913
71.626
71.339
71.051
70.764
70.477
70.189
69.902
69.615
69.328
69.04
68.753
68.466
68.178
67.891
67.604
67.317
67.029
66.742
66.455
66.168
65.88
65.593
65.306
65.018
64.731
64.444
64.157
63.869
63.582
63.295
63.007
62.72
62.433
62.146
61.858
61.571
61.284
60.997
60.709
60.422
60.135
59.847
59.56
59.273
58.986
58.698
58.411
58.145
57.879
57.613
57.347
57.081
56.815
56.549
56.283
56.017
55.75
55.484
55.218
54.952
54.686
54.42
54.154
53.888
53.622
53.356
53.09
52.824
52.558
52.292
52.026
51.76
51.494
51.227
50.961
50.695
50.429
50.163
49.897
49.631
49.365
49.099
48.833
48.567
48.301
48.035
47.769
47.503
47.237
46.971
46.704
46.438
46.172
45.906
45.64
45.374
45.108
44.842
44.576
44.31
44.044
43.778
43.512
43.246
42.98
42.714
42.447
42.208
41.969
41.73
41.49
41.251
41.012
40.772
40.533
40.294
40.054
39.815
39.576
39.336
39.097
38.858
38.618
38.379
38.14
37.9
37.661
37.422
37.182
36.943
36.704
36.465
36.225
35.986
35.747
35.507
35.268
35.029
34.789
34.55
34.311
34.071
33.832
33.593
33.353
33.114
32.875
32.635
32.396
32.157
31.917
31.678
31.439
31.199
30.96
30.721
30.482
30.242
30.003
29.764
29.524
29.285
29.046
28.806
28.567
28.328
28.088
27.917
27.745
27.573
27.402
27.23
27.058
26.887
26.715
26.543
26.372
26.2
26.028
25.857
25.685
25.513
25.342
25.17
24.998
24.827
24.655
24.483
24.312
24.14
23.968
23.797
23.625
23.453
23.282
23.11
22.938
22.767
22.595
22.423
22.252
22.08
21.908
21.736
21.565
21.393
21.221
21.05
20.878
20.706
20.535
20.363
20.191
20.02
19.848
19.676
19.505
19.333
19.161
18.99
18.818
18.646
18.475
18.303
18.131
17.96
17.788
17.674
17.561
17.447
17.333
17.22
17.106
16.992
16.879
16.765
16.651
16.538
16.424
16.31
16.197
16.083
15.969
15.856
15.742
15.629
15.515
15.401
15.288
15.174
15.06
14.947
14.833
14.719
14.606
14.492
14.378
14.265
14.151
14.037
13.924
13.81
13.696
13.583
13.469
13.355
13.242
13.128
13.014
12.901
12.787
12.673
12.56
12.446
12.332
12.219
12.105
11.991
11.878
11.764
11.65
11.537
11.423
11.309
11.196
11.082
10.968
10.907
10.845
10.783
10.721
10.659
10.598
10.536
10.474
10.412
10.35
10.289
10.227
10.165
10.103
10.041
9.9795
9.9177
9.8558
9.794
9.7322
9.6704
9.6086
9.5468
9.485
9.4232
9.3613
9.2995
9.2377
9.1759
9.1141
9.0523
8.9905
8.9287
8.8668
8.805
8.7432
8.6814
8.6196
8.5578
8.496
8.4342
8.3723
8.3105
8.2487
8.1869
8.1251
8.0633
8.0015
7.9397
7.8778
7.816
7.7542
7.6924
7.6306
7.5688
7.507
7.4452
7.3833
7.3215
7.2597
7.2521
7.2444
7.2367
7.2291
7.2214
7.2137
7.2061
7.1984
7.1908
7.1831
7.1754
7.1678
7.1601
7.1525
7.1448
7.1371
7.1295
7.1218
7.1141
7.1065
7.0988
7.0912
7.0835
7.0758
7.0682
7.0605
7.0528
7.0452
7.0375
7.0299
7.0222
7.0145
7.0069
6.9992
6.9916
6.9839
6.9762
6.9686
6.9609
6.9532
6.9456
6.9379
6.9303
6.9226
6.9149
6.9073
6.8996
6.8919
6.8843
6.8766
6.869
6.8613
6.8536
6.846
6.8383
6.8306
6.823
6.8153
6.8077
6.8
7.0862
7.3724
7.6585
7.9447
8.2309
8.5171
8.8033
9.0894
9.3756
9.6618
9.948
10.234
10.52
10.807
11.093
11.379
11.665
11.951
12.237
12.524
12.81
13.096
13.382
13.668
13.954
14.241
14.527
14.813
15.099
15.385
15.672
15.958
16.244
16.53
16.816
17.102
17.389
17.675
17.961
18.247
18.533
18.82
19.106
19.392
19.678
19.964
20.25
20.537
20.823
21.109
21.395
21.681
21.968
22.254
22.54
22.826
23.112
23.398
23.685
23.971
24.281
24.591
24.901
25.211
25.521
25.832
26.142
26.452
26.762
27.072
27.382
27.692
28.003
28.313
28.623
28.933
29.243
29.553
29.863
30.174
30.484
30.794
31.104
31.414
31.724
32.034
32.345
32.655
32.965
33.275
33.585
33.895
34.205
34.515
34.826
35.136
35.446
35.756
36.066
36.376
36.686
36.997
37.307
37.617
37.927
38.237
38.547
38.857
39.168
39.478
39.788
40.098
40.408
40.718
41.028
41.339
41.649
41.959
42.269
42.579
43.083
43.587
44.091
44.596
45.1
45.604
46.108
46.612
47.116
47.62
48.124
48.629
49.133
49.637
50.141
50.645
51.149
51.653
52.157
52.662
53.166
53.67
54.174
54.678
55.182
55.686
56.19
56.694
57.199
57.703
58.207
58.711
59.215
59.719
60.223
60.727
61.232
61.736
62.24
62.744
63.248
63.752
64.256
64.76
65.265
65.769
66.273
66.777
67.281
67.785
68.289
68.793
69.298
69.802
70.306
70.81
71.314
71.818
72.322
72.826
73.521
74.216
74.911
75.606
76.301
76.996
77.691
78.385
79.08
79.775
80.47
81.165
81.86
82.555
83.25
83.945
84.639
85.334
86.029
86.724
87.419
88.114
88.809
89.504
90.199
90.893
91.588
92.283
92.978
93.673
94.368
95.063
95.758
96.453
97.147
97.842
98.537
99.232
99.927
100.62
101.32
102.01
102.71
103.4
104.1
104.79
105.49
106.18
106.88
107.57
108.27
108.96
109.66
110.35
111.05
111.74
112.44
113.13
113.82
114.52
115.3
116.08
116.86
117.64
118.42
119.2
119.98
120.77
121.55
122.33
123.11
123.89
124.67
125.45
126.23
127.01
127.79
128.57
129.35
130.13
130.91
131.69
132.47
133.26
134.04
134.82
135.6
136.38
137.16
137.94
138.72
139.5
140.28
141.06
141.84
142.62
143.4
144.18
144.97
145.75
146.53
147.31
148.09
148.87
149.65
150.43
151.21
151.99
152.77
153.55
154.33
155.11
155.89
156.68
157.46
158.24
159.02
159.8
160.58
161.36
162.32
163.28
164.24
165.2
166.17
167.13
168.09
169.05
170.01
170.97
171.93
172.89
173.86
174.82
175.78
176.74
177.7
178.66
179.62
180.58
181.54
182.51
183.47
184.43
185.39
186.35
187.31
188.27
189.23
190.2
191.16
192.12
193.08
194.04
195
195.96
196.92
197.89
198.85
199.81
200.77
201.73
202.69
203.65
204.61
205.57
206.54
207.5
208.46
209.42
210.38
211.34
212.3
213.26
214.23
215.19
216.15
217.11
218.07
219.03
220.8
222.56
224.33
226.09
227.86
229.62
231.39
233.16
234.92
236.69
238.45
240.22
241.98
243.75
245.51
247.28
249.04
250.81
252.58
254.34
256.11
257.87
259.64
261.4
263.17
264.93
266.7
268.47
270.23
272
273.76
275.53
277.29
279.06
280.82
282.59
284.35
286.12
287.89
289.65
291.42
293.18
294.95
296.71
298.48
300.24
302.01
303.77
305.54
307.31
309.07
310.84
312.6
314.37
316.13
317.9
319.66
321.43
323.19
324.96
325.96
326.96
327.96
328.95
329.95
330.95
331.95
332.95
333.95
334.94
335.94
336.94
337.94
338.94
339.94
340.93
341.93
342.93
343.93
344.93
345.93
346.92
347.92
348.92
349.92
350.92
351.92
352.92
353.91
354.91
355.91
356.91
357.91
358.91
359.9
360.9
361.9
362.9
363.9
364.9
365.89
366.89
367.89
368.89
369.89
370.89
371.88
372.88
373.88
374.88
375.88
376.88
377.87
378.87
379.87
380.87
381.87
382.87
383.86
384.86
385.71
386.56
387.41
388.26
389.11
389.95
390.8
391.65
392.5
393.35
394.2
395.05
395.89
396.74
397.59
398.44
399.29
400.14
400.99
401.83
402.68
403.53
404.38
405.23
406.08
406.93
407.78
408.62
409.47
410.32
411.17
412.02
412.87
413.72
414.56
415.41
416.26
417.11
417.96
418.81
419.66
420.5
421.35
422.2
423.05
423.9
424.75
425.6
426.44
427.29
428.14
428.99
429.84
430.69
431.54
432.38
433.23
434.08
434.93
435.78
436.43
437.09
437.74
438.39
439.05
439.7
440.35
441.01
441.66
442.31
442.97
443.62
444.27
444.93
445.58
446.24
446.89
447.54
448.2
448.85
449.5
450.16
450.81
451.46
452.12
452.77
453.42
454.08
454.73
455.39
456.04
456.69
457.35
458
458.65
459.31
459.96
460.61
461.27
461.92
462.57
463.23
463.88
464.54
465.19
465.84
466.5
467.15
467.8
468.46
469.11
469.76
470.42
471.07
471.72
472.38
473.03
473.69
474.34
474.99
475.59
476.18
476.78
477.37
477.97
478.57
479.16
479.76
480.35
480.95
481.54
482.14
482.73
483.33
483.92
484.52
485.11
485.71
486.31
486.9
487.5
488.09
488.69
489.28
489.88
490.47
491.07
491.66
492.26
492.85
493.45
494.05
494.64
495.24
495.83
496.43
497.02
497.62
498.21
498.81
499.4
500
500.59
501.19
501.79
502.38
502.98
503.57
504.17
504.76
505.36
505.95
506.55
507.14
507.74
508.34
508.93
509.53
510.12
510.72
510.72
510.72
510.72
510.72
510.73
510.73
510.73
510.73
510.73
510.73
510.74
510.74
510.74
510.74
510.74
510.75
510.75
510.75
510.75
510.75
510.75
510.76
510.76
510.76
510.76
510.76
510.77
510.77
510.77
510.77
510.77
510.78
510.78
510.78
510.78
510.78
510.78
510.79
510.79
510.79
510.79
510.79
510.8
510.8
510.8
510.8
510.8
510.8
510.81
510.81
510.81
510.81
510.81
510.82
510.82
510.82
510.82
510.82
510.82
510.83
510.65
510.47
510.3
510.12
509.94
509.76
509.59
509.41
509.23
509.06
508.88
508.7
508.52
508.35
508.17
507.99
507.82
507.64
507.46
507.29
507.11
506.93
506.75
506.58
506.4
506.22
506.05
505.87
505.69
505.52
505.34
505.16
504.98
504.81
504.63
504.45
504.28
504.1
503.92
503.75
503.57
503.39
503.21
503.04
502.86
502.68
502.51
502.33
502.15
501.98
501.8
501.62
501.44
501.27
501.09
500.91
500.74
500.56
500.38
500.21
499.62
499.03
498.44
497.85
497.26
496.67
496.08
495.49
494.9
494.31
493.73
493.14
492.55
491.96
491.37
490.78
490.19
489.6
489.01
488.42
487.83
487.25
486.66
486.07
485.48
484.89
484.3
483.71
483.12
482.53
481.94
481.35
480.77
480.18
479.59
479
478.41
477.82
477.23
476.64
476.05
475.46
474.87
474.29
473.7
473.11
472.52
471.93
471.34
470.75
470.16
469.57
468.98
468.4
467.81
467.22
466.63
466.04
465.45
464.86
463.91
462.95
462
461.05
460.09
459.14
458.19
457.24
456.28
455.33
454.38
453.42
452.47
451.52
450.56
449.61
448.66
447.7
446.75
445.8
444.84
443.89
442.94
441.98
441.03
440.08
439.12
438.17
437.22
436.27
435.31
434.36
433.41
432.45
431.5
430.55
429.59
428.64
427.69
426.73
425.78
424.83
423.87
422.92
421.97
421.01
420.06
419.11
418.16
417.2
416.25
415.3
414.34
413.39
412.44
411.48
410.53
409.58
408.62
407.67
406.9
406.14
405.37
404.61
403.84
403.08
402.31
401.55
400.78
400.01
399.25
398.48
397.72
396.95
396.19
395.42
394.65
393.89
393.12
392.36
391.59
390.83
390.06
389.3
388.53
387.76
387
386.23
385.47
384.7
383.94
383.17
382.41
381.64
380.87
380.11
379.34
378.58
377.81
377.05
376.28
375.51
374.75
373.98
373.22
372.45
371.69
370.92
370.16
369.39
368.62
367.86
367.09
366.33
365.56
364.8
364.03
363.26
362.5
361.73
360.36
358.98
357.6
356.22
354.84
353.47
352.09
350.71
349.33
347.96
346.58
345.2
343.82
342.44
341.07
339.69
338.31
336.93
335.56
334.18
332.8
331.42
330.04
328.67
327.29
325.91
324.53
323.15
321.78
320.4
319.02
317.64
316.27
314.89
313.51
312.13
310.75
309.38
308
306.62
305.24
303.87
302.49
301.11
299.73
298.35
296.98
295.6
294.22
292.84
291.47
290.09
288.71
287.33
285.95
284.58
283.2
281.82
280.44
279.06
277.75
276.45
275.14
273.83
272.52
271.21
269.9
268.59
267.28
265.97
264.66
263.35
262.04
260.73
259.42
258.11
256.8
255.49
254.18
252.87
251.56
250.25
248.94
247.63
246.32
245.01
243.7
242.39
241.08
239.77
238.46
237.15
235.84
234.53
233.22
231.91
230.6
229.29
227.99
226.68
225.37
224.06
222.75
221.44
220.13
218.82
217.51
216.2
214.89
213.58
212.27
210.96
209.65
208.34
207.03
205.72
204.41
203.1
201.79
200.48
199.43
198.38
197.33
196.28
195.23
194.17
193.12
192.07
191.02
189.97
188.92
187.87
186.82
185.76
184.71
183.66
182.61
181.56
180.51
179.46
178.41
177.36
176.3
175.25
174.2
173.15
172.1
171.05
170
168.95
167.9
166.84
165.79
164.74
163.69
162.64
161.59
160.54
159.49
158.44
157.38
156.33
155.28
154.23
153.18
152.13
151.08
150.03
148.98
147.92
146.87
145.82
144.77
143.72
142.67
141.62
140.57
139.51
138.46
137.41
136.36
135.31
134.26
133.22
132.17
131.12
130.07
129.02
127.97
126.92
125.87
124.82
123.77
122.72
121.67
120.62
119.57
118.52
117.48
116.43
115.38
114.33
113.28
112.23
111.18
110.13
109.08
108.03
106.98
105.93
104.88
103.83
102.79
101.74
100.69
99.637
98.588
97.538
96.489
95.44
94.39
93.341
92.292
91.243
90.193
89.144
88.095
87.045
85.996
84.947
83.897
82.848
81.799
80.749
79.7
78.651
77.601
76.552
75.503
74.453
73.847
73.241
72.635
72.028
71.422
70.816
70.209
69.603
68.997
68.39
67.784
67.178
66.572
65.965
65.359
64.753
64.146
63.54
62.934
62.328
61.721
61.115
60.509
59.902
59.296
58.69
58.084
57.477
56.871
56.265
55.658
55.052
54.446
53.84
53.233
52.627
52.021
51.414
50.808
50.202
49.596
48.989
48.383
47.777
47.17
46.564
45.958
45.352
44.745
44.139
43.533
42.926
42.32
41.714
41.108
40.501
39.895
39.289
38.682
38.076
37.745
37.413
37.082
36.75
36.419
36.087
35.756
35.424
35.093
34.762
34.43
34.099
33.767
33.436
33.104
32.773
32.441
32.11
31.778
31.447
31.115
30.784
30.453
30.121
29.79
29.458
29.127
28.795
28.464
28.132
27.801
27.469
27.138
26.806
26.475
26.144
25.812
25.481
25.149
24.818
24.486
24.155
23.823
23.492
23.16
22.829
22.497
22.166
21.835
21.503
21.172
20.84
20.509
20.177
19.846
19.514
19.183
18.851
18.52
18.188
17.993
17.798
17.603
17.407
17.212
17.017
16.821
16.626
16.431
16.235
16.04
15.845
15.649
15.454
15.259
15.063
14.868
14.673
14.477
14.282
14.087
13.891
13.696
13.501
13.305
13.11
12.915
12.719
12.524
12.329
12.133
11.938
11.743
11.548
11.352
11.157
10.962
10.766
10.571
10.376
10.18
9.985
9.7896
9.5943
9.399
9.2037
9.0083
8.813
8.6177
8.4224
8.2271
8.0317
7.8364
7.6411
7.4458
7.2505
7.0551
6.8598
6.6645
6.4692
6.4717
6.4743
6.4768
6.4794
6.4819
6.4845
6.487
6.4896
6.4921
6.4947
6.4973
6.4998
6.5024
6.5049
6.5075
6.51
6.5126
6.5151
6.5177
6.5202
6.5228
6.5253
6.5279
6.5304
6.533
6.5356
6.5381
6.5407
6.5432
6.5458
6.5483
6.5509
6.5534
6.556
6.5585
6.5611
6.5636
6.5662
6.5687
6.5713
6.5738
6.5764
6.579
6.5815
6.5841
6.5866
6.5892
6.5917
6.5943
6.5968
6.5994
6.6019
6.6045
6.607
6.6096
6.6121
6.6147
6.6173
6.6198
6.6224
6.7399
6.8574
6.975
7.0925
7.21
7.3276
7.4451
7.5626
7.6802
7.7977
7.9152
8.0327
8.1503
8.2678
8.3853
8.5029
8.6204
8.7379
8.8555
8.973
9.0905
9.2081
9.3256
9.4431
9.5607
9.6782
9.7957
9.9133
10.031
10.148
10.266
10.383
10.501
10.618
10.736
10.854
10.971
11.089
11.206
11.324
11.441
11.559
11.676
11.794
11.911
12.029
12.146
12.264
12.381
12.499
12.617
12.734
12.852
12.969
13.087
13.204
13.322
13.439
13.557
13.674
13.925
14.176
14.427
14.677
14.928
15.179
15.43
15.68
15.931
16.182
16.433
16.683
16.934
17.185
17.436
17.686
17.937
18.188
18.439
18.69
18.94
19.191
19.442
19.693
19.943
20.194
20.445
20.696
20.946
21.197
21.448
21.699
21.949
22.2
22.451
22.702
22.952
23.203
23.454
23.705
23.956
24.206
24.457
24.708
24.959
25.209
25.46
25.711
25.962
26.212
26.463
26.714
26.965
27.215
27.466
27.717
27.968
28.218
28.469
28.72
29.225
29.729
30.234
30.739
31.244
31.748
32.253
32.758
33.262
33.767
34.272
34.777
35.281
35.786
36.291
36.795
37.3
37.805
38.309
38.814
39.319
39.824
40.328
40.833
41.338
41.842
42.347
42.852
43.357
43.861
44.366
44.871
45.375
45.88
46.385
46.89
47.394
47.899
48.404
48.908
49.413
49.918
50.423
50.927
51.432
51.937
52.441
52.946
53.451
53.955
54.46
54.965
55.47
55.974
56.479
56.984
57.488
57.993
58.498
59.003
59.76
60.517
61.274
62.031
62.789
63.546
64.303
65.06
65.817
66.575
67.332
68.089
68.846
69.604
70.361
71.118
71.875
72.632
73.39
74.147
74.904
75.661
76.418
77.176
77.933
78.69
79.447
80.204
80.962
81.719
82.476
83.233
83.99
84.748
85.505
86.262
87.019
87.777
88.534
89.291
90.048
90.805
91.563
92.32
93.077
93.834
94.591
95.349
96.106
96.863
97.62
98.377
99.135
99.892
100.65
101.41
102.16
102.92
103.68
104.44
105.31
106.19
107.07
107.95
108.83
109.7
110.58
111.46
112.34
113.22
114.1
114.97
115.85
116.73
117.61
118.49
119.37
120.24
121.12
122
122.88
123.76
124.63
125.51
126.39
127.27
128.15
129.03
129.9
130.78
131.66
132.54
133.42
134.3
135.17
136.05
136.93
137.81
138.69
139.56
140.44
141.32
142.2
143.08
143.96
144.83
145.71
146.59
147.47
148.35
149.23
150.1
150.98
151.86
152.74
153.62
154.49
155.37
156.25
157.13
158.28
159.44
160.59
161.75
162.9
164.05
165.21
166.36
167.51
168.67
169.82
170.98
172.13
173.28
174.44
175.59
176.75
177.9
179.05
180.21
181.36
182.52
183.67
184.82
185.98
187.13
188.29
189.44
190.59
191.75
192.9
194.06
195.21
196.36
197.52
198.67
199.83
200.98
202.13
203.29
204.44
205.59
206.75
207.9
209.06
210.21
211.36
212.52
213.67
214.83
215.98
217.13
218.29
219.44
220.6
221.75
222.9
224.06
225.21
226.37
227.66
228.96
230.26
231.55
232.85
234.15
235.44
236.74
238.04
239.33
240.63
241.93
243.22
244.52
245.82
247.11
248.41
249.71
251
252.3
253.6
254.89
256.19
257.49
258.78
260.08
261.38
262.67
263.97
265.27
266.56
267.86
269.15
270.45
271.75
273.04
274.34
275.64
276.93
278.23
279.53
280.82
282.12
283.42
284.71
286.01
287.31
288.6
289.9
291.2
292.49
293.79
295.09
296.38
297.68
298.98
300.27
301.57
302.87
304.16
305.31
306.46
307.61
308.76
309.91
311.06
312.21
313.36
314.51
315.65
316.8
317.95
319.1
320.25
321.4
322.55
323.7
324.85
325.99
327.14
328.29
329.44
330.59
331.74
332.89
334.04
335.19
336.33
337.48
338.63
339.78
340.93
342.08
343.23
344.38
345.53
346.68
347.82
348.97
350.12
351.27
352.42
353.57
354.72
355.87
357.02
358.16
359.31
360.46
361.61
362.76
363.91
365.06
366.21
367.36
368.51
369.65
370.8
371.95
373.1
373.8
374.49
375.19
375.88
376.58
377.28
377.97
378.67
379.36
380.06
380.75
381.45
382.15
382.84
383.54
384.23
384.93
385.62
386.32
387.02
387.71
388.41
389.1
389.8
390.5
391.19
391.89
392.58
393.28
393.97
394.67
395.37
396.06
396.76
397.45
398.15
398.84
399.54
400.24
400.93
401.63
402.32
403.02
403.71
404.41
405.11
405.8
406.5
407.19
407.89
408.59
409.28
409.98
410.67
411.37
412.06
412.76
413.46
414.15
414.85
414.68
414.51
414.33
414.16
413.99
413.82
413.65
413.48
413.31
413.14
412.97
412.8
412.62
412.45
412.28
412.11
411.94
411.77
411.6
411.43
411.26
411.09
410.91
410.74
410.57
410.4
410.23
410.06
409.89
409.72
409.55
409.38
409.2
409.03
408.86
408.69
408.52
408.35
408.18
408.01
407.84
407.67
407.5
407.32
407.15
406.98
406.81
406.64
406.47
406.3
406.13
405.96
405.79
405.61
405.44
405.27
405.1
404.93
404.76
404.59
404.77
404.96
405.15
405.33
405.52
405.7
405.89
406.07
406.26
406.45
406.63
406.82
407
407.19
407.37
407.56
407.74
407.93
408.12
408.3
408.49
408.67
408.86
409.04
409.23
409.42
409.6
409.79
409.97
410.16
410.34
410.53
410.71
410.9
411.09
411.27
411.46
411.64
411.83
412.01
412.2
412.39
412.57
412.76
412.94
413.13
413.31
413.5
413.69
413.87
414.06
414.24
414.43
414.61
414.8
414.98
415.17
415.36
415.54
415.73
416.36
416.99
417.63
418.26
418.89
419.53
420.16
420.79
421.42
422.06
422.69
423.32
423.96
424.59
425.22
425.86
426.49
427.12
427.76
428.39
429.02
429.65
430.29
430.92
431.55
432.19
432.82
433.45
434.09
434.72
435.35
435.98
436.62
437.25
437.88
438.52
439.15
439.78
440.42
441.05
441.68
442.32
442.95
443.58
444.21
444.85
445.48
446.11
446.75
447.38
448.01
448.65
449.28
449.91
450.55
451.18
451.81
452.44
453.08
453.71
453.14
452.56
451.99
451.42
450.84
450.27
449.7
449.12
448.55
447.98
447.4
446.83
446.26
445.68
445.11
444.54
443.97
443.39
442.82
442.25
441.67
441.1
440.53
439.95
439.38
438.81
438.23
437.66
437.09
436.51
435.94
435.37
434.79
434.22
433.65
433.07
432.5
431.93
431.35
430.78
430.21
429.63
429.06
428.49
427.91
427.34
426.77
426.19
425.62
425.05
424.47
423.9
423.33
422.75
422.18
421.61
421.03
420.46
419.89
419.31
418.57
417.82
417.07
416.32
415.57
414.82
414.07
413.32
412.57
411.82
411.07
410.32
409.57
408.83
408.08
407.33
406.58
405.83
405.08
404.33
403.58
402.83
402.08
401.33
400.58
399.83
399.09
398.34
397.59
396.84
396.09
395.34
394.59
393.84
393.09
392.34
391.59
390.84
390.09
389.35
388.6
387.85
387.1
386.35
385.6
384.85
384.1
383.35
382.6
381.85
381.1
380.35
379.61
378.86
378.11
377.36
376.61
375.86
375.11
374.36
373.41
372.46
371.51
370.56
369.61
368.66
367.71
366.76
365.81
364.86
363.91
362.96
362.01
361.06
360.11
359.16
358.21
357.26
356.31
355.36
354.41
353.46
352.51
351.56
350.61
349.66
348.71
347.76
346.81
345.86
344.91
343.96
343.01
342.06
341.11
340.16
339.21
338.26
337.31
336.36
335.41
334.46
333.51
332.56
331.61
330.66
329.71
328.76
327.81
326.86
325.91
324.96
324.01
323.06
322.11
321.16
320.22
319.27
318.32
317.37
316.33
315.3
314.27
313.23
312.2
311.17
310.13
309.1
308.07
307.03
306
304.97
303.93
302.9
301.87
300.83
299.8
298.77
297.73
296.7
295.67
294.64
293.6
292.57
291.54
290.5
289.47
288.44
287.4
286.37
285.34
284.3
283.27
282.24
281.2
280.17
279.14
278.1
277.07
276.04
275
273.97
272.94
271.91
270.87
269.84
268.81
267.77
266.74
265.71
264.67
263.64
262.61
261.57
260.54
259.51
258.47
257.44
256.41
255.37
254.39
253.4
252.41
251.42
250.43
249.44
248.46
247.47
246.48
245.49
244.5
243.51
242.52
241.54
240.55
239.56
238.57
237.58
236.59
235.61
234.62
233.63
232.64
231.65
230.66
229.68
228.69
227.7
226.71
225.72
224.73
223.74
222.76
221.77
220.78
219.79
218.8
217.81
216.83
215.84
214.85
213.86
212.87
211.88
210.89
209.91
208.92
207.93
206.94
205.95
204.96
203.98
202.99
202
201.01
200.02
199.03
198.04
197.06
196.07
194.96
193.85
192.74
191.63
190.52
189.41
188.3
187.19
186.08
184.97
183.86
182.75
181.64
180.53
179.42
178.32
177.21
176.1
174.99
173.88
172.77
171.66
170.55
169.44
168.33
167.22
166.11
165
163.89
162.78
161.67
160.56
159.45
158.34
157.23
156.12
155.01
153.9
152.8
151.69
150.58
149.47
148.36
147.25
146.14
145.03
143.92
142.81
141.7
140.59
139.48
138.37
137.26
136.15
135.04
133.93
132.82
131.71
130.6
129.49
128.86
128.23
127.6
126.97
126.33
125.7
125.07
124.44
123.8
123.17
122.54
121.91
121.28
120.64
120.01
119.38
118.75
118.11
117.48
116.85
116.22
115.59
114.95
114.32
113.69
113.06
112.42
111.79
111.16
110.53
109.9
109.26
108.63
108
107.37
106.73
106.1
105.47
104.84
104.21
103.57
102.94
102.31
101.68
101.04
100.41
99.78
99.148
98.516
97.884
97.251
96.619
95.987
95.355
94.722
94.09
93.458
92.826
92.194
91.561
90.964
90.367
89.77
89.173
88.576
87.978
87.381
86.784
86.187
85.59
84.993
84.395
83.798
83.201
82.604
82.007
81.41
80.812
80.215
79.618
79.021
78.424
77.827
77.229
76.632
76.035
75.438
74.841
74.244
73.646
73.049
72.452
71.855
71.258
70.661
70.063
69.466
68.869
68.272
67.675
67.078
66.481
65.883
65.286
64.689
64.092
63.495
62.898
62.3
61.703
61.106
60.509
59.912
59.315
58.717
58.12
57.523
56.926
56.329
55.732
55.233
54.734
54.235
53.737
53.238
52.739
52.24
51.742
51.243
50.744
50.246
49.747
49.248
48.749
48.251
47.752
47.253
46.754
46.256
45.757
45.258
44.76
44.261
43.762
43.263
42.765
42.266
41.767
41.268
40.77
40.271
39.772
39.274
38.775
38.276
37.777
37.279
36.78
36.281
35.782
35.284
34.785
34.286
33.788
33.289
32.79
32.291
31.793
31.294
30.795
30.296
29.798
29.299
28.8
28.302
27.803
27.304
26.805
26.307
25.808
25.581
25.355
25.128
24.902
24.676
24.449
24.223
23.996
23.77
23.543
23.317
23.09
22.864
22.637
22.411
22.184
21.958
21.731
21.505
21.278
21.052
20.825
20.599
20.372
20.146
19.919
19.693
19.467
19.24
19.014
18.787
18.561
18.334
18.108
17.881
17.655
17.428
17.202
16.975
16.749
16.522
16.296
16.069
15.843
15.616
15.39
15.163
14.937
14.711
14.484
14.258
14.031
13.805
13.578
13.352
13.125
12.899
12.672
12.446
12.219
12.144
12.069
11.994
11.919
11.844
11.769
11.694
11.619
11.544
11.469
11.394
11.319
11.244
11.169
11.094
11.019
10.944
10.869
10.794
10.719
10.644
10.569
10.494
10.419
10.344
10.269
10.194
10.119
10.044
9.9687
9.8937
9.8187
9.7437
9.6687
9.5937
9.5186
9.4436
9.3686
9.2936
9.2186
9.1436
9.0685
8.9935
8.9185
8.8435
8.7685
8.6935
8.6184
8.5434
8.4684
8.3934
8.3184
8.2434
8.1683
8.0933
8.0183
7.9433
7.8683
7.7933
7.7182
7.7229
7.7275
7.7322
7.7368
7.7415
7.7461
7.7507
7.7554
7.76
7.7647
7.7693
7.7739
7.7786
7.7832
7.7879
7.7925
7.7972
7.8018
7.8064
7.8111
7.8157
7.8204
7.825
7.8296
7.8343
7.8389
7.8436
7.8482
7.8529
7.8575
7.8621
7.8668
7.8714
7.8761
7.8807
7.8854
7.89
7.8946
7.8993
7.9039
7.9086
7.9132
7.9178
7.9225
7.9271
7.9318
7.9364
7.9411
7.9457
7.9503
7.955
7.9596
7.9643
7.9689
7.9735
7.9782
7.9828
7.9875
7.9921
7.9968
8.1401
8.2835
8.4268
8.5702
8.7135
8.8569
9.0002
9.1436
9.287
9.4303
9.5737
9.717
9.8604
10.004
10.147
10.29
10.434
10.577
10.721
10.864
11.007
11.151
11.294
11.437
11.581
11.724
11.867
12.011
12.154
12.297
12.441
12.584
12.727
12.871
13.014
13.158
13.301
13.444
13.588
13.731
13.874
14.018
14.161
14.304
14.448
14.591
14.734
14.878
15.021
15.165
15.308
15.451
15.595
15.738
15.881
16.025
16.168
16.311
16.455
16.598
16.961
17.324
17.687
18.05
18.413
18.776
19.138
19.501
19.864
20.227
20.59
20.953
21.316
21.679
22.042
22.405
22.768
23.13
23.493
23.856
24.219
24.582
24.945
25.308
25.671
26.034
26.397
26.76
27.122
27.485
27.848
28.211
28.574
28.937
29.3
29.663
30.026
30.389
30.752
31.115
31.477
31.84
32.203
32.566
32.929
33.292
33.655
34.018
34.381
34.744
35.107
35.469
35.832
36.195
36.558
36.921
37.284
37.647
38.01
38.373
38.936
39.5
40.063
40.626
41.19
41.753
42.317
42.88
43.443
44.007
44.57
45.134
45.697
46.26
46.824
47.387
47.951
48.514
49.077
49.641
50.204
50.768
51.331
51.894
52.458
53.021
53.585
54.148
54.711
55.275
55.838
56.401
56.965
57.528
58.092
58.655
59.218
59.782
60.345
60.909
61.472
62.035
62.599
63.162
63.726
64.289
64.852
65.416
65.979
66.543
67.106
67.669
68.233
68.796
69.36
69.923
70.486
71.05
71.613
72.177
72.937
73.697
74.457
75.217
75.976
76.736
77.496
78.256
79.016
79.776
80.536
81.296
82.056
82.816
83.576
84.336
85.096
85.856
86.616
87.376
88.136
88.896
89.656
90.416
91.176
91.936
92.696
93.456
94.216
94.976
95.736
96.495
97.255
98.015
98.775
99.535
100.3
101.06
101.82
102.58
103.34
104.1
104.86
105.62
106.38
107.13
107.89
108.65
109.41
110.17
110.93
111.69
112.45
113.21
113.97
114.73
115.49
116.25
117.01
117.77
118.68
119.58
120.49
121.39
122.3
123.2
124.1
125.01
125.91
126.82
127.72
128.62
129.53
130.43
131.34
132.24
133.15
134.05
134.95
135.86
136.76
137.67
138.57
139.47
140.38
141.28
142.19
143.09
144
144.9
145.8
146.71
147.61
148.52
149.42
150.33
151.23
152.13
153.04
153.94
154.85
155.75
156.65
157.56
158.46
159.37
160.27
161.18
162.08
162.98
163.89
164.79
165.7
166.6
167.5
168.41
169.31
170.22
171.12
172.03
172.56
173.09
173.63
174.16
174.7
175.23
175.76
176.3
176.83
177.36
177.9
178.43
178.97
179.5
180.03
180.57
181.1
181.64
182.17
182.7
183.24
183.77
184.31
184.84
185.37
185.91
186.44
186.98
187.51
188.04
188.58
189.11
189.65
190.18
190.71
191.25
191.78
192.31
192.85
193.38
193.92
194.45
194.98
195.52
196.05
196.59
197.12
197.65
198.19
198.72
199.26
199.79
200.32
200.86
201.39
201.93
202.46
202.99
203.53
204.06
204.58
205.1
205.62
206.14
206.66
207.19
207.71
208.23
208.75
209.27
209.79
210.31
210.83
211.35
211.87
212.39
212.91
213.43
213.95
214.48
215
215.52
216.04
216.56
217.08
217.6
218.12
218.64
219.16
219.68
220.2
220.72
221.24
221.76
222.29
222.81
223.33
223.85
224.37
224.89
225.41
225.93
226.45
226.97
227.49
228.01
228.53
229.05
229.58
230.1
230.62
231.14
231.66
232.18
232.7
233.22
233.74
234.26
234.78
235.3
236.26
237.21
238.17
239.13
240.08
241.04
241.99
242.95
243.9
244.86
245.82
246.77
247.73
248.68
249.64
250.59
251.55
252.51
253.46
254.42
255.37
256.33
257.28
258.24
259.2
260.15
261.11
262.06
263.02
263.97
264.93
265.89
266.84
267.8
268.75
269.71
270.66
271.62
272.58
273.53
274.49
275.44
276.4
277.35
278.31
279.27
280.22
281.18
282.13
283.09
284.04
285
285.96
286.91
287.87
288.82
289.78
290.73
291.69
292.65
292.7
292.75
292.8
292.85
292.9
292.95
293
293.05
293.1
293.15
293.2
293.25
293.3
293.35
293.4
293.45
293.51
293.56
293.61
293.66
293.71
293.76
293.81
293.86
293.91
293.96
294.01
294.06
294.11
294.16
294.21
294.26
294.31
294.37
294.42
294.47
294.52
294.57
294.62
294.67
294.72
294.77
294.82
294.87
294.92
294.97
295.02
295.07
295.12
295.17
295.22
295.28
295.33
295.38
295.43
295.48
295.53
295.58
295.63
295.68
295.84
296
296.16
296.32
296.48
296.64
296.8
296.96
297.12
297.28
297.44
297.6
297.76
297.93
298.09
298.25
298.41
298.57
298.73
298.89
299.05
299.21
299.37
299.53
299.69
299.85
300.01
300.17
300.33
300.49
300.65
300.81
300.97
301.13
301.29
301.45
301.61
301.77
301.93
302.1
302.26
302.42
302.58
302.74
302.9
303.06
303.22
303.38
303.54
303.7
303.86
304.02
304.18
304.34
304.5
304.66
304.82
304.98
305.14
305.3
305.53
305.76
306
306.23
306.46
306.69
306.92
307.15
307.38
307.61
307.85
308.08
308.31
308.54
308.77
309
309.23
309.46
309.69
309.93
310.16
310.39
310.62
310.85
311.08
311.31
311.54
311.77
312.01
312.24
312.47
312.7
312.93
313.16
313.39
313.62
313.86
314.09
314.32
314.55
314.78
315.01
315.24
315.47
315.7
315.94
316.17
316.4
316.63
316.86
317.09
317.32
317.55
317.79
318.02
318.25
318.48
318.71
318.94
319.17
319.09
319
318.91
318.83
318.74
318.66
318.57
318.48
318.4
318.31
318.23
318.14
318.05
317.97
317.88
317.79
317.71
317.62
317.54
317.45
317.36
317.28
317.19
317.11
317.02
316.93
316.85
316.76
316.68
316.59
316.5
316.42
316.33
316.25
316.16
316.07
315.99
315.9
315.82
315.73
315.64
315.56
315.47
315.39
315.3
315.21
315.13
315.04
314.95
314.87
314.78
314.7
314.61
314.52
314.44
314.35
314.27
314.18
314.09
314.01
313.8
313.59
313.39
313.18
312.98
312.77
312.56
312.36
312.15
311.94
311.74
311.53
311.32
311.12
310.91
310.7
310.5
310.29
310.08
309.88
309.67
309.46
309.26
309.05
308.84
308.64
308.43
308.22
308.02
307.81
307.6
307.4
307.19
306.99
306.78
306.57
306.37
306.16
305.95
305.75
305.54
305.33
305.13
304.92
304.71
304.51
304.3
304.09
303.89
303.68
303.47
303.27
303.06
302.85
302.65
302.44
302.23
302.03
301.82
301.61
299.58
297.56
295.53
293.5
291.47
289.44
287.41
285.38
283.35
281.32
279.29
277.26
275.23
273.2
271.17
269.14
267.11
265.08
263.05
261.02
258.99
256.96
254.93
252.9
250.87
248.84
246.81
244.78
242.75
240.72
238.69
236.66
234.63
232.6
230.57
228.54
226.51
224.48
222.45
220.42
218.39
216.36
214.33
212.3
210.27
208.24
206.21
204.18
202.15
200.12
198.09
196.06
194.03
192
189.97
187.94
185.91
183.88
181.85
179.82
179.33
178.83
178.34
177.85
177.35
176.86
176.37
175.87
175.38
174.89
174.39
173.9
173.41
172.91
172.42
171.93
171.43
170.94
170.45
169.95
169.46
168.97
168.47
167.98
167.49
166.99
166.5
166.01
165.51
165.02
164.53
164.03
163.54
163.05
162.55
162.06
161.57
161.07
160.58
160.09
159.59
159.1
158.61
158.11
157.62
157.13
156.63
156.14
155.65
155.15
154.66
154.17
153.67
153.18
152.69
152.19
151.7
151.21
150.71
150.22
149.71
149.2
148.69
148.18
147.67
147.16
146.65
146.14
145.63
145.13
144.62
144.11
143.6
143.09
142.58
142.07
141.56
141.05
140.54
140.03
139.52
139.01
138.5
137.99
137.48
136.98
136.47
135.96
135.45
134.94
134.43
133.92
133.41
132.9
132.39
131.88
131.37
130.86
130.35
129.84
129.33
128.83
128.32
127.81
127.3
126.79
126.28
125.77
125.26
124.75
124.24
123.73
123.22
122.71
122.2
121.69
121.18
120.68
120.17
119.66
119.1
118.53
117.97
117.41
116.85
116.29
115.73
115.17
114.6
114.04
113.48
112.92
112.36
111.8
111.24
110.67
110.11
109.55
108.99
108.43
107.87
107.31
106.75
106.18
105.62
105.06
104.5
103.94
103.38
102.82
102.25
101.69
101.13
100.57
100.01
99.447
98.886
98.324
97.763
97.202
96.64
96.079
95.518
94.956
94.395
93.833
93.272
92.711
92.149
91.588
91.027
90.465
89.904
89.342
88.781
88.22
87.658
87.097
86.536
85.974
85.485
84.997
84.508
84.019
83.53
83.041
82.552
82.064
81.575
81.086
80.597
80.108
79.619
79.13
78.642
78.153
77.664
77.175
76.686
76.197
75.709
75.22
74.731
74.242
73.753
73.264
72.776
72.287
71.798
71.309
70.82
70.331
69.842
69.354
68.865
68.376
67.887
67.398
66.909
66.421
65.932
65.443
64.954
64.465
63.976
63.488
62.999
62.51
62.021
61.532
61.043
60.554
60.066
59.577
59.088
58.599
58.11
57.621
57.133
56.644
56.299
55.955
55.61
55.266
54.921
54.577
54.232
53.888
53.543
53.199
52.854
52.51
52.166
51.821
51.477
51.132
50.788
50.443
50.099
49.754
49.41
49.065
48.721
48.376
48.032
47.687
47.343
46.998
46.654
46.309
45.965
45.62
45.276
44.931
44.587
44.242
43.898
43.553
43.209
42.865
42.52
42.176
41.831
41.487
41.142
40.798
40.453
40.109
39.764
39.42
39.075
38.731
38.386
38.042
37.697
37.353
37.008
36.664
36.319
35.975
35.64
35.305
34.97
34.635
34.299
33.964
33.629
33.294
32.959
32.624
32.289
31.954
31.619
31.284
30.948
30.613
30.278
29.943
29.608
29.273
28.938
28.603
28.268
27.933
27.598
27.262
26.927
26.592
26.257
25.922
25.587
25.252
24.917
24.582
24.247
23.911
23.576
23.241
22.906
22.571
22.236
21.901
21.566
21.231
20.896
20.561
20.225
19.89
19.555
19.22
18.885
18.55
18.215
17.88
17.545
17.21
16.874
16.539
16.204
15.869
15.773
15.676
15.579
15.482
15.386
15.289
15.192
15.096
14.999
14.902
14.805
14.709
14.612
14.515
14.419
14.322
14.225
14.128
14.032
13.935
13.838
13.742
13.645
13.548
13.451
13.355
13.258
13.161
13.065
12.968
12.871
12.775
12.678
12.581
12.484
12.388
12.291
12.194
12.098
12.001
11.904
11.807
11.711
11.614
11.517
11.421
11.324
11.227
11.13
11.034
10.937
10.84
10.744
10.647
10.55
10.454
10.357
10.26
10.163
10.067
9.9938
9.921
9.8481
9.7752
9.7024
9.6295
9.5567
9.4838
9.411
9.3381
9.2653
9.1924
9.1196
9.0467
8.9739
8.901
8.8281
8.7553
8.6824
8.6096
8.5367
8.4639
8.391
8.3182
8.2453
8.1725
8.0996
8.0267
7.9539
7.881
7.8082
7.7353
7.6625
7.5896
7.5168
7.4439
7.3711
7.2982
7.2254
7.1525
7.0796
7.0068
6.9339
6.8611
6.7882
6.7154
6.6425
6.5697
6.4968
6.424
6.3511
6.2782
6.2054
6.1325
6.0597
5.9868
5.914
5.8411
5.7683
5.6954
5.6598
5.6242
5.5887
5.5531
5.5175
5.4819
5.4463
5.4107
5.3751
5.3395
5.3039
5.2684
5.2328
5.1972
5.1616
5.126
5.0904
5.0548
5.0192
4.9836
4.9481
4.9125
4.8769
4.8413
4.8057
4.7701
4.7345
4.6989
4.6633
4.6278
4.5922
4.5566
4.521
4.4854
4.4498
4.4142
4.3786
4.343
4.3075
4.2719
4.2363
4.2007
4.1651
4.1295
4.0939
4.0583
4.0227
3.9872
3.9516
3.916
3.8804
3.8448
3.8092
3.7736
3.738
3.7024
3.6669
3.6313
3.5957
3.5601
3.5489
3.5378
3.5266
3.5155
3.5043
3.4931
3.482
3.4708
3.4597
3.4485
3.4373
3.4262
3.415
3.4039
3.3927
3.3815
3.3704
3.3592
3.3481
3.3369
3.3258
3.3146
3.3034
3.2923
3.2811
3.27
3.2588
3.2476
3.2365
3.2253
3.2142
3.203
3.1918
3.1807
3.1695
3.1584
3.1472
3.1361
3.1249
3.1137
3.1026
3.0914
3.0803
3.0691
3.0579
3.0468
3.0356
3.0245
3.0133
3.0021
2.991
2.9798
2.9687
2.9575
2.9464
2.9352
2.924
2.9129
2.9017
2.8906
2.9237
2.9569
2.9901
3.0233
3.0565
3.0896
3.1228
3.156
3.1892
3.2224
3.2555
3.2887
3.3219
3.3551
3.3883
3.4214
3.4546
3.4878
3.521
3.5542
3.5873
3.6205
3.6537
3.6869
3.72
3.7532
3.7864
3.8196
3.8528
3.8859
3.9191
3.9523
3.9855
4.0187
4.0518
4.085
4.1182
4.1514
4.1846
4.2177
4.2509
4.2841
4.3173
4.3505
4.3836
4.4168
4.45
4.4832
4.5164
4.5495
4.5827
4.6159
4.6491
4.6823
4.7154
4.7486
4.7818
4.815
4.8482
4.8813
4.9212
4.9611
5.0009
5.0408
5.0806
5.1205
5.1604
5.2002
5.2401
5.2799
5.3198
5.3597
5.3995
5.4394
5.4792
5.5191
5.559
5.5988
5.6387
5.6785
5.7184
5.7583
5.7981
5.838
5.8778
5.9177
5.9576
5.9974
6.0373
6.0771
6.117
6.1568
6.1967
6.2366
6.2764
6.3163
6.3561
6.396
6.4359
6.4757
6.5156
6.5554
6.5953
6.6352
6.675
6.7149
6.7547
6.7946
6.8345
6.8743
6.9142
6.954
6.9939
7.0338
7.0736
7.1135
7.1533
7.1932
7.2331
7.2729
7.3496
7.4263
7.503
7.5798
7.6565
7.7332
7.8099
7.8866
7.9633
8.04
8.1167
8.1934
8.2701
8.3468
8.4236
8.5003
8.577
8.6537
8.7304
8.8071
8.8838
8.9605
9.0372
9.1139
9.1906
9.2674
9.3441
9.4208
9.4975
9.5742
9.6509
9.7276
9.8043
9.881
9.9577
10.034
10.111
10.188
10.265
10.341
10.418
10.495
10.571
10.648
10.725
10.802
10.878
10.955
11.032
11.108
11.185
11.262
11.338
11.415
11.492
11.569
11.645
11.722
11.799
11.875
11.948
12.02
12.092
12.164
12.237
12.309
12.381
12.453
12.526
12.598
12.67
12.742
12.815
12.887
12.959
13.031
13.104
13.176
13.248
13.32
13.393
13.465
13.537
13.609
13.681
13.754
13.826
13.898
13.97
14.043
14.115
14.187
14.259
14.332
14.404
14.476
14.548
14.621
14.693
14.765
14.837
14.91
14.982
15.054
15.126
15.199
15.271
15.343
15.415
15.488
15.56
15.632
15.704
15.776
15.849
15.921
15.993
16.065
16.138
16.21
16.275
16.341
16.406
16.472
16.537
16.603
16.668
16.734
16.799
16.865
16.93
16.996
17.061
17.127
17.192
17.258
17.323
17.389
17.454
17.52
17.585
17.651
17.716
17.782
17.847
17.913
17.978
18.044
18.109
18.175
18.24
18.306
18.371
18.437
18.502
18.567
18.633
18.698
18.764
18.829
18.895
18.96
19.026
19.091
19.157
19.222
19.288
19.353
19.419
19.484
19.55
19.615
19.681
19.746
19.812
19.877
19.943
20.008
20.074
20.139
20.154
20.169
20.184
20.199
20.214
20.229
20.244
20.259
20.274
20.289
20.304
20.319
20.334
20.349
20.364
20.379
20.394
20.409
20.424
20.438
20.453
20.468
20.483
20.498
20.513
20.528
20.543
20.558
20.573
20.588
20.603
20.618
20.633
20.648
20.663
20.678
20.693
20.708
20.723
20.738
20.753
20.768
20.783
20.798
20.813
20.828
20.843
20.857
20.872
20.887
20.902
20.917
20.932
20.947
20.962
20.977
20.992
21.007
21.022
21.037
21.474
21.91
22.347
22.783
23.219
23.656
24.092
24.529
24.965
25.402
25.838
26.275
26.711
27.148
27.584
28.021
28.457
28.894
29.33
29.767
30.203
30.64
31.076
31.513
31.949
32.386
32.822
33.259
33.695
34.132
34.568
35.005
35.441
35.878
36.314
36.751
37.187
37.624
38.06
38.497
38.933
39.37
39.806
40.243
40.679
41.116
41.552
41.989
42.425
42.862
43.298
43.735
44.171
44.608
45.044
45.481
45.917
46.354
46.79
47.227
47.514
47.802
48.09
48.378
48.666
48.953
49.241
49.529
49.817
50.105
50.393
50.68
50.968
51.256
51.544
51.832
52.119
52.407
52.695
52.983
53.271
53.559
53.846
54.134
54.422
54.71
54.998
55.285
55.573
55.861
56.149
56.437
56.725
57.012
57.3
57.588
57.876
58.164
58.451
58.739
59.027
59.315
59.603
59.891
60.178
60.466
60.754
61.042
61.33
61.617
61.905
62.193
62.481
62.769
63.057
63.344
63.632
63.92
64.208
64.496
64.71
64.925
65.14
65.354
65.569
65.783
65.998
66.213
66.427
66.642
66.857
67.071
67.286
67.5
67.715
67.93
68.144
68.359
68.574
68.788
69.003
69.218
69.432
69.647
69.861
70.076
70.291
70.505
70.72
70.935
71.149
71.364
71.579
71.793
72.008
72.222
72.437
72.652
72.866
73.081
73.296
73.51
73.725
73.94
74.154
74.369
74.583
74.798
75.013
75.227
75.442
75.657
75.871
76.086
76.301
76.515
76.73
76.944
77.159
77.374
77.744
78.114
78.485
78.855
79.225
79.595
79.966
80.336
80.706
81.077
81.447
81.817
82.188
82.558
82.928
83.298
83.669
84.039
84.409
84.78
85.15
85.52
85.891
86.261
86.631
87.001
87.372
87.742
88.112
88.483
88.853
89.223
89.594
89.964
90.334
90.704
91.075
91.445
91.815
92.186
92.556
92.926
93.296
93.667
94.037
94.407
94.778
95.148
95.518
95.889
96.259
96.629
96.999
97.37
97.74
98.11
98.481
98.851
99.221
99.592
99.426
99.261
99.095
98.93
98.764
98.599
98.434
98.268
98.103
97.937
97.772
97.607
97.441
97.276
97.11
96.945
96.78
96.614
96.449
96.283
96.118
95.952
95.787
95.622
95.456
95.291
95.125
94.96
94.795
94.629
94.464
94.298
94.133
93.967
93.802
93.637
93.471
93.306
93.14
92.975
92.81
92.644
92.479
92.313
92.148
91.983
91.817
91.652
91.486
91.321
91.155
90.99
90.825
90.659
90.494
90.328
90.163
89.998
89.832
89.667
89.477
89.288
89.099
88.91
88.72
88.531
88.342
88.152
87.963
87.774
87.585
87.395
87.206
87.017
86.827
86.638
86.449
86.26
86.07
85.881
85.692
85.502
85.313
85.124
84.935
84.745
84.556
84.367
84.178
83.988
83.799
83.61
83.42
83.231
83.042
82.853
82.663
82.474
82.285
82.095
81.906
81.717
81.528
81.338
81.149
80.96
80.77
80.581
80.392
80.203
80.013
79.824
79.635
79.445
79.256
79.067
78.878
78.688
78.499
78.31
