222.55
223.95
225.34
226.73
228.12
229.51
230.9
232.29
233.68
235.07
236.46
237.85
239.24
240.63
242.03
243.42
244.81
246.2
247.59
248.98
250.37
251.76
253.15
254.54
255.93
257.32
258.72
260.11
261.5
262.89
264.28
265.67
267.06
268.45
269.84
271.23
272.62
274.01
275.4
276.8
278.19
279.58
280.97
282.36
283.75
285.14
286.53
287.92
289.31
290.7
292.09
293.49
294.88
296.27
297.66
299.05
300.44
301.83
303.22
304.61
306
307.49
308.98
310.47
311.96
313.45
314.94
316.43
317.92
319.41
320.9
322.39
323.88
325.37
326.86
328.35
329.84
331.34
332.83
334.32
335.81
337.3
338.79
340.28
341.77
343.26
344.75
346.24
347.73
349.22
350.71
352.2
353.69
355.18
356.67
358.16
359.65
361.14
362.63
364.12
365.61
367.1
368.59
370.08
371.57
373.06
374.55
376.04
377.53
379.02
380.51
382
383.49
384.98
386.47
387.96
389.45
390.94
392.43
393.92
395.41
396.55
397.68
398.82
399.95
401.08
402.22
403.35
404.49
405.62
406.76
407.89
409.03
410.16
411.3
412.43
413.57
414.7
415.84
416.97
418.11
419.24
420.37
421.51
422.64
423.78
424.91
426.05
427.18
428.32
429.45
430.59
431.72
432.86
433.99
435.13
436.26
437.4
438.53
439.66
440.8
441.93
443.07
444.2
445.34
446.47
447.61
448.74
449.88
451.01
452.15
453.28
454.42
455.55
456.69
457.82
458.95
460.09
461.22
462.36
463.49
464.81
466.13
467.45
468.76
470.08
471.4
472.71
474.03
475.35
476.67
477.98
479.3
480.62
481.94
483.25
484.57
485.89
487.2
488.52
489.84
491.16
492.47
493.79
495.11
496.43
497.74
499.06
500.38
501.69
503.01
504.33
505.65
506.96
508.28
509.6
510.92
512.23
513.55
514.87
516.18
517.5
518.82
520.14
521.45
522.77
524.09
525.41
526.72
528.04
529.36
530.67
531.99
533.31
534.63
535.94
537.26
538.58
539.9
541.21
542.53
543.8
545.07
546.34
547.62
548.89
550.16
551.43
552.7
553.98
555.25
556.52
557.79
559.06
560.33
561.61
562.88
564.15
565.42
566.69
567.97
569.24
570.51
571.78
573.05
574.32
575.6
576.87
578.14
579.41
580.68
581.95
583.23
584.5
585.77
587.04
588.31
589.59
590.86
592.13
593.4
594.67
595.94
597.22
598.49
599.76
601.03
602.3
603.58
604.85
606.12
607.39
608.66
609.93
611.21
612.48
613.75
615.02
616.29
617.56
618.84
619.85
620.87
621.89
622.9
623.92
624.93
625.95
626.97
627.98
629
630.02
631.03
632.05
633.07
634.08
635.1
636.11
637.13
638.15
639.16
640.18
641.2
642.21
643.23
644.25
645.26
646.28
647.29
648.31
649.33
650.34
651.36
652.38
653.39
654.41
655.42
656.44
657.46
658.47
659.49
660.51
661.52
662.54
663.56
664.57
665.59
666.6
667.62
668.64
669.65
670.67
671.69
672.7
673.72
674.73
675.75
676.77
677.78
678.8
679.82
680.35
680.89
681.43
681.96
682.5
683.03
683.57
684.11
684.64
685.18
685.72
686.25
686.79
687.33
687.86
688.4
688.94
689.47
690.01
690.54
691.08
691.62
692.15
692.69
693.23
693.76
694.3
694.84
695.37
695.91
696.44
696.98
697.52
698.05
698.59
699.13
699.66
700.2
700.74
701.27
701.81
702.34
702.88
703.42
703.95
704.49
705.03
705.56
706.1
706.64
707.17
707.71
708.25
708.78
709.32
709.85
710.39
710.93
711.46
712
711.98
711.95
711.93
711.9
711.88
711.85
711.83
711.8
711.78
711.75
711.73
711.7
711.68
711.65
711.63
711.6
711.58
711.55
711.53
711.5
711.48
711.45
711.43
711.4
711.38
711.35
711.33
711.3
711.28
711.25
711.23
711.21
711.18
711.16
711.13
711.11
711.08
711.06
711.03
711.01
710.98
710.96
710.93
710.91
710.88
710.86
710.83
710.81
710.78
710.76
710.73
710.71
710.68
710.66
710.63
710.61
710.58
710.56
710.53
710.51
710.41
710.31
710.21
710.11
710.01
709.91
709.81
709.71
709.61
709.51
709.41
709.31
709.21
709.11
709.01
708.92
708.82
708.72
708.62
708.52
708.42
708.32
708.22
708.12
708.02
707.92
707.82
707.72
707.62
707.52
707.42
707.32
707.22
707.12
707.02
706.92
706.82
706.72
706.62
706.52
706.42
706.32
706.22
706.12
706.02
705.93
705.83
705.73
705.63
705.53
705.43
705.33
705.23
705.13
705.03
704.93
704.83
704.73
704.63
704.53
703.91
703.3
702.68
702.07
701.45
700.84
700.22
699.6
698.99
698.37
697.76
697.14
696.53
695.91
695.29
694.68
694.06
693.45
692.83
692.22
691.6
690.98
690.37
689.75
689.14
688.52
687.91
687.29
686.67
686.06
685.44
684.83
684.21
683.59
682.98
682.36
681.75
681.13
680.52
679.9
679.28
678.67
678.05
677.44
676.82
676.21
675.59
674.97
674.36
673.74
673.13
672.51
671.9
671.28
670.66
670.05
669.43
668.82
668.2
667.59
666.58
665.58
664.58
663.58
662.57
661.57
660.57
659.57
658.56
657.56
656.56
655.56
654.55
653.55
652.55
651.55
650.54
649.54
648.54
647.54
646.53
645.53
644.53
643.53
642.52
641.52
640.52
639.52
638.51
637.51
636.51
635.51
634.5
633.5
632.5
631.5
630.49
629.49
628.49
627.49
626.48
625.48
624.48
623.48
622.47
621.47
620.47
619.47
618.47
617.46
616.46
615.46
614.46
613.45
612.45
611.45
610.45
609.44
608.44
607.44
605.84
604.24
602.64
601.04
599.44
597.84
596.24
594.64
593.04
591.44
589.84
588.24
586.64
585.05
583.45
581.85
580.25
578.65
577.05
575.45
573.85
572.25
570.65
569.05
567.45
565.85
564.25
562.65
561.05
559.45
557.85
556.25
554.65
553.06
551.46
549.86
548.26
546.66
545.06
543.46
541.86
540.26
538.66
537.06
535.46
533.86
532.26
530.66
529.06
527.46
525.86
524.26
522.67
521.07
519.47
517.87
516.27
514.67
513.07
511.47
510.05
508.63
507.2
505.78
504.36
502.94
501.52
500.09
498.67
497.25
495.83
494.41
492.99
491.56
490.14
488.72
487.3
485.88
484.46
483.03
481.61
480.19
478.77
477.35
475.92
474.5
473.08
471.66
470.24
468.82
467.39
465.97
464.55
463.13
461.71
460.29
458.86
457.44
456.02
454.6
453.18
451.75
450.33
448.91
447.49
446.07
444.65
443.22
441.8
440.38
438.96
437.54
436.12
434.69
433.27
431.85
430.43
429.01
427.58
426.16
424.61
423.05
421.5
419.95
418.39
416.84
415.28
413.73
412.17
410.62
409.06
407.51
405.96
404.4
402.85
401.29
399.74
398.18
396.63
395.08
393.52
391.97
390.41
388.86
387.3
385.75
384.2
382.64
381.09
379.53
377.98
376.42
374.87
373.32
371.76
370.21
368.65
367.1
365.54
363.99
362.44
360.88
359.33
357.77
356.22
354.66
353.11
351.55
350
348.45
346.89
345.34
343.78
342.23
340.67
339.12
337.57
336.01
334.46
332.9
331.33
329.76
328.19
326.62
325.05
323.48
321.91
320.34
318.77
317.2
315.63
314.06
312.49
310.92
309.35
307.78
306.2
304.63
303.06
301.49
299.92
298.35
296.78
295.21
293.64
292.07
290.5
288.93
287.36
285.79
284.22
282.65
281.08
279.51
277.94
276.37
274.8
273.23
271.65
270.08
268.51
266.94
265.37
263.8
262.23
260.66
259.09
257.52
255.95
254.38
252.81
251.24
249.67
248.1
246.53
244.96
243.39
241.82
240.25
238.68
237.65
236.63
235.61
234.58
233.56
232.54
231.51
230.49
229.47
228.44
227.42
226.4
225.37
224.35
223.33
222.31
221.28
220.26
219.24
218.21
217.19
216.17
215.14
214.12
213.1
212.07
211.05
210.03
209.01
207.98
206.96
205.94
204.91
203.89
202.87
201.84
200.82
199.8
198.77
197.75
196.73
195.7
194.68
193.66
192.64
191.61
190.59
189.57
188.54
187.52
186.5
185.47
184.45
183.43
182.4
181.38
180.36
179.33
178.31
177.29
176.27
175.25
174.23
173.22
172.2
171.18
170.16
169.14
168.12
167.11
166.09
165.07
164.05
163.03
162.01
161
159.98
158.96
157.94
156.92
155.91
154.89
153.87
152.85
151.83
150.81
149.8
148.78
147.76
146.74
145.72
144.7
143.69
142.67
141.65
140.63
139.61
138.59
137.58
136.56
135.54
134.52
133.5
132.49
131.47
130.45
129.43
128.41
127.39
126.38
125.36
124.34
123.32
122.3
121.28
120.27
119.25
118.23
117.21
116.19
115.58
114.98
114.37
113.76
113.15
112.54
111.93
111.32
110.72
110.11
109.5
108.89
108.28
107.67
107.06
106.45
105.85
105.24
104.63
104.02
103.41
102.8
102.19
101.59
100.98
100.37
99.76
99.151
98.542
97.934
97.325
96.716
96.108
95.499
94.89
94.282
93.673
93.065
92.456
91.847
91.239
90.63
90.021
89.413
88.804
88.195
87.587
86.978
86.369
85.761
85.152
84.544
83.935
83.326
82.718
82.109
81.5
80.892
80.283
79.674
79.261
78.847
78.434
78.02
77.607
77.193
76.78
76.366
75.953
75.539
75.126
74.712
74.299
73.885
73.472
73.058
72.645
72.231
71.818
71.404
70.991
70.577
70.164
69.75
69.337
68.923
68.51
68.096
67.683
67.269
66.856
66.442
66.029
65.615
65.202
64.788
64.375
63.961
63.548
63.134
62.721
62.307
61.894
61.48
61.067
60.653
60.24
59.826
59.413
58.999
58.586
58.172
57.759
57.345
56.932
56.518
56.105
55.691
55.278
54.864
54.638
54.411
54.184
53.958
53.731
53.504
53.277
53.051
52.824
52.597
52.37
52.144
51.917
51.69
51.463
51.237
51.01
50.783
50.556
50.33
50.103
49.876
49.649
49.423
49.196
48.969
48.742
48.516
48.289
48.062
47.835
47.609
47.382
47.155
46.928
46.702
46.475
46.248
46.021
45.795
45.568
45.341
45.114
44.888
44.661
44.434
44.207
43.981
43.754
43.527
43.3
43.074
42.847
42.62
42.393
42.167
41.94
41.713
41.486
41.26
41.335
41.41
41.485
41.56
41.635
41.711
41.786
41.861
41.936
42.011
42.086
42.161
42.237
42.312
42.387
42.462
42.537
42.612
42.688
42.763
42.838
42.913
42.988
43.063
43.138
43.214
43.289
43.364
43.439
43.514
43.589
43.665
43.74
43.815
43.89
43.965
44.04
44.115
44.191
44.266
44.341
44.416
44.491
44.566
44.642
44.717
44.792
44.867
44.942
45.017
45.092
45.168
45.243
45.318
45.393
45.468
45.543
45.618
45.694
45.769
45.99
46.211
46.433
46.654
46.875
47.096
47.318
47.539
47.76
47.981
48.203
48.424
48.645
48.866
49.088
49.309
49.53
49.752
49.973
50.194
50.415
50.637
50.858
51.079
51.3
51.522
51.743
51.964
52.185
52.407
52.628
52.849
53.071
53.292
53.513
53.734
53.956
54.177
54.398
54.619
54.841
55.062
55.283
55.504
55.726
55.947
56.168
56.389
56.611
56.832
57.053
57.275
57.496
57.717
57.938
58.16
58.381
58.602
58.823
59.045
59.531
60.017
60.504
60.99
61.477
61.963
62.449
62.936
63.422
63.909
64.395
64.881
65.368
65.854
66.341
66.827
67.313
67.8
68.286
68.773
69.259
69.745
70.232
70.718
71.205
71.691
72.177
72.664
73.15
73.636
74.123
74.609
75.096
75.582
76.068
76.555
77.041
77.528
78.014
78.5
78.987
79.473
79.96
80.446
80.932
81.419
81.905
82.392
82.878
83.364
83.851
84.337
84.824
85.31
85.796
86.283
86.769
87.256
87.742
88.228
89.045
89.862
90.678
91.495
92.312
93.128
93.945
94.762
95.578
96.395
97.212
98.028
98.845
99.662
100.48
101.3
102.11
102.93
103.75
104.56
105.38
106.2
107.01
107.83
108.65
109.46
110.28
111.1
111.91
112.73
113.55
114.36
115.18
116
116.81
117.63
118.45
119.26
120.08
120.9
121.71
122.53
123.35
124.16
124.98
125.8
126.61
127.43
128.25
129.06
129.88
130.7
131.51
132.33
133.15
133.96
134.78
135.6
136.41
137.23
138.49
139.75
141.02
142.28
143.54
144.81
146.07
147.33
148.59
149.86
151.12
152.38
153.64
154.91
156.17
157.43
158.7
159.96
161.22
162.48
163.75
165.01
166.27
167.54
168.8
170.06
171.32
172.59
173.85
175.11
176.37
177.64
178.9
180.16
181.43
182.69
183.95
185.21
186.48
187.74
189
190.26
191.53
192.79
194.05
195.32
196.58
197.84
199.1
200.37
201.63
202.89
204.15
205.42
206.68
207.94
209.21
210.47
211.73
212.99
214.64
216.28
217.92
219.57
221.21
222.85
224.5
226.14
227.78
229.42
231.07
232.71
234.35
236
237.64
239.28
240.93
242.57
244.21
245.85
247.5
249.14
250.78
252.43
254.07
255.71
257.36
259
260.64
262.29
263.93
265.57
267.21
268.86
270.5
272.14
273.79
275.43
277.07
278.72
280.36
282
283.64
285.29
286.93
288.57
290.22
291.86
293.5
295.15
296.79
298.43
300.07
301.72
303.36
305
306.65
308.29
309.93
311.58
313.41
315.25
317.08
318.91
320.75
322.58
324.42
326.25
328.09
329.92
331.76
333.59
335.43
337.26
339.1
340.93
342.76
344.6
346.43
348.27
350.1
351.94
353.77
355.61
357.44
359.28
361.11
362.95
364.78
366.61
368.45
370.28
372.12
373.95
375.79
377.62
379.46
381.29
383.13
384.96
386.8
388.63
390.46
392.3
394.13
395.97
397.8
399.64
401.47
403.31
405.14
406.98
408.81
410.65
412.48
414.32
416.15
417.98
419.82
421.65
423.19
424.74
426.28
427.82
429.36
430.9
432.44
433.98
435.52
437.06
438.61
440.15
441.69
443.23
444.77
446.31
447.85
449.39
450.93
452.48
454.02
455.56
457.1
458.64
460.18
461.72
463.26
464.8
466.35
467.89
469.43
470.97
472.51
474.05
475.59
477.13
478.67
480.22
481.76
483.3
484.84
486.38
487.92
489.46
491
492.54
494.09
495.63
497.17
498.71
500.25
501.79
503.33
504.87
506.41
507.96
509.5
511.04
512.58
514.12
515.13
516.14
517.15
518.16
519.17
520.18
521.19
522.2
523.21
524.22
525.23
526.23
527.24
528.25
529.26
530.27
531.28
532.29
533.3
534.31
535.32
536.33
537.34
538.35
539.36
540.37
541.38
542.39
543.4
544.41
545.42
546.43
547.44
548.45
549.45
550.46
551.47
552.48
553.49
554.5
555.51
556.52
557.53
558.54
559.55
560.56
561.57
562.58
563.59
564.6
565.61
566.62
567.63
568.64
569.65
570.66
571.66
572.67
573.68
574.69
575.84
576.99
578.14
579.28
580.43
581.58
582.72
583.87
585.02
586.17
587.31
588.46
589.61
590.76
591.9
593.05
594.2
595.34
596.49
597.64
598.79
599.93
601.08
602.23
603.38
604.52
605.67
606.82
607.96
609.11
610.26
611.41
612.55
613.7
614.85
616
617.14
618.29
619.44
620.58
621.73
622.88
624.03
625.17
626.32
627.47
628.62
629.76
630.91
632.06
633.21
634.35
635.5
636.65
637.79
638.94
640.09
641.24
642.38
643.53
644.38
645.23
646.07
646.92
647.77
648.61
649.46
650.31
651.16
652
652.85
653.7
654.55
655.39
656.24
657.09
657.94
658.78
659.63
660.48
661.32
662.17
663.02
663.87
664.71
665.56
666.41
667.26
668.1
668.95
669.8
670.64
671.49
672.34
673.19
674.03
674.88
675.73
676.58
677.42
678.27
679.12
679.97
680.81
681.66
682.51
683.35
684.2
685.05
685.9
686.74
687.59
688.44
689.29
690.13
690.98
691.83
692.68
693.52
694.37
694.93
695.49
696.04
696.6
697.16
697.72
698.28
698.83
699.39
699.95
700.51
701.07
701.62
702.18
702.74
703.3
703.86
704.41
704.97
705.53
706.09
706.65
707.2
707.76
708.32
708.88
709.44
709.99
710.55
711.11
711.67
712.23
712.78
713.34
713.9
714.46
715.02
715.57
716.13
716.69
717.25
717.81
718.36
718.92
719.48
720.04
720.6
721.15
721.71
722.27
722.83
723.39
723.94
724.5
725.06
725.62
726.18
726.73
727.29
727.85
728.15
728.45
728.76
729.06
729.36
729.66
729.97
730.27
730.57
730.87
731.17
731.48
731.78
732.08
732.38
732.69
732.99
733.29
733.59
733.89
734.2
734.5
734.8
735.1
735.41
735.71
736.01
736.31
736.61
736.92
737.22
737.52
737.82
738.13
738.43
738.73
739.03
739.33
739.64
739.94
740.24
740.54
740.85
741.15
741.45
741.75
742.05
742.36
742.66
742.96
743.26
743.57
743.87
744.17
744.47
744.77
745.08
745.38
745.68
745.98
745.6
745.22
744.84
744.46
744.08
743.7
743.32
742.94
742.56
742.18
741.8
741.42
741.04
740.66
740.28
739.9
739.52
739.14
738.76
738.38
738
737.62
737.24
736.86
736.48
736.1
735.72
735.34
734.95
734.57
734.19
733.81
733.43
733.05
732.67
732.29
731.91
731.53
731.15
730.77
730.39
730.01
729.63
729.25
728.87
728.49
728.11
727.73
727.35
726.97
726.59
726.21
725.83
725.45
725.07
724.69
724.31
723.93
723.55
723.17
722.99
722.82
722.65
722.47
722.3
722.13
721.95
721.78
721.61
721.43
721.26
721.09
720.91
720.74
720.57
720.4
720.22
720.05
719.88
719.7
719.53
719.36
719.18
719.01
718.84
718.66
718.49
718.32
718.14
717.97
717.8
717.62
717.45
717.28
717.1
716.93
716.76
716.58
716.41
716.24
716.06
715.89
715.72
715.55
715.37
715.2
715.03
714.85
714.68
714.51
714.33
714.16
713.99
713.81
713.64
713.47
713.29
713.12
712.95
712.77
712.04
711.3
710.56
709.83
709.09
708.35
707.61
706.88
706.14
705.4
704.67
703.93
703.19
702.46
701.72
700.98
700.24
699.51
698.77
698.03
697.3
696.56
695.82
695.09
694.35
693.61
692.87
692.14
691.4
690.66
689.93
689.19
688.45
687.72
686.98
686.24
685.5
684.77
684.03
683.29
682.56
681.82
681.08
680.35
679.61
678.87
678.13
677.4
676.66
675.92
675.19
674.45
673.71
672.98
672.24
671.5
670.76
670.03
669.29
668.55
667.28
666.01
664.74
663.47
662.2
660.93
659.66
658.39
657.12
655.85
654.58
653.31
652.04
650.77
649.5
648.23
646.96
645.68
644.41
643.14
641.87
640.6
639.33
638.06
636.79
635.52
634.25
632.98
631.71
630.44
629.17
627.9
626.63
625.36
624.09
622.82
621.55
620.27
619
617.73
616.46
615.19
613.92
612.65
611.38
610.11
608.84
607.57
606.3
605.03
603.76
602.49
601.22
599.95
598.68
597.41
596.14
594.86
593.59
592.32
591.23
590.14
589.05
587.96
586.87
585.77
584.68
583.59
582.5
581.41
580.32
579.23
578.13
577.04
575.95
574.86
573.77
572.68
571.59
570.49
569.4
568.31
567.22
566.13
565.04
563.95
562.85
561.76
560.67
559.58
558.49
557.4
556.3
555.21
554.12
553.03
551.94
550.85
549.76
548.66
547.57
546.48
545.39
544.3
543.21
542.12
541.02
539.93
538.84
537.75
536.66
535.57
534.48
533.38
532.29
531.2
530.11
529.02
527.93
526.83
525.29
523.75
522.21
520.67
519.13
517.59
516.04
514.5
512.96
511.42
509.88
508.34
506.8
505.25
503.71
502.17
500.63
499.09
497.55
496.01
494.46
492.92
491.38
489.84
488.3
486.76
485.22
483.67
482.13
480.59
479.05
477.51
475.97
474.43
472.88
471.34
469.8
468.26
466.72
465.18
463.64
462.09
460.55
459.01
457.47
455.93
454.39
452.85
451.3
449.76
448.22
446.68
445.14
443.6
442.06
440.51
438.97
437.43
435.89
434.35
432.98
431.62
430.26
428.89
427.53
426.16
424.8
423.44
422.07
420.71
419.34
417.98
416.62
415.25
413.89
412.52
411.16
409.8
408.43
407.07
405.7
404.34
402.98
401.61
400.25
398.88
397.52
396.16
394.79
393.43
392.06
390.7
389.34
387.97
386.61
385.24
383.88
382.52
381.15
379.79
378.42
377.06
375.7
374.33
372.97
371.6
370.24
368.88
367.51
366.15
364.78
363.42
362.06
360.69
359.33
357.96
356.6
355.23
353.87
352.51
351.13
349.76
348.39
347.02
345.64
344.27
342.9
341.52
340.15
338.78
337.41
336.03
334.66
333.29
331.92
330.54
329.17
327.8
326.42
325.05
323.68
322.31
320.93
319.56
318.19
316.82
315.44
314.07
312.7
311.32
309.95
308.58
307.21
305.83
304.46
303.09
301.72
300.34
298.97
297.6
296.22
294.85
293.48
292.11
290.73
289.36
287.99
286.62
285.24
283.87
282.5
281.12
279.75
278.38
277.01
275.63
274.26
272.89
271.52
270.14
268.91
267.67
266.44
265.2
263.97
262.73
261.5
260.26
259.03
257.79
256.56
255.32
254.09
252.85
251.62
250.38
249.15
247.91
246.68
245.44
244.21
242.97
241.74
240.5
239.27
238.03
236.8
235.56
234.33
233.09
231.86
230.62
229.39
228.15
226.92
225.68
224.45
223.21
221.98
220.74
219.51
218.27
217.04
215.8
214.57
213.33
212.1
210.86
209.63
208.39
207.16
205.92
204.69
203.45
202.22
200.98
199.75
198.51
197.28
196.04
195.03
194.01
193
191.99
190.97
189.96
188.95
187.93
186.92
185.9
184.89
183.88
182.86
181.85
180.84
179.82
178.81
177.79
176.78
175.77
174.75
173.74
172.73
171.71
170.7
169.68
168.67
167.66
166.64
165.63
164.62
163.6
162.59
161.57
160.56
159.55
158.53
157.52
156.51
155.49
154.48
153.46
152.45
151.44
150.42
149.41
148.4
147.38
146.37
145.35
144.34
143.33
142.31
141.3
140.29
139.27
138.26
137.24
136.23
135.22
134.44
133.65
132.87
132.09
131.31
130.53
129.75
128.97
128.19
127.41
126.63
125.85
125.06
124.28
123.5
122.72
121.94
121.16
120.38
119.6
118.82
118.04
117.26
116.48
115.69
114.91
114.13
113.35
112.57
111.79
111.01
110.23
109.45
108.67
107.89
107.1
106.32
105.54
104.76
103.98
103.2
102.42
101.64
100.86
100.08
99.296
98.515
97.734
96.953
96.173
95.392
94.611
93.83
93.049
92.268
91.487
90.706
89.926
89.145
88.364
88.077
87.791
87.505
87.218
86.932
86.645
86.359
86.072
85.786
85.5
85.213
84.927
84.64
84.354
84.068
83.781
83.495
83.208
82.922
82.635
82.349
82.063
81.776
81.49
81.203
80.917
80.63
80.344
80.058
79.771
79.485
79.198
78.912
78.626
78.339
78.053
77.766
77.48
77.193
76.907
76.621
76.334
76.048
75.761
75.475
75.189
74.902
74.616
74.329
74.043
73.756
73.47
73.184
72.897
72.611
72.324
72.038
71.752
71.465
71.179
71.132
71.086
71.039
70.993
70.946
70.9
70.854
70.807
70.761
70.714
70.668
70.621
70.575
70.528
70.482
70.436
70.389
70.343
70.296
70.25
70.203
70.157
70.11
70.064
70.018
69.971
69.925
69.878
69.832
69.785
69.739
69.692
69.646
69.6
69.553
69.507
69.46
69.414
69.367
69.321
69.274
69.228
69.182
69.135
69.089
69.042
68.996
68.949
68.903
68.856
68.81
68.764
68.717
68.671
68.624
68.578
68.531
68.485
68.438
68.392
68.558
68.725
68.891
69.058
69.224
69.391
69.557
69.723
69.89
70.056
70.223
70.389
70.556
70.722
70.888
71.055
71.221
71.388
71.554
71.721
71.887
72.053
72.22
72.386
72.553
72.719
72.886
73.052
73.218
73.385
73.551
73.718
73.884
74.051
74.217
74.383
74.55
74.716
74.883
75.049
75.216
75.382
75.549
75.715
75.881
76.048
76.214
76.381
76.547
76.714
76.88
77.046
77.213
77.379
77.546
77.712
77.879
78.045
78.211
78.378
78.895
79.411
79.928
80.445
80.961
81.478
81.995
82.512
83.028
83.545
84.062
84.578
85.095
85.612
86.129
86.645
87.162
87.679
88.195
88.712
89.229
89.746
90.262
90.779
91.296
91.812
92.329
92.846
93.363
93.879
94.396
94.913
95.429
95.946
96.463
96.98
97.496
98.013
98.53
99.046
99.563
100.08
100.6
101.11
101.63
102.15
102.66
103.18
103.7
104.21
104.73
105.25
105.76
106.28
106.8
107.31
107.83
108.35
108.86
109.38
109.98
110.57
111.17
111.77
112.37
112.96
113.56
114.16
114.75
115.35
115.95
116.54
117.14
117.74
118.34
118.93
119.53
120.13
120.72
121.32
121.92
122.52
123.11
123.71
124.31
124.9
125.5
126.1
126.69
127.29
127.89
128.49
129.08
129.68
130.28
130.87
131.47
132.07
132.66
133.26
133.86
134.46
135.05
135.65
136.25
136.84
137.44
138.04
138.63
139.23
139.83
140.43
141.02
141.62
142.22
142.81
143.41
144.01
144.61
145.2
146.16
147.12
148.08
149.04
149.99
150.95
151.91
152.87
153.83
154.78
155.74
156.7
157.66
158.62
159.58
160.53
161.49
162.45
163.41
164.37
165.33
166.28
167.24
168.2
169.16
170.12
171.08
172.03
172.99
173.95
174.91
175.87
176.83
177.78
178.74
179.7
180.66
181.62
182.57
183.53
184.49
185.45
186.41
187.37
188.32
189.28
190.24
191.2
192.16
193.12
194.07
195.03
195.99
196.95
197.91
198.87
199.82
200.78
201.74
202.7
203.61
204.52
205.43
206.34
207.25
208.16
209.07
209.99
210.9
211.81
212.72
213.63
214.54
215.45
216.36
217.27
218.18
219.09
220.01
220.92
221.83
222.74
223.65
224.56
225.47
226.38
227.29
228.2
229.11
230.02
230.94
231.85
232.76
233.67
234.58
235.49
236.4
237.31
238.22
239.13
240.04
240.95
241.87
242.78
243.69
244.6
245.51
246.42
247.33
248.24
249.15
250.06
250.97
251.89
252.8
253.71
254.62
255.53
256.44
257.35
258.3
259.24
260.19
261.13
262.08
263.03
263.97
264.92
265.86
266.81
267.76
268.7
269.65
270.59
271.54
272.49
273.43
274.38
275.32
276.27
277.22
278.16
279.11
280.05
281
281.95
282.89
283.84
284.78
285.73
286.68
287.62
288.57
289.51
290.46
291.41
292.35
293.3
294.24
295.19
296.14
297.08
298.03
298.98
299.92
300.87
301.81
302.76
303.71
304.65
305.6
306.54
307.49
308.44
309.38
310.33
311.27
312.22
313.17
314.11
315.6
317.09
318.57
320.06
321.55
323.03
324.52
326.01
327.49
328.98
330.47
331.95
333.44
334.93
336.42
337.9
339.39
340.88
342.36
343.85
345.34
346.82
348.31
349.8
351.28
352.77
354.26
355.75
357.23
358.72
360.21
361.69
363.18
364.67
366.15
367.64
369.13
370.61
372.1
373.59
375.08
376.56
378.05
379.54
381.02
382.51
384
385.48
386.97
388.46
389.94
391.43
392.92
394.41
395.89
397.38
398.87
400.35
401.84
403.33
404.41
405.49
406.58
407.66
408.74
409.83
410.91
411.99
413.08
414.16
415.24
416.33
417.41
418.49
419.58
420.66
421.74
422.83
423.91
425
426.08
427.16
428.25
429.33
430.41
431.5
432.58
433.66
434.75
435.83
436.91
438
439.08
440.16
441.25
442.33
443.41
444.5
445.58
446.66
447.75
448.83
449.91
451
452.08
453.16
454.25
455.33
456.41
457.5
458.58
459.66
460.75
461.83
462.91
464
465.08
466.17
467.25
468.33
469.65
470.98
472.3
473.62
474.94
476.26
477.58
478.91
480.23
481.55
482.87
484.19
485.52
486.84
488.16
489.48
490.8
492.12
493.45
494.77
496.09
497.41
498.73
500.05
501.38
502.7
504.02
505.34
506.66
507.99
509.31
510.63
511.95
513.27
514.59
515.92
517.24
518.56
519.88
521.2
522.52
523.85
525.17
526.49
527.81
529.13
530.46
531.78
533.1
534.42
535.74
537.06
538.39
539.71
541.03
542.35
543.67
545
546.32
547.64
548.73
549.83
550.92
552.02
553.11
554.2
555.3
556.39
557.49
558.58
559.68
560.77
561.87
562.96
564.05
565.15
566.24
567.34
568.43
569.53
570.62
571.72
572.81
573.9
575
576.09
577.19
578.28
579.38
580.47
581.56
582.66
583.75
584.85
585.94
587.04
588.13
589.23
590.32
591.41
592.51
593.6
594.7
595.79
596.89
597.98
599.07
600.17
601.26
602.36
603.45
604.55
605.64
606.74
607.83
608.92
610.02
611.11
612.21
613.3
614.14
614.98
615.82
616.66
617.5
618.34
619.17
620.01
620.85
621.69
622.53
623.37
624.21
625.05
625.89
626.72
627.56
628.4
629.24
630.08
630.92
631.76
632.6
633.44
634.28
635.11
635.95
636.79
637.63
638.47
639.31
640.15
640.99
641.83
642.66
643.5
644.34
645.18
646.02
646.86
647.7
648.54
649.38
650.21
651.05
651.89
652.73
653.57
654.41
655.25
656.09
656.93
657.77
658.6
659.44
660.28
661.12
661.96
662.8
663.64
664.06
664.48
664.9
665.32
665.74
666.16
666.58
667
667.42
667.84
668.26
668.68
669.1
669.52
669.94
670.36
670.78
671.2
671.62
672.04
672.46
672.88
673.3
673.72
674.14
674.56
674.98
675.4
675.82
676.24
676.66
677.08
677.5
677.92
678.34
678.76
679.18
679.6
680.02
680.44
680.86
681.28
681.7
682.12
682.54
682.96
683.38
683.8
684.22
684.64
685.06
685.48
685.9
686.32
686.74
687.16
687.58
688
688.41
688.83
688.42
688.01
687.6
687.18
686.77
686.36
685.95
685.53
685.12
684.71
684.3
683.88
683.47
683.06
682.65
682.23
681.82
681.41
681
680.58
680.17
679.76
679.35
678.93
678.52
678.11
677.7
677.28
676.87
676.46
676.05
675.63
675.22
674.81
674.4
673.98
673.57
673.16
672.75
672.33
671.92
671.51
671.1
670.68
670.27
669.86
669.45
669.03
668.62
668.21
667.8
667.38
666.97
666.56
666.15
665.73
665.32
664.91
664.5
664.08
663.4
662.71
662.03
661.34
660.66
659.97
659.29
658.6
657.92
657.24
656.55
655.87
655.18
654.5
653.81
653.13
652.44
651.76
651.07
650.39
649.7
649.02
648.33
647.65
646.96
646.28
645.59
644.91
644.23
643.54
642.86
642.17
641.49
640.8
640.12
639.43
638.75
638.06
637.38
636.69
636.01
635.32
634.64
633.95
633.27
632.58
631.9
631.21
630.53
629.85
629.16
628.48
627.79
627.11
626.42
625.74
625.05
624.37
623.68
623
621.06
619.13
617.2
615.26
613.33
611.39
609.46
607.53
605.59
603.66
601.72
599.79
597.86
595.92
593.99
592.05
590.12
588.19
586.25
584.32
582.38
580.45
578.52
576.58
574.65
572.71
570.78
568.85
566.91
564.98
563.04
561.11
559.18
557.24
555.31
553.37
551.44
549.51
547.57
545.64
543.7
541.77
539.84
537.9
535.97
534.04
532.1
530.17
528.23
526.3
524.37
522.43
520.5
518.56
516.63
514.7
512.76
510.83
508.89
506.96
505.06
503.17
501.27
499.37
497.48
495.58
493.68
491.78
489.89
487.99
486.09
484.2
482.3
480.4
478.51
476.61
474.71
472.82
470.92
469.02
467.13
465.23
463.33
461.43
459.54
457.64
455.74
453.85
451.95
450.05
448.16
446.26
444.36
442.47
440.57
438.67
436.78
434.88
432.98
431.08
429.19
427.29
425.39
423.5
421.6
419.7
417.81
415.91
414.01
412.12
410.22
408.32
406.43
404.53
402.63
400.73
398.84
396.94
395.04
393.15
391.88
390.62
389.35
388.09
386.82
385.56
384.29
383.02
381.76
380.49
379.23
377.96
376.7
375.43
374.17
372.9
371.64
370.37
369.11
367.84
366.58
365.31
364.04
362.78
361.51
360.25
358.98
357.72
356.45
355.19
353.92
352.66
351.39
350.13
348.86
347.6
346.33
345.06
343.8
342.53
341.27
340
338.74
337.47
336.21
334.94
333.68
332.41
331.15
329.88
328.62
327.35
326.08
324.82
323.55
322.29
321.02
319.76
318.49
317.23
315.92
314.62
313.31
312.01
310.71
309.4
308.1
306.79
305.49
304.18
302.88
301.57
300.27
298.97
297.66
296.36
295.05
293.75
292.44
291.14
289.84
288.53
287.23
285.92
284.62
283.31
282.01
280.7
279.4
278.1
276.79
275.49
274.18
272.88
271.57
270.27
268.97
267.66
266.36
265.05
263.75
262.44
261.14
259.84
258.53
257.23
255.92
254.62
253.31
252.01
250.7
249.4
248.1
246.79
245.49
244.18
242.88
241.57
240.27
238.97
237.45
235.94
234.43
232.92
231.41
229.9
228.39
226.87
225.36
223.85
222.34
220.83
219.32
217.81
216.29
214.78
213.27
211.76
210.25
208.74
207.23
205.71
204.2
202.69
201.18
199.67
198.16
196.65
195.13
193.62
192.11
190.6
189.09
187.58
186.07
184.55
183.04
181.53
180.02
178.51
177
175.49
173.97
172.46
170.95
169.44
167.93
166.42
164.91
163.39
161.88
160.37
158.86
157.35
155.84
154.33
152.81
151.3
149.79
148.28
147.21
146.15
145.08
144.02
142.95
141.88
140.82
139.75
138.69
137.62
136.55
135.49
134.42
133.36
132.29
131.22
130.16
129.09
128.03
126.96
125.89
124.83
123.76
122.7
121.63
120.56
119.5
118.43
117.37
116.3
115.23
114.17
113.1
112.04
110.97
109.9
108.84
107.77
106.71
105.64
104.57
103.51
102.44
101.38
100.31
99.243
98.177
97.111
96.045
94.979
93.913
92.847
91.781
90.715
89.649
88.583
87.517
86.451
85.385
84.319
83.608
82.896
82.185
81.473
80.761
80.05
79.338
78.627
77.915
77.204
76.492
75.781
75.069
74.358
73.646
72.935
72.223
71.512
70.8
70.089
69.377
68.665
67.954
67.242
66.531
65.819
65.108
64.396
63.685
62.973
62.262
61.55
60.839
60.127
59.416
58.704
57.993
57.281
56.569
55.858
55.146
54.435
53.723
53.012
52.3
51.589
50.877
50.166
49.454
48.743
48.031
47.32
46.608
45.897
45.185
44.473
43.762
43.05
42.339
41.627
41.262
40.896
40.53
40.164
39.799
39.433
39.067
38.701
38.335
37.97
37.604
37.238
36.872
36.507
36.141
35.775
35.409
35.044
34.678
34.312
33.946
33.581
33.215
32.849
32.483
32.118
31.752
31.386
31.02
30.654
30.289
29.923
29.557
29.191
28.826
28.46
28.094
27.728
27.363
26.997
26.631
26.265
25.9
25.534
25.168
24.802
24.436
24.071
23.705
23.339
22.973
22.608
22.242
21.876
21.51
21.145
20.779
20.413
20.047
19.682
19.439
19.196
18.954
18.711
18.469
18.226
17.984
17.741
17.499
17.256
17.013
16.771
16.528
16.286
16.043
15.801
15.558
15.316
15.073
14.831
14.588
14.345
14.103
13.86
13.618
13.375
13.133
12.89
12.648
12.405
12.162
11.92
11.677
11.435
11.192
10.95
10.707
10.465
10.222
9.9795
9.7369
9.4944
9.2518
9.0093
8.7667
8.5242
8.2816
8.0391
7.7965
7.5539
7.3114
7.0688
6.8263
6.5837
6.3412
6.0986
5.8561
5.6135
5.371
5.1284
5.0449
4.9614
4.8778
4.7943
4.7107
4.6272
4.5437
4.4601
4.3766
4.293
4.2095
4.126
4.0424
3.9589
3.8753
3.7918
3.7083
3.6247
3.5412
3.4577
3.3741
3.2906
3.207
3.1235
3.04
2.9564
2.8729
2.7893
2.7058
2.6223
2.5387
2.4552
2.3717
2.2881
2.2046
2.121
2.0375
1.954
1.8704
1.7869
1.7033
1.6198
1.5363
1.4527
1.3692
1.2857
1.2021
1.1186
1.035
0.9515
0.86796
0.78442
0.70089
0.61735
0.53381
0.45027
0.36673
0.28319
0.19965
0.11612
0.12353
0.13095
0.13837
0.14579
0.15321
0.16063
0.16804
0.17546
0.18288
0.1903
0.19772
0.20514
0.21256
0.21997
0.22739
0.23481
0.24223
0.24965
0.25707
0.26448
0.2719
0.27932
0.28674
0.29416
0.30158
0.309
0.31641
0.32383
0.33125
0.33867
0.34609
0.35351
0.36093
0.36834
0.37576
0.38318
0.3906
0.39802
0.40544
0.41285
0.42027
0.42769
0.43511
0.44253
0.44995
0.45737
0.46478
0.4722
0.47962
0.48704
0.49446
0.50188
0.50929
0.51671
0.52413
0.53155
0.53897
0.54639
0.55381
0.56122
0.70056
0.8399
0.97924
1.1186
1.2579
1.3973
1.5366
1.6759
1.8153
1.9546
2.0939
2.2333
2.3726
2.512
2.6513
2.7906
2.93
3.0693
3.2087
3.348
3.4873
3.6267
3.766
3.9053
4.0447
4.184
4.3234
4.4627
4.602
4.7414
4.8807
5.0201
5.1594
5.2987
5.4381
5.5774
5.7167
5.8561
5.9954
6.1348
6.2741
6.4134
6.5528
6.6921
6.8315
6.9708
7.1101
7.2495
7.3888
7.5281
7.6675
7.8068
7.9462
8.0855
8.2248
8.3642
8.5035
8.6429
8.7822
8.9215
9.1299
9.3383
9.5466
9.755
9.9633
10.172
10.38
10.588
10.797
11.005
11.214
11.422
11.63
11.839
12.047
12.255
12.464
12.672
12.88
13.089
13.297
13.506
13.714
13.922
14.131
14.339
14.547
14.756
14.964
15.172
15.381
15.589
15.797
16.006
16.214
16.423
16.631
16.839
17.048
17.256
17.464
17.673
17.881
18.089
18.298
18.506
18.715
18.923
19.131
19.34
19.548
19.756
19.965
20.173
20.381
20.59
20.798
21.007
21.215
21.423
21.696
21.968
22.241
22.513
22.786
23.059
23.331
23.604
23.876
24.149
24.421
24.694
24.966
25.239
25.512
25.784
26.057
26.329
26.602
26.874
27.147
27.419
27.692
27.964
28.237
28.51
28.782
29.055
29.327
29.6
29.872
30.145
30.417
30.69
30.962
31.235
31.508
31.78
32.053
32.325
32.598
32.87
33.143
33.415
33.688
33.961
34.233
34.506
34.778
35.051
35.323
35.596
35.868
36.141
36.413
36.686
36.959
37.231
37.504
37.776
38.659
39.541
40.424
41.306
42.189
43.071
43.954
44.836
45.718
46.601
47.483
48.366
49.248
50.131
51.013
51.896
52.778
53.661
54.543
55.426
56.308
57.191
58.073
58.956
59.838
60.721
61.603
62.486
63.368
64.25
65.133
66.015
66.898
67.78
68.663
69.545
70.428
71.31
72.193
73.075
73.958
74.84
75.723
76.605
77.488
78.37
79.253
80.135
81.018
81.9
82.782
83.665
84.547
85.43
86.312
87.195
88.077
88.96
89.842
90.725
90.982
91.239
91.496
91.753
92.01
92.267
92.524
92.781
93.038
93.295
93.553
93.81
94.067
94.324
94.581
94.838
95.095
95.352
95.609
95.866
96.123
96.38
96.637
96.894
97.151
97.409
97.666
97.923
98.18
98.437
98.694
98.951
99.208
99.465
99.722
99.979
100.24
100.49
100.75
101.01
101.26
101.52
101.78
102.04
102.29
102.55
102.81
103.06
103.32
103.58
103.84
104.09
104.35
104.61
104.86
105.12
105.38
105.63
105.89
106.15
107.1
108.05
108.99
109.94
110.89
111.84
112.79
113.74
114.69
115.63
116.58
117.53
118.48
119.43
120.38
121.33
122.27
123.22
124.17
125.12
126.07
127.02
127.97
128.92
129.86
130.81
131.76
132.71
133.66
134.61
135.56
136.5
137.45
138.4
139.35
140.3
141.25
142.2
143.14
144.09
145.04
145.99
146.94
147.89
148.84
149.78
150.73
151.68
152.63
153.58
154.53
155.48
156.42
157.37
158.32
159.27
160.22
161.17
162.12
163.06
164.33
165.6
166.87
168.14
169.41
170.68
171.94
173.21
174.48
175.75
177.02
178.29
179.56
180.82
182.09
183.36
184.63
185.9
187.17
188.44
189.7
190.97
192.24
193.51
194.78
196.05
197.32
198.58
199.85
201.12
202.39
203.66
204.93
206.2
207.46
208.73
210
211.27
212.54
213.81
215.08
216.34
217.61
218.88
220.15
221.42
222.69
223.96
225.22
226.49
227.76
229.03
230.3
231.57
232.84
234.1
235.37
236.64
237.91
239.18
240.6
242.02
243.44
244.87
246.29
247.71
249.13
250.55
251.97
253.4
254.82
256.24
257.66
259.08
260.5
261.93
263.35
264.77
266.19
267.61
269.04
270.46
271.88
273.3
274.72
276.14
277.57
278.99
280.41
281.83
283.25
284.67
286.1
287.52
288.94
290.36
291.78
293.21
294.63
296.05
297.47
298.89
300.31
301.74
303.16
304.58
306
307.42
308.84
310.27
311.69
313.11
314.53
315.95
317.38
318.8
320.22
321.64
323.06
324.48
325.02
325.56
326.1
326.64
327.18
327.72
328.26
328.8
329.34
329.88
330.42
330.96
331.5
332.03
332.57
333.11
333.65
334.19
334.73
335.27
335.81
336.35
336.89
337.43
337.97
338.51
339.05
339.58
340.12
340.66
341.2
341.74
342.28
342.82
343.36
343.9
344.44
344.98
345.52
346.06
346.6
347.13
347.67
348.21
348.75
349.29
349.83
350.37
350.91
351.45
351.99
352.53
353.07
353.61
354.15
354.68
355.22
355.76
356.3
356.84
358.33
359.82
361.3
362.79
364.28
365.76
367.25
368.74
370.22
371.71
373.2
374.68
376.17
377.66
379.15
380.63
382.12
383.61
385.09
386.58
388.07
389.55
391.04
392.53
394.01
395.5
396.99
398.48
399.96
401.45
402.94
404.42
405.91
407.4
408.88
410.37
411.86
413.34
414.83
416.32
417.81
419.29
420.78
422.27
423.75
425.24
426.73
428.21
429.7
431.19
432.67
434.16
435.65
437.14
438.62
440.11
441.6
443.08
444.57
446.06
447.61
449.17
450.73
452.29
453.84
455.4
456.96
458.52
460.08
461.63
463.19
464.75
466.31
467.86
469.42
470.98
472.54
474.09
475.65
477.21
478.77
480.32
481.88
483.44
485
486.55
488.11
489.67
491.23
492.78
494.34
495.9
497.46
499.01
500.57
502.13
503.69
505.24
506.8
508.36
509.92
511.47
513.03
514.59
516.15
517.7
519.26
520.82
522.38
523.93
525.49
527.05
528.61
530.17
531.72
533.28
534.84
536.4
537.95
539.51
538.7
537.88
537.07
536.26
535.44
534.63
533.82
533.01
532.19
531.38
530.57
529.75
528.94
528.13
527.31
526.5
525.69
524.87
524.06
523.25
522.43
521.62
520.81
520
519.18
518.37
517.56
516.74
515.93
515.12
514.3
513.49
512.68
511.86
511.05
510.24
509.42
508.61
507.8
506.99
506.17
505.36
504.55
503.73
502.92
502.11
501.29
500.48
499.67
498.85
498.04
497.23
496.41
495.6
494.79
493.98
493.16
492.35
491.54
490.72
490.36
489.99
489.62
489.26
488.89
488.52
488.16
487.79
487.43
487.06
486.69
486.33
485.96
485.59
485.23
484.86
484.49
484.13
483.76
483.39
483.03
482.66
482.3
481.93
481.56
481.2
480.83
480.46
480.1
479.73
479.36
479
478.63
478.26
477.9
477.53
477.17
476.8
476.43
476.07
475.7
475.33
474.97
474.6
474.23
473.87
473.5
473.14
472.77
472.4
472.04
471.67
471.3
470.94
470.57
470.2
469.84
469.47
469.1
468.74
467.82
466.91
465.99
465.08
464.16
463.24
462.33
461.41
460.5
459.58
458.67
457.75
456.83
455.92
455
454.09
453.17
452.26
451.34
450.42
449.51
448.59
447.68
446.76
445.85
444.93
444.01
443.1
442.18
441.27
440.35
439.44
438.52
437.6
436.69
435.77
434.86
433.94
433.03
432.11
431.19
430.28
429.36
428.45
427.53
426.62
425.7
424.78
423.87
422.95
422.04
421.12
420.21
419.29
418.37
417.46
416.54
415.63
414.71
413.8
412.81
411.82
410.83
409.84
408.86
407.87
406.88
405.89
404.9
403.92
402.93
401.94
400.95
399.97
398.98
397.99
397
396.01
395.03
394.04
393.05
392.06
391.07
390.09
389.1
388.11
387.12
386.13
385.15
384.16
383.17
382.18
381.19
380.21
379.22
378.23
377.24
376.25
375.27
374.28
373.29
372.3
371.31
370.33
369.34
368.35
367.36
366.37
365.39
364.4
363.41
362.42
361.44
360.45
359.46
358.47
357.48
356.5
355.51
354.52
352.92
351.32
349.73
348.13
346.53
344.93
343.34
341.74
340.14
338.54
336.95
335.35
333.75
332.15
330.56
328.96
327.36
325.76
324.17
322.57
320.97
319.37
317.78
316.18
314.58
312.98
311.39
309.79
308.19
306.59
305
303.4
301.8
300.2
298.61
297.01
295.41
293.81
292.21
290.62
289.02
287.42
285.82
284.23
282.63
281.03
279.43
277.84
276.24
274.64
273.04
271.45
269.85
268.25
266.65
265.06
263.46
261.86
260.26
258.67
257.81
256.96
256.11
255.26
254.41
253.55
252.7
251.85
251
250.14
249.29
248.44
247.59
246.74
245.88
245.03
244.18
243.33
242.48
241.62
240.77
239.92
239.07
238.21
237.36
236.51
235.66
234.81
233.95
233.1
232.25
231.4
230.55
229.69
228.84
227.99
227.14
226.28
225.43
224.58
223.73
222.88
222.02
221.17
220.32
219.47
218.61
217.76
216.91
216.06
215.21
214.35
213.5
212.65
211.8
210.95
210.09
209.24
208.39
207.54
206.03
204.52
203.02
201.51
200
198.49
196.99
195.48
193.97
192.46
190.96
189.45
187.94
186.44
184.93
183.42
181.91
180.41
178.9
177.39
175.88
174.38
172.87
171.36
169.86
168.35
166.84
165.33
163.83
162.32
160.81
159.31
157.8
156.29
154.78
153.28
151.77
150.26
148.75
147.25
145.74
144.23
142.73
141.22
139.71
138.2
136.7
135.19
133.68
132.17
130.67
129.16
127.65
126.15
124.64
123.13
121.62
120.12
118.61
117.1
115.85
114.6
113.35
112.1
110.84
109.59
108.34
107.09
105.84
104.58
103.33
102.08
100.83
99.577
98.326
97.074
95.822
94.57
93.318
92.067
90.815
89.563
88.311
87.059
85.808
84.556
83.304
82.052
80.8
79.549
78.297
77.045
75.793
74.542
73.29
72.038
70.786
69.534
68.283
67.031
65.779
64.527
63.275
62.024
60.772
59.52
58.268
57.017
55.765
54.513
53.261
52.009
50.758
49.506
48.254
47.002
45.75
44.499
43.247
41.995
41.361
40.726
40.092
39.457
38.823
38.188
37.554
36.92
36.285
35.651
35.016
34.382
33.747
33.113
32.478
31.844
31.21
30.575
29.941
29.306
28.672
28.037
27.403
26.768
26.134
25.5
24.865
24.231
23.596
22.962
22.327
21.693
21.058
20.424
19.79
19.155
18.521
17.886
17.252
16.617
15.983
15.349
14.714
14.08
13.445
12.811
12.176
11.542
10.907
10.273
9.6385
9.0041
8.3697
7.7352
7.1008
6.4663
5.8319
5.1975
4.563
3.9286
3.8631
3.7976
3.7321
3.6667
3.6012
3.5357
3.4702
3.4048
3.3393
3.2738
3.2083
3.1429
3.0774
3.0119
2.9464
2.881
2.8155
2.75
2.6845
2.619
2.5536
2.4881
2.4226
2.3571
2.2917
2.2262
2.1607
2.0952
2.0298
1.9643
1.8988
1.8333
1.7679
1.7024
1.6369
1.5714
1.506
1.4405
1.375
1.3095
1.244
1.1786
1.1131
1.0476
0.98214
0.91667
0.85119
0.78571
0.72024
0.65476
0.58929
0.52381
0.45833
0.39286
0.32738
0.2619
0.19643
0.13095
0.065476
0
0
0
0
0
0
0
0
0
0
0
0
0
0
0
0
0
0
0
0
0
0
0
0
0
0
0
0
0
0
0
0
0
0
0
0
0
0
0
0
0
0
0
0
0
0
0
0
0
0
0
0
0
0
0
0
0
0
0
0
0
0
0
0
0
0
0
0
0
0
0
0
0
0
0
0
0
0
0
0
0
0
0
0
0
0
0
0
0
0
0
0
0
0
0
0
0
0
0
0
0
0
0
0
0
0
0
0
0
0
0
0
0
0
0
0
0
0
0
0
0
0
0
0
0
0
0
0
0
0
0
0
0
0
0
0
0
0
0
0
0
0
0
0
0
0
0
0
0
0
0
0
0
0
0
0
0
0
0
0
0
0
0
0
0
0
0
0
0
0
0
0
0
0
0
0
0
0
0
0
0
0.13289
0.26578
0.39866
0.53155
0.66444
0.79733
0.93021
1.0631
1.196
1.3289
1.4618
1.5947
1.7275
1.8604
1.9933
2.1262
2.2591
2.392
2.5249
2.6578
2.7906
2.9235
3.0564
3.1893
3.3222
3.4551
3.588
3.7209
3.8537
3.9866
4.1195
4.2524
4.3853
4.5182
4.6511
4.784
4.9168
5.0497
5.1826
5.3155
5.4484
5.5813
5.7142
5.8471
5.9799
6.1128
6.2457
6.3786
6.5115
6.6444
6.7773
6.9102
7.043
7.1759
7.3088
7.4417
7.5746
7.7075
7.8404
7.9733
8.8003
9.6273
10.454
11.281
12.108
12.935
13.762
14.589
15.416
16.243
17.07
17.897
18.724
19.551
20.378
21.205
22.032
22.859
23.686
24.513
25.34
26.167
26.994
27.821
28.648
29.475
30.302
31.129
31.956
32.783
33.61
34.437
35.264
36.091
36.918
37.745
38.572
39.399
40.226
41.053
41.88
42.707
43.534
44.361
45.188
46.015
46.842
47.669
48.496
49.323
50.15
50.977
51.804
52.631
53.458
54.285
55.112
55.939
56.766
57.593
58.998
60.403
61.808
63.213
64.618
66.023
67.428
68.833
70.238
71.643
73.048
74.453
75.858
77.263
78.668
80.073
81.478
82.883
84.288
85.693
87.098
88.503
89.908
91.313
92.718
94.123
95.528
96.933
98.338
99.743
101.15
102.55
103.96
105.36
106.77
108.17
109.58
110.98
112.39
113.79
115.2
116.6
118.01
119.41
120.82
122.22
123.63
125.03
126.44
127.84
129.25
130.65
132.06
133.46
134.87
136.27
137.68
139.08
140.49
141.89
143.57
145.24
146.91
148.59
150.26
151.93
153.61
155.28
156.96
158.63
160.3
161.98
163.65
165.32
167
168.67
170.35
172.02
173.69
175.37
177.04
178.71
180.39
182.06
183.73
185.41
187.08
188.76
190.43
192.1
193.78
195.45
197.12
198.8
200.47
202.15
203.82
205.49
207.17
208.84
210.51
212.19
213.86
215.53
217.21
218.88
220.56
222.23
223.9
225.58
227.25
228.92
230.6
232.27
233.94
235.62
237.29
238.97
240.64
242.31
244.48
246.64
248.8
250.97
253.13
255.29
257.45
259.62
261.78
263.94
266.11
268.27
270.43
272.59
274.76
276.92
279.08
281.25
283.41
285.57
287.74
289.9
292.06
294.22
296.39
298.55
300.71
302.88
305.04
307.2
309.37
311.53
313.69
315.85
318.02
320.18
322.34
324.51
326.67
328.83
331
333.16
335.32
337.48
339.65
341.81
343.97
346.14
348.3
350.46
352.62
354.79
356.95
359.11
361.28
363.44
365.6
367.77
369.93
372.09
374.1
376.11
378.12
380.13
382.15
384.16
386.17
388.18
390.19
392.2
394.21
396.22
398.23
400.24
402.25
404.26
406.27
408.28
410.3
412.31
414.32
416.33
418.34
420.35
422.36
424.37
426.38
428.39
430.4
432.41
434.42
436.43
438.45
440.46
442.47
444.48
446.49
448.5
450.51
452.52
454.53
456.54
458.55
460.56
462.57
464.59
466.6
468.61
470.62
472.63
474.64
476.65
478.66
480.67
482.68
484.69
486.7
488.71
490.72
492.74
494.37
496.01
497.65
499.29
500.92
502.56
504.2
505.84
507.47
509.11
510.75
512.39
514.02
515.66
517.3
518.94
520.57
522.21
523.85
525.49
527.12
528.76
530.4
532.04
533.67
535.31
536.95
538.59
540.22
541.86
543.5
545.14
546.77
548.41
550.05
551.69
553.32
554.96
556.6
558.24
559.87
561.51
563.15
564.79
566.43
568.06
569.7
571.34
572.98
574.61
576.25
577.89
579.53
581.16
582.8
584.44
586.08
587.71
589.35
590.99
592.56
594.14
595.71
597.29
598.86
600.43
602.01
603.58
605.16
606.73
608.31
609.88
611.45
613.03
614.6
616.18
617.75
619.33
620.9
622.47
624.05
625.62
627.2
628.77
630.35
631.92
633.5
635.07
636.64
638.22
639.79
641.37
642.94
644.52
646.09
647.66
649.24
650.81
652.39
653.96
655.54
657.11
658.68
660.26
661.83
663.41
664.98
666.56
668.13
669.7
671.28
672.85
674.43
676
677.58
679.15
680.73
682.3
683.87
685.45
685.09
684.73
684.38
684.02
683.66
683.31
682.95
682.59
682.23
681.88
681.52
681.16
680.81
680.45
680.09
679.74
679.38
679.02
678.66
678.31
677.95
677.59
677.24
676.88
676.52
676.16
675.81
675.45
675.09
674.74
674.38
674.02
673.67
673.31
672.95
672.59
672.24
671.88
671.52
671.17
670.81
670.45
670.09
669.74
669.38
669.02
668.67
668.31
667.95
667.6
667.24
666.88
666.52
666.17
665.81
665.45
665.1
664.74
664.38
664.02
663.81
663.6
663.38
663.17
662.95
662.74
662.52
662.31
662.09
661.88
661.67
661.45
661.24
661.02
660.81
660.59
660.38
660.16
659.95
659.74
659.52
659.31
659.09
658.88
658.66
658.45
658.23
658.02
657.8
657.59
657.38
657.16
656.95
656.73
656.52
656.3
656.09
655.87
655.66
655.45
655.23
655.02
654.8
654.59
654.37
654.16
653.94
653.73
653.51
653.3
653.09
652.87
652.66
652.44
652.23
652.01
651.8
651.58
651.37
651.16
650.55
649.95
649.35
648.74
648.14
647.54
646.94
646.33
645.73
645.13
644.52
643.92
643.32
642.72
642.11
641.51
640.91
640.3
639.7
639.1
638.5
637.89
637.29
636.69
636.08
635.48
634.88
634.28
633.67
633.07
632.47
631.86
631.26
630.66
630.06
629.45
628.85
628.25
627.65
627.04
626.44
625.84
625.23
624.63
624.03
623.43
622.82
622.22
621.62
621.01
620.41
619.81
619.21
618.6
618
617.4
616.79
616.19
615.59
614.99
614.57
614.16
613.75
613.34
612.93
612.52
612.11
611.7
611.28
610.87
610.46
610.05
609.64
609.23
608.82
608.41
607.99
607.58
607.17
606.76
606.35
605.94
605.53
605.12
604.7
604.29
603.88
603.47
603.06
602.65
602.24
601.83
601.41
601
600.59
600.18
599.77
599.36
598.95
598.54
598.12
597.71
597.3
596.89
596.48
596.07
595.66
595.25
594.83
594.42
594.01
593.6
593.19
592.78
592.37
591.96
591.54
591.13
590.72
590.31
587.81
585.3
582.8
580.29
577.79
575.28
572.77
570.27
567.76
565.26
562.75
560.25
557.74
555.24
552.73
550.23
547.72
545.22
542.71
540.21
537.7
535.2
532.69
530.19
527.68
525.18
522.67
520.17
517.66
515.16
512.65
510.15
507.64
505.13
502.63
500.12
497.62
495.11
492.61
490.1
487.6
485.09
482.59
480.08
477.58
475.07
472.57
470.06
467.56
465.05
462.55
460.04
457.54
455.03
452.53
450.02
447.52
445.01
442.5
440
438.81
437.63
436.44
435.25
434.07
432.88
431.7
430.51
429.32
428.14
426.95
425.76
424.58
423.39
422.21
421.02
419.83
418.65
417.46
416.27
415.09
413.9
412.71
411.53
410.34
409.16
407.97
406.78
405.6
404.41
403.22
402.04
400.85
399.67
398.48
397.29
396.11
394.92
393.73
392.55
391.36
390.17
388.99
387.8
386.62
385.43
384.24
383.06
381.87
380.68
379.5
378.31
377.13
375.94
374.75
373.57
372.38
371.19
370.01
368.82
366.9
364.97
363.04
361.12
359.19
357.27
355.34
353.41
351.49
349.56
347.64
345.71
343.78
341.86
339.93
338.01
336.08
334.15
332.23
330.3
328.38
326.45
324.53
322.6
320.67
318.75
316.82
314.9
312.97
311.04
309.12
307.19
305.27
303.34
301.41
299.49
297.56
295.64
293.71
291.78
289.86
287.93
286.01
284.08
282.16
280.23
278.3
276.38
274.45
272.53
270.6
268.67
266.75
264.82
262.9
260.97
259.04
257.12
255.19
253.27
252.12
250.97
249.82
248.67
247.52
246.38
245.23
244.08
242.93
241.78
240.63
239.48
238.34
237.19
236.04
234.89
233.74
232.59
231.44
230.3
229.15
228
226.85
225.7
224.55
223.4
222.26
221.11
219.96
218.81
217.66
216.51
215.36
214.22
213.07
211.92
210.77
209.62
208.47
207.32
206.18
205.03
203.88
202.73
201.58
200.43
199.28
198.14
196.99
195.84
194.69
193.54
192.39
191.24
190.1
188.95
187.8
186.65
185.5
184.35
183.34
182.33
181.32
180.31
179.3
178.29
177.28
176.27
175.26
174.25
173.24
172.23
171.22
170.21
169.2
168.19
167.18
166.17
165.16
164.15
163.14
162.13
161.12
160.11
159.1
158.09
157.08
156.07
155.06
154.05
153.04
152.03
151.02
150.01
149
147.99
146.97
145.96
144.95
143.94
142.93
141.92
140.91
139.9
138.89
137.88
136.87
135.86
134.85
133.84
132.83
131.82
130.81
129.8
128.79
127.78
126.77
125.76
124.75
123.74
122.7
121.65
120.61
119.57
118.52
117.48
116.44
115.4
114.35
113.31
112.27
111.22
110.18
109.14
108.09
107.05
106.01
104.96
103.92
102.88
101.84
100.79
99.749
98.706
97.663
96.62
95.576
94.533
93.49
92.447
91.404
90.361
89.318
88.275
87.232
86.189
85.145
84.102
83.059
82.016
80.973
79.93
78.887
77.844
76.801
75.758
74.714
73.671
72.628
71.585
70.542
69.499
68.456
67.413
66.37
65.326
64.283
63.24
62.197
61.154
60.779
60.404
60.029
59.654
59.278
58.903
58.528
58.153
57.778
57.403
57.028
56.653
56.278
55.902
55.527
55.152
54.777
54.402
54.027
53.652
53.277
52.902
52.526
52.151
51.776
51.401
51.026
50.651
50.276
49.901
49.525
49.15
48.775
48.4
48.025
47.65
47.275
46.9
46.525
46.149
45.774
45.399
45.024
44.649
44.274
43.899
43.524
43.148
42.773
42.398
42.023
41.648
41.273
40.898
40.523
40.148
39.772
39.397
39.022
38.647
38.209
37.771
37.333
36.895
36.457
36.019
35.581
35.143
34.705
34.267
33.829
33.391
32.953
32.515
32.077
31.639
31.201
30.763
30.325
29.887
29.449
29.011
28.573
28.135
27.697
27.259
26.821
26.383
25.945
25.507
25.069
24.631
24.193
23.755
23.317
22.879
22.441
22.003
21.565
21.127
20.689
20.251
19.813
19.374
18.936
18.498
18.06
17.622
17.184
16.746
16.308
15.87
15.432
14.994
14.556
14.118
13.68
13.242
12.804
12.366
12.177
11.988
11.798
11.609
11.42
11.23
11.041
10.852
10.662
10.473
10.284
10.094
9.905
9.7156
9.5263
9.337
9.1476
8.9583
8.769
8.5796
8.3903
8.201
8.0116
7.8223
7.633
7.4436
7.2543
7.065
6.8756
6.6863
6.497
6.3076
6.1183
5.929
5.7396
5.5503
5.361
5.1716
4.9823
4.793
4.6037
4.4143
4.225
4.0357
3.8463
3.657
3.4677
3.2783
3.089
2.8997
2.7103
2.521
2.3317
2.1423
1.953
1.7637
1.5743
1.385
1.1957
1.0063
0.98956
0.97279
0.95602
0.93924
0.92247
0.9057
0.88893
0.87216
0.85538
0.83861
0.82184
0.80507
0.78829
0.77152
0.75475
0.73798
0.72121
0.70443
0.68766
0.67089
0.65412
0.63734
0.62057
0.6038
0.58703
0.57026
0.55348
0.53671
0.51994
0.50317
0.48639
0.46962
0.45285
0.43608
0.41931
0.40253
0.38576
0.36899
0.35222
0.33544
0.31867
0.3019
0.28513
0.26836
0.25158
0.23481
0.21804
0.20127
0.18449
0.16772
0.15095
0.13418
0.11741
0.10063
0.083861
0.067089
0.050317
0.033544
0.016772
0
0
0
0
0
0
0
0
0
0
0
0
0
0
0
0
0
0
0
0
0
0
0
0
0
0
0
0
0
0
0
0
0
0
0
0
0
0
0
0
0
0
0
0
0
0
0
0
0
0
0
0
0
0
0
0
0
0
0
0
0
0.11708
0.23417
0.35125
0.46833
0.58541
0.7025
0.81958
0.93666
1.0537
1.1708
1.2879
1.405
1.5221
1.6392
1.7562
1.8733
1.9904
2.1075
2.2246
2.3417
2.4587
2.5758
2.6929
2.81
2.9271
3.0442
3.1612
3.2783
3.3954
3.5125
3.6296
3.7467
3.8637
3.9808
4.0979
4.215
4.3321
4.4492
4.5662
4.6833
4.8004
4.9175
5.0346
5.1517
5.2687
5.3858
5.5029
5.62
5.7371
5.8541
5.9712
6.0883
6.2054
6.3225
6.4396
6.5566
6.6737
6.7908
6.9079
7.025
7.4791
7.9333
8.3874
8.8415
9.2957
9.7498
10.204
10.658
11.112
11.566
12.021
12.475
12.929
13.383
13.837
14.291
14.745
15.199
15.654
16.108
16.562
17.016
17.47
17.924
18.378
18.833
19.287
19.741
20.195
20.649
21.103
21.557
22.012
22.466
22.92
23.374
23.828
24.282
24.736
25.191
25.645
26.099
26.553
27.007
27.461
27.915
28.37
28.824
29.278
29.732
30.186
30.64
31.094
31.549
32.003
32.457
32.911
33.365
33.819
34.273
35.223
36.173
37.122
38.072
39.021
39.971
40.92
41.87
42.819
43.769
44.719
45.668
46.618
47.567
48.517
49.466
50.416
51.366
52.315
53.265
54.214
55.164
56.113
57.063
58.013
58.962
59.912
60.861
61.811
62.76
63.71
64.659
65.609
66.559
67.508
68.458
69.407
70.357
71.306
72.256
73.206
74.155
75.105
76.054
77.004
77.953
78.903
79.853
80.802
81.752
82.701
83.651
84.6
85.55
86.499
87.449
88.399
89.348
90.298
91.247
92.363
93.478
94.593
95.709
96.824
97.939
99.055
100.17
101.29
102.4
103.52
104.63
105.75
106.86
107.98
109.09
110.21
111.32
112.44
113.55
114.67
115.79
116.9
118.02
119.13
120.25
121.36
122.48
123.59
124.71
125.82
126.94
128.05
129.17
130.28
131.4
132.52
133.63
134.75
135.86
136.98
138.09
139.21
140.32
141.44
142.55
143.67
144.78
145.9
147.01
148.13
149.25
150.36
151.48
152.59
153.71
154.82
155.94
157.05
158.17
159.88
161.59
163.3
165.01
166.72
168.43
170.13
171.84
173.55
175.26
176.97
178.68
180.39
182.1
183.81
185.52
187.23
188.94
190.65
192.36
194.07
195.78
197.49
199.2
200.91
202.61
204.32
206.03
207.74
209.45
211.16
212.87
214.58
216.29
218
219.71
221.42
223.13
224.84
226.55
228.26
229.97
231.68
233.39
235.09
236.8
238.51
240.22
241.93
243.64
245.35
247.06
248.77
250.48
252.19
253.9
255.61
257.32
259.03
260.74
263.05
265.35
267.66
269.97
272.28
274.59
276.9
279.21
281.52
283.82
286.13
288.44
290.75
293.06
295.37
297.68
299.99
302.29
304.6
306.91
309.22
311.53
313.84
316.15
318.46
320.76
323.07
325.38
327.69
330
332.31
334.62
336.93
339.23
341.54
343.85
346.16
348.47
350.78
353.09
355.4
357.7
360.01
362.32
364.63
366.94
369.25
371.56
373.87
376.18
378.48
380.79
383.1
385.41
387.72
390.03
392.34
394.65
396.95
399.26
400.8
402.34
403.87
405.41
406.95
408.48
410.02
411.56
413.09
414.63
416.17
417.7
419.24
420.77
422.31
423.85
425.38
426.92
428.46
429.99
431.53
433.07
434.6
436.14
437.68
439.21
440.75
442.29
443.82
445.36
446.9
448.43
449.97
451.51
453.04
454.58
456.12
457.65
459.19
460.73
462.26
463.8
465.34
466.87
468.41
469.95
471.48
473.02
474.56
476.09
477.63
479.17
480.7
482.24
483.78
485.31
486.85
488.38
489.92
491.46
493.1
494.75
496.4
498.04
499.69
501.34
502.98
504.63
506.28
507.92
509.57
511.22
512.86
514.51
516.16
517.8
519.45
521.1
522.74
524.39
526.04
527.68
529.33
530.98
532.62
534.27
535.92
537.56
539.21
540.86
542.5
544.15
545.8
547.44
549.09
550.74
552.38
554.03
555.67
557.32
558.97
560.61
562.26
563.91
565.55
567.2
568.85
570.49
572.14
573.79
575.43
577.08
578.73
580.37
582.02
583.67
585.31
586.96
588.61
590.25
591.05
591.84
592.64
593.43
594.23
595.02
595.82
596.61
597.41
598.2
599
599.79
600.59
601.38
602.18
602.97
603.77
604.56
605.36
606.15
606.95
607.74
608.54
609.33
610.13
610.92
611.72
612.51
613.31
614.11
614.9
615.7
616.49
617.29
618.08
618.88
619.67
620.47
621.26
622.06
622.85
623.65
624.44
625.24
626.03
626.83
627.62
628.42
629.21
630.01
630.8
631.6
632.39
633.19
633.98
634.78
635.57
636.37
637.16
637.96
637.79
637.63
637.47
637.31
637.15
636.98
636.82
636.66
636.5
636.33
636.17
636.01
635.85
635.69
635.52
635.36
635.2
635.04
634.87
634.71
634.55
634.39
634.23
634.06
633.9
633.74
633.58
633.41
633.25
633.09
632.93
632.77
632.6
632.44
632.28
632.12
631.95
631.79
631.63
631.47
631.31
631.14
630.98
630.82
630.66
630.49
630.33
630.17
630.01
629.85
629.68
629.52
629.36
629.2
629.03
628.87
628.71
628.55
628.38
628.22
629.6
630.99
632.37
633.75
635.13
636.51
637.89
639.27
640.66
642.04
643.42
644.8
646.18
647.56
648.94
650.33
651.71
653.09
654.47
655.85
657.23
658.61
660
661.38
662.76
664.14
665.52
666.9
668.28
669.67
671.05
672.43
673.81
675.19
676.57
677.95
679.34
680.72
682.1
683.48
684.86
686.24
687.63
689.01
690.39
691.77
693.15
694.53
695.91
697.3
698.68
700.06
701.44
702.82
704.2
705.58
706.97
708.35
709.73
711.11
710.74
710.37
710
709.63
709.26
708.9
708.53
708.16
707.79
707.42
707.05
706.68
706.31
705.94
705.57
705.21
704.84
704.47
704.1
703.73
703.36
702.99
702.62
702.25
701.88
701.52
701.15
700.78
700.41
700.04
699.67
699.3
698.93
698.56
698.2
697.83
697.46
697.09
696.72
696.35
695.98
695.61
695.24
694.87
694.51
694.14
693.77
693.4
693.03
692.66
692.29
691.92
691.55
691.18
690.82
690.45
690.08
689.71
689.34
688.97
687.98
686.98
685.99
684.99
684
683
682.01
681.01
680.01
679.02
678.02
677.03
676.03
675.04
674.04
673.05
672.05
671.06
670.06
669.07
668.07
667.08
666.08
665.09
664.09
663.1
662.1
661.11
660.11
659.12
658.12
657.13
656.13
655.14
654.14
653.15
652.15
651.16
650.16
649.17
648.17
647.18
646.18
645.19
644.19
643.2
642.2
641.21
640.21
639.22
638.22
637.23
636.23
635.24
634.24
633.25
632.25
631.26
630.26
629.27
628.62
627.98
627.34
626.69
626.05
625.4
624.76
624.12
623.47
622.83
622.19
621.54
620.9
620.25
619.61
618.97
618.32
617.68
617.04
616.39
615.75
615.1
614.46
613.82
613.17
612.53
611.89
611.24
610.6
609.95
609.31
608.67
608.02
607.38
606.73
606.09
605.45
604.8
604.16
603.52
602.87
602.23
601.58
600.94
600.3
599.65
599.01
598.37
597.72
597.08
596.43
595.79
595.15
594.5
593.86
593.22
592.57
591.93
591.28
590.64
588.98
587.32
585.66
584
582.34
580.68
579.01
577.35
575.69
574.03
572.37
570.71
569.05
567.39
565.73
564.07
562.41
560.75
559.09
557.42
555.76
554.1
552.44
550.78
549.12
547.46
545.8
544.14
542.48
540.82
539.16
537.5
535.83
534.17
532.51
530.85
529.19
527.53
525.87
524.21
522.55
520.89
519.23
517.57
515.91
514.24
512.58
510.92
509.26
507.6
505.94
504.28
502.62
500.96
499.3
497.64
495.98
494.32
492.65
490.99
489.23
487.47
485.71
483.95
482.19
480.43
478.66
476.9
475.14
473.38
471.62
469.86
468.1
466.33
464.57
462.81
461.05
459.29
457.53
455.77
454
452.24
450.48
448.72
446.96
445.2
443.44
441.67
439.91
438.15
436.39
434.63
432.87
431.11
429.34
427.58
425.82
424.06
422.3
420.54
418.78
417.01
415.25
413.49
411.73
409.97
408.21
406.45
404.68
402.92
401.16
399.4
397.64
395.88
394.12
392.36
390.59
388.83
387.07
385.31
383.32
381.34
379.35
377.36
375.38
373.39
371.41
369.42
367.43
365.45
363.46
361.47
359.49
357.5
355.52
353.53
351.54
349.56
347.57
345.59
343.6
341.61
339.63
337.64
335.65
333.67
331.68
329.7
327.71
325.72
323.74
321.75
319.76
317.78
315.79
313.81
311.82
309.83
307.85
305.86
303.87
301.89
299.9
297.92
295.93
293.94
291.96
289.97
287.98
286
284.01
282.03
280.04
278.05
276.07
274.08
272.1
270.11
268.12
266.14
264.59
263.03
261.48
259.93
258.38
256.83
255.28
253.73
252.18
250.63
249.07
247.52
245.97
244.42
242.87
241.32
239.77
238.22
236.67
235.11
233.56
232.01
230.46
228.91
227.36
225.81
224.26
222.71
221.15
219.6
218.05
216.5
214.95
213.4
211.85
210.3
208.75
207.19
205.64
204.09
202.54
200.99
199.44
197.89
196.34
194.79
193.23
191.68
190.13
188.58
187.03
185.48
183.93
182.38
180.83
179.27
177.72
176.17
174.62
173.07
171.69
170.31
168.92
167.54
166.16
164.78
163.4
162.02
160.63
159.25
157.87
156.49
155.11
153.73
152.34
150.96
149.58
148.2
146.82
145.43
144.05
142.67
141.29
139.91
138.53
137.14
135.76
134.38
133
131.62
130.23
128.85
127.47
126.09
124.71
123.33
121.94
120.56
119.18
117.8
116.42
115.04
113.65
112.27
110.89
109.51
108.13
106.74
105.36
103.98
102.6
101.22
99.836
98.454
97.072
95.691
94.309
92.927
91.545
90.164
89.495
88.826
88.157
87.488
86.819
86.15
85.481
84.812
84.143
83.474
82.805
82.136
81.467
80.798
80.129
79.46
78.791
78.122
77.453
76.784
76.116
75.447
74.778
74.109
73.44
72.771
72.102
71.433
70.764
70.095
69.426
68.757
68.088
67.419
66.75
66.081
65.412
64.743
64.074
63.405
62.736
62.068
61.399
60.73
60.061
59.392
58.723
58.054
57.385
56.716
56.047
55.378
54.709
54.04
53.371
52.702
52.033
51.364
50.695
50.026
49.437
48.848
48.259
47.669
47.08
46.491
45.901
45.312
44.723
44.134
43.544
42.955
42.366
41.776
41.187
40.598
40.009
39.419
38.83
38.241
37.651
37.062
36.473
35.884
35.294
34.705
34.116
33.526
32.937
32.348
31.759
31.169
30.58
29.991
29.401
28.812
28.223
27.634
27.044
26.455
25.866
25.276
24.687
24.098
23.509
22.919
22.33
21.741
21.151
20.562
19.973
19.384
18.794
18.205
17.616
17.026
16.437
15.848
15.259
14.669
14.475
14.28
14.086
13.891
13.697
13.502
13.308
13.113
12.919
12.724
12.53
12.335
12.141
11.946
11.752
11.557
11.363
11.168
10.974
10.779
10.585
10.39
10.196
10.001
9.8069
9.6124
9.4179
9.2234
9.0289
8.8344
8.6399
8.4455
8.251
8.0565
7.862
7.6675
7.473
7.2785
7.084
6.8895
6.695
6.5005
6.306
6.1115
5.917
5.7226
5.5281
5.3336
5.1391
4.9446
4.7501
4.5556
4.3611
4.1666
3.9721
3.7776
3.5831
3.3886
3.1941
2.9996
2.9948
2.99
2.9851
2.9803
2.9755
2.9706
2.9658
2.9609
2.9561
2.9513
2.9464
2.9416
2.9368
2.9319
2.9271
2.9222
2.9174
2.9126
2.9077
2.9029
2.898
2.8932
2.8884
2.8835
2.8787
2.8739
2.869
2.8642
2.8593
2.8545
2.8497
2.8448
2.84
2.8351
2.8303
2.8255
2.8206
2.8158
2.811
2.8061
2.8013
2.7964
2.7916
2.7868
2.7819
2.7771
2.7723
2.7674
2.7626
2.7577
2.7529
2.7481
2.7432
2.7384
2.7335
2.7287
2.7239
2.719
2.7142
2.7094
2.899
3.0887
3.2783
3.468
3.6576
3.8473
4.0369
4.2266
4.4163
4.6059
4.7956
4.9852
5.1749
5.3645
5.5542
5.7438
5.9335
6.1231
6.3128
6.5025
6.6921
6.8818
7.0714
7.2611
7.4507
7.6404
7.83
8.0197
8.2094
8.399
8.5887
8.7783
8.968
9.1576
9.3473
9.5369
9.7266
9.9163
10.106
10.296
10.485
10.675
10.865
11.054
11.244
11.433
11.623
11.813
12.002
12.192
12.382
12.571
12.761
12.951
13.14
13.33
13.52
13.709
13.899
14.089
14.262
14.436
14.609
14.783
14.956
15.13
15.303
15.477
15.65
15.824
15.997
16.171
16.345
16.518
16.692
16.865
17.039
17.212
17.386
17.559
17.733
17.906
18.08
18.253
18.427
18.6
18.774
18.947
19.121
19.294
19.468
19.642
19.815
19.989
20.162
20.336
20.509
20.683
20.856
21.03
21.203
21.377
21.55
21.724
21.897
22.071
22.244
22.418
22.592
22.765
22.939
23.112
23.286
23.459
23.633
23.806
23.98
24.153
24.327
24.5
25.013
25.525
26.038
26.55
27.063
27.575
28.088
28.6
29.113
29.626
30.138
30.651
31.163
31.676
32.188
32.701
33.213
33.726
34.238
34.751
35.263
35.776
36.288
36.801
37.313
37.826
38.338
38.851
39.363
39.876
40.388
40.901
41.414
41.926
42.439
42.951
43.464
43.976
44.489
45.001
45.514
46.026
46.539
47.051
47.564
48.076
48.589
49.101
49.614
50.126
50.639
51.151
51.664
52.176
52.689
53.201
53.714
54.227
54.739
55.252
56.099
56.946
57.793
58.64
59.487
60.334
61.181
62.028
62.875
63.722
64.569
65.416
66.263
67.11
67.957
68.804
69.65
70.497
71.344
72.191
73.038
73.885
74.732
75.579
76.426
77.273
78.12
78.967
79.814
80.661
81.508
82.355
83.202
84.049
84.896
85.743
86.59
87.437
88.284
89.131
89.978
90.825
91.672
92.519
93.366
94.213
95.06
95.907
96.754
97.601
98.448
99.295
100.14
100.99
101.84
102.68
103.53
104.38
105.22
106.07
106.82
107.57
108.32
109.07
109.82
110.57
111.32
112.07
112.81
113.56
114.31
115.06
115.81
116.56
117.31
118.06
118.81
119.56
120.31
121.06
121.81
122.56
123.3
124.05
124.8
125.55
126.3
127.05
127.8
128.55
129.3
130.05
130.8
131.55
132.3
133.04
133.79
134.54
135.29
136.04
136.79
137.54
138.29
139.04
139.79
140.54
141.29
142.04
142.79
143.53
144.28
145.03
145.78
146.53
147.28
148.03
148.78
149.53
150.28
151.03
152.71
154.39
156.07
157.75
159.43
161.11
162.79
164.47
166.15
167.83
169.51
171.19
172.87
174.55
176.23
177.91
179.59
181.27
182.95
184.63
186.31
187.99
189.67
191.35
193.03
194.71
196.39
198.07
199.75
201.43
203.11
204.79
206.47
208.15
209.83
211.51
213.19
214.87
216.55
218.23
219.91
221.59
223.27
224.95
226.63
228.31
229.99
231.67
233.35
235.03
236.71
238.39
240.07
241.75
243.43
245.11
246.79
248.47
250.15
251.83
253.67
255.5
257.33
259.16
260.99
262.83
264.66
266.49
268.32
270.15
271.98
273.82
275.65
277.48
279.31
281.14
282.97
284.81
286.64
288.47
290.3
292.13
293.96
295.8
297.63
299.46
301.29
303.12
304.95
306.79
308.62
310.45
312.28
314.11
315.95
317.78
319.61
321.44
323.27
325.1
326.94
328.77
330.6
332.43
334.26
336.09
337.93
339.76
341.59
343.42
345.25
347.08
348.92
350.75
352.58
354.41
356.24
358.07
359.91
361.74
363.62
365.51
367.4
369.28
371.17
373.06
374.94
376.83
378.71
380.6
382.49
384.37
386.26
388.15
390.03
391.92
393.8
395.69
397.58
399.46
401.35
403.24
405.12
407.01
408.89
410.78
412.67
414.55
416.44
418.32
420.21
422.1
423.98
425.87
427.76
429.64
431.53
433.41
435.3
437.19
439.07
440.96
442.85
444.73
446.62
448.5
450.39
452.28
454.16
456.05
457.94
459.82
461.71
463.59
465.48
467.37
469.25
471.14
473.03
474.91
475.22
475.54
475.85
476.16
476.47
476.79
477.1
477.41
477.72
478.04
478.35
478.66
478.97
479.29
479.6
479.91
480.22
480.54
480.85
481.16
481.48
481.79
482.1
482.41
482.73
483.04
483.35
483.66
483.98
484.29
484.6
484.91
485.23
485.54
485.85
486.16
486.48
486.79
487.1
487.41
487.73
488.04
488.35
488.66
488.98
489.29
489.6
489.91
490.23
490.54
490.85
491.16
491.48
491.79
492.1
492.41
492.73
493.04
493.35
493.66
495.39
497.12
498.85
500.57
502.3
504.03
505.76
507.48
509.21
510.94
512.67
514.39
516.12
517.85
519.58
521.3
523.03
524.76
526.49
528.22
529.94
531.67
533.4
535.13
536.85
538.58
540.31
542.04
543.76
545.49
547.22
548.95
550.67
552.4
554.13
555.86
557.58
559.31
561.04
562.77
564.49
566.22
567.95
569.68
571.4
573.13
574.86
576.59
578.31
580.04
581.77
583.5
585.22
586.95
588.68
590.41
592.13
593.86
595.59
597.32
598.27
599.23
600.19
601.14
602.1
603.05
604.01
604.97
605.92
606.88
607.84
608.79
609.75
610.71
611.66
612.62
613.57
614.53
615.49
616.44
617.4
618.36
619.31
620.27
621.23
622.18
623.14
624.09
625.05
626.01
626.96
627.92
628.88
629.83
630.79
631.74
632.7
633.66
634.61
635.57
636.53
637.48
638.44
639.4
640.35
641.31
642.26
643.22
644.18
645.13
646.09
647.05
648
648.96
649.92
650.87
651.83
652.78
653.74
654.7
655.59
656.48
657.38
658.27
659.16
660.06
660.95
661.84
662.74
663.63
664.52
665.42
666.31
667.21
668.1
668.99
669.89
670.78
671.67
672.57
673.46
674.35
675.25
676.14
677.03
677.93
678.82
679.71
680.61
681.5
682.39
683.29
684.18
685.07
685.97
686.86
687.75
688.65
689.54
690.43
691.33
692.22
693.12
694.01
694.9
695.8
696.69
697.58
698.48
699.37
700.26
701.16
702.05
702.94
703.84
704.73
705.62
706.52
707.41
708.3
708.34
708.39
708.43
708.47
708.51
708.55
708.59
708.63
708.68
708.72
708.76
708.8
708.84
708.88
708.92
708.96
709.01
709.05
709.09
709.13
709.17
709.21
709.25
709.29
709.34
709.38
709.42
709.46
709.5
709.54
709.58
709.62
709.67
709.71
709.75
709.79
709.83
709.87
709.91
709.96
710
710.04
710.08
710.12
710.16
710.2
710.24
710.29
710.33
710.37
710.41
710.45
710.49
710.53
710.57
710.62
710.66
710.7
710.74
710.78
710.07
709.36
708.64
707.93
707.22
706.5
705.79
705.08
704.37
703.65
702.94
702.23
701.51
700.8
700.09
699.38
698.66
697.95
697.24
696.52
695.81
695.1
694.39
693.67
692.96
692.25
691.53
690.82
690.11
689.4
688.68
687.97
687.26
686.54
685.83
685.12
684.41
683.69
682.98
682.27
681.56
680.84
680.13
679.42
678.7
677.99
677.28
676.57
675.85
675.14
674.43
673.71
673
672.29
671.58
670.86
670.15
669.44
668.72
668.01
667.79
667.57
667.34
667.12
666.9
666.67
666.45
666.23
666.01
665.78
665.56
665.34
665.11
664.89
664.67
664.45
664.22
664
663.78
663.55
663.33
663.11
662.89
662.66
662.44
662.22
661.99
661.77
661.55
661.33
661.1
660.88
660.66
660.43
660.21
659.99
659.77
659.54
659.32
659.1
658.87
658.65
658.43
658.2
657.98
657.76
657.54
657.31
657.09
656.87
656.64
656.42
656.2
655.98
655.75
655.53
655.31
655.08
654.86
654.64
653.59
652.54
651.5
650.45
649.4
648.36
647.31
646.26
645.22
644.17
643.12
642.08
641.03
639.98
638.93
637.89
636.84
635.79
634.75
633.7
632.65
631.61
630.56
629.51
628.46
627.42
626.37
625.32
624.28
623.23
622.18
621.14
620.09
619.04
617.99
616.95
615.9
614.85
613.81
612.76
611.71
610.67
609.62
608.57
607.53
606.48
605.43
604.38
603.34
602.29
601.24
600.2
599.15
598.1
597.06
596.01
594.96
593.91
592.87
591.82
590.58
589.34
588.1
586.86
585.62
584.39
583.15
581.91
580.67
579.43
578.19
576.95
575.71
574.47
573.23
571.99
570.75
569.51
568.28
567.04
565.8
564.56
563.32
562.08
560.84
559.6
558.36
557.12
555.88
554.64
553.41
552.17
550.93
549.69
548.45
547.21
545.97
544.73
543.49
542.25
541.01
539.77
538.53
537.3
536.06
534.82
533.58
532.34
531.1
529.86
528.62
527.38
526.14
524.9
523.66
522.42
521.19
519.95
518.71
517.47
515.87
514.27
512.66
511.06
509.46
507.86
506.26
504.66
503.06
501.46
499.86
498.25
496.65
495.05
493.45
491.85
490.25
488.65
487.05
485.45
483.84
482.24
480.64
479.04
477.44
475.84
474.24
472.64
471.04
469.43
467.83
466.23
464.63
463.03
461.43
459.83
458.23
456.63
455.03
453.42
451.82
450.22
448.62
447.02
445.42
443.82
442.22
440.62
439.01
437.41
435.81
434.21
432.61
431.01
429.41
427.81
426.21
424.6
423
421.4
419.8
418.19
416.58
414.98
413.37
411.77
410.16
408.55
406.95
405.34
403.74
402.13
400.52
398.92
397.31
395.71
394.1
392.5
390.89
389.28
387.68
386.07
384.47
382.86
381.25
379.65
378.04
376.44
374.83
373.22
371.62
370.01
368.41
366.8
365.19
363.59
361.98
360.38
358.77
357.16
355.56
353.95
352.35
350.74
349.13
347.53
345.92
344.32
342.71
341.1
339.5
337.89
336.29
334.68
333.08
331.47
329.86
328.26
326.65
325.05
323.3
321.56
319.81
318.07
316.32
314.58
312.83
311.09
309.34
307.6
305.85
304.11
302.36
300.62
298.87
297.13
295.38
293.64
291.89
290.15
288.4
286.66
284.91
283.17
281.42
279.68
277.93
276.19
274.44
272.7
270.95
269.21
267.46
265.72
263.97
262.23
260.48
258.74
256.99
255.25
253.5
251.76
250.01
248.27
246.52
244.78
243.03
241.29
239.54
237.8
236.05
234.31
232.56
230.82
229.07
227.33
225.58
223.84
222.09
220.35
219.02
217.68
216.35
215.02
213.69
212.36
211.03
209.69
208.36
207.03
205.7
204.37
203.04
201.7
200.37
199.04
197.71
196.38
195.04
193.71
192.38
191.05
189.72
188.39
187.05
185.72
184.39
183.06
181.73
180.39
179.06
177.73
176.4
175.07
173.74
172.4
171.07
169.74
168.41
167.08
165.75
164.41
163.08
161.75
160.42
159.09
157.75
156.42
155.09
153.76
152.43
151.1
149.76
148.43
147.1
145.77
144.44
143.11
141.77
140.44
139.53
138.62
137.71
136.8
135.89
134.97
134.06
133.15
132.24
131.33
130.42
129.51
128.6
127.68
126.77
125.86
124.95
124.04
123.13
122.22
121.31
120.4
119.48
118.57
117.66
116.75
115.84
114.93
114.02
113.11
112.19
111.28
110.37
109.46
108.55
107.64
106.73
105.82
104.91
103.99
103.08
102.17
101.26
100.35
99.438
98.527
97.616
96.705
95.794
94.882
93.971
93.06
92.149
91.238
90.326
89.415
88.504
87.593
86.682
85.771
85.059
84.347
83.635
82.923
82.211
81.499
80.788
80.076
79.364
78.652
77.94
77.228
76.516
75.805
75.093
74.381
73.669
72.957
72.245
71.534
70.822
70.11
69.398
68.686
67.974
67.262
66.551
65.839
65.127
64.415
63.703
62.991
62.279
61.568
60.856
60.144
59.432
58.72
58.008
57.296
56.585
55.873
55.161
54.449
53.737
53.025
52.314
51.602
50.89
50.178
49.466
48.754
48.042
47.331
46.619
45.907
45.195
44.483
43.771
43.059
42.717
42.374
42.031
41.688
41.345
41.002
40.659
40.317
39.974
39.631
39.288
38.945
38.602
38.259
37.916
37.574
37.231
36.888
36.545
36.202
35.859
35.516
35.174
34.831
34.488
34.145
33.802
33.459
33.116
32.774
32.431
32.088
31.745
31.402
31.059
30.716
30.374
30.031
29.688
29.345
29.002
28.659
28.316
27.973
27.631
27.288
26.945
26.602
26.259
25.916
25.573
25.231
24.888
24.545
24.202
23.859
23.516
23.173
22.831
22.488
22.355
22.223
22.09
21.957
21.825
21.692
21.56
21.427
21.295
21.162
21.029
20.897
20.764
20.632
20.499
20.367
20.234
20.102
19.969
19.836
19.704
19.571
19.439
19.306
19.174
19.041
18.908
18.776
18.643
18.511
18.378
18.246
18.113
17.98
17.848
17.715
17.583
17.45
17.318
17.185
17.053
16.92
16.787
16.655
16.522
16.39
16.257
16.125
15.992
15.859
15.727
15.594
15.462
15.329
15.197
15.064
14.931
14.799
14.666
14.534
14.508
14.482
14.456
14.431
14.405
14.379
14.353
14.327
14.302
14.276
14.25
14.224
14.198
14.173
14.147
14.121
14.095
14.069
14.044
14.018
13.992
13.966
13.94
13.914
13.889
13.863
13.837
13.811
13.785
13.76
13.734
13.708
13.682
13.656
13.631
13.605
13.579
13.553
13.527
13.502
13.476
13.45
13.424
13.398
13.373
13.347
13.321
13.295
13.269
13.244
13.218
13.192
13.166
13.14
13.115
13.089
13.063
13.037
13.011
12.986
13.2
13.415
13.629
13.844
14.058
14.273
14.487
14.701
14.916
15.13
15.345
15.559
15.774
15.988
16.203
16.417
16.632
16.846
17.061
17.275
17.49
17.704
17.919
18.133
18.348
18.562
18.777
18.991
19.206
19.42
19.635
19.849
20.064
20.278
20.493
20.707
20.922
21.136
21.351
21.565
21.78
21.994
22.209
22.423
22.638
22.852
23.067
23.281
23.496
23.71
23.925
24.139
24.354
24.568
24.783
24.997
25.212
25.426
25.641
25.855
