4.9321
4.9464
4.9608
4.9751
4.9894
5.0037
5.018
5.0323
5.0466
5.061
5.0753
5.0896
5.1039
5.1182
5.1325
5.1469
5.1612
5.1755
5.1898
5.2041
5.2184
5.2327
5.2471
5.2614
5.2757
5.29
5.3043
5.3186
5.3329
5.3473
5.3616
5.3759
5.3902
5.4045
5.4188
5.4331
5.4475
5.4618
5.4761
5.4904
5.5047
5.519
5.5333
5.5477
5.562
5.5763
5.5906
5.6049
5.6192
5.6336
5.6479
5.6622
5.6765
5.6908
5.7051
5.7194
5.7338
5.7481
5.7624
5.7767
5.791
5.8228
5.8546
5.8865
5.9183
5.9501
5.9819
6.0137
6.0455
6.0773
6.1091
6.1409
6.1728
6.2046
6.2364
6.2682
6.3
6.3318
6.3636
6.3954
6.4272
6.4591
6.4909
6.5227
6.5545
6.5863
6.6181
6.6499
6.6817
6.7135
6.7454
6.7772
6.809
6.8408
6.8726
6.9044
6.9362
6.968
6.9999
7.0317
7.0635
7.0953
7.1271
7.1589
7.1907
7.2225
7.2543
7.2862
7.318
7.3498
7.3816
7.4134
7.4452
7.477
7.5088
7.5406
7.5725
7.6043
7.6361
7.6679
7.6997
7.7346
7.7695
7.8045
7.8394
7.8743
7.9092
7.9441
7.979
8.014
8.0489
8.0838
8.1187
8.1536
8.1885
8.2234
8.2584
8.2933
8.3282
8.3631
8.398
8.4329
8.4679
8.5028
8.5377
8.5726
8.6075
8.6424
8.6774
8.7123
8.7472
8.7821
8.817
8.8519
8.8869
8.9218
8.9567
8.9916
9.0265
9.0614
9.0964
9.1313
9.1662
9.2011
9.236
9.2709
9.3059
9.3408
9.3757
9.4106
9.4455
9.4804
9.5153
9.5503
9.5852
9.6201
9.655
9.6899
9.7248
9.7598
9.7947
9.8318
9.8688
9.9059
9.943
9.9801
10.017
10.054
10.091
10.128
10.165
10.203
10.24
10.277
10.314
10.351
10.388
10.425
10.462
10.499
10.536
10.573
10.61
10.648
10.685
10.722
10.759
10.796
10.833
10.87
10.907
10.944
10.981
11.018
11.055
11.093
11.13
11.167
11.204
11.241
11.278
11.315
11.352
11.389
11.426
11.463
11.5
11.537
11.575
11.612
11.649
11.686
11.723
11.76
11.797
11.834
11.871
11.908
11.945
11.982
12.02
12.057
12.094
12.132
12.169
12.207
12.244
12.281
12.319
12.356
12.394
12.431
12.468
12.506
12.543
12.581
12.618
12.655
12.693
12.73
12.768
12.805
12.842
12.88
12.917
12.955
12.992
13.029
13.067
13.104
13.142
13.179
13.216
13.254
13.291
13.329
13.366
13.403
13.441
13.478
13.516
13.553
13.59
13.628
13.665
13.703
13.74
13.777
13.815
13.852
13.89
13.927
13.964
14.002
14.039
14.077
14.114
14.151
14.189
14.226
14.264
14.312
14.361
14.409
14.458
14.507
14.555
14.604
14.653
14.701
14.75
14.798
14.847
14.896
14.944
14.993
15.041
15.09
15.139
15.187
15.236
15.284
15.333
15.382
15.43
15.479
15.527
15.576
15.625
15.673
15.722
15.77
15.819
15.868
15.916
15.965
16.013
16.062
16.111
16.159
16.208
16.256
16.305
16.354
16.402
16.451
16.499
16.548
16.597
16.645
16.694
16.742
16.791
16.84
16.888
16.937
16.986
17.034
17.083
17.131
17.18
17.21
17.241
17.271
17.301
17.332
17.362
17.392
17.423
17.453
17.483
17.514
17.544
17.574
17.605
17.635
17.665
17.696
17.726
17.757
17.787
17.817
17.848
17.878
17.908
17.939
17.969
17.999
18.03
18.06
18.09
18.121
18.151
18.181
18.212
18.242
18.272
18.303
18.333
18.363
18.394
18.424
18.454
18.485
18.515
18.546
18.576
18.606
18.637
18.667
18.697
18.728
18.758
18.788
18.819
18.849
18.879
18.91
18.94
18.97
19.001
19.039
19.077
19.115
19.153
19.191
19.229
19.267
19.305
19.343
19.381
19.42
19.458
19.496
19.534
19.572
19.61
19.648
19.686
19.724
19.762
19.8
19.838
19.876
19.915
19.953
19.991
20.029
20.067
20.105
20.143
20.181
20.219
20.257
20.295
20.333
20.371
20.409
20.448
20.486
20.524
20.562
20.6
20.638
20.676
20.714
20.752
20.79
20.828
20.866
20.904
20.942
20.981
21.019
21.057
21.095
21.133
21.171
21.209
21.247
21.285
21.316
21.346
21.377
21.407
21.438
21.468
21.499
21.529
21.56
21.59
21.621
21.651
21.682
21.712
21.743
21.774
21.804
21.835
21.865
21.896
21.926
21.957
21.987
22.018
22.048
22.079
22.109
22.14
22.17
22.201
22.231
22.262
22.292
22.323
22.353
22.384
22.414
22.445
22.476
22.506
22.537
22.567
22.598
22.628
22.659
22.689
22.72
22.75
22.781
22.811
22.842
22.872
22.903
22.933
22.964
22.994
23.025
23.055
23.086
23.116
23.144
23.172
23.199
23.227
23.254
23.282
23.31
23.337
23.365
23.393
23.42
23.448
23.475
23.503
23.531
23.558
23.586
23.613
23.641
23.669
23.696
23.724
23.751
23.779
23.807
23.834
23.862
23.889
23.917
23.945
23.972
24
24.028
24.055
24.083
24.11
24.138
24.166
24.193
24.221
24.248
24.276
24.304
24.331
24.359
24.386
24.414
24.442
24.469
24.497
24.524
24.552
24.58
24.607
24.635
24.663
24.69
24.718
24.745
24.773
24.78
24.787
24.794
24.801
24.807
24.814
24.821
24.828
24.835
24.842
24.849
24.856
24.863
24.87
24.877
24.883
24.89
24.897
24.904
24.911
24.918
24.925
24.932
24.939
24.946
24.953
24.959
24.966
24.973
24.98
24.987
24.994
25.001
25.008
25.015
25.022
25.029
25.035
25.042
25.049
25.056
25.063
25.07
25.077
25.084
25.091
25.098
25.105
25.111
25.118
25.125
25.132
25.139
25.146
25.153
25.16
25.167
25.174
25.181
25.188
25.186
25.184
25.183
25.181
25.18
25.178
25.177
25.175
25.174
25.172
25.171
25.169
25.168
25.166
25.165
25.163
25.161
25.16
25.158
25.157
25.155
25.154
25.152
25.151
25.149
25.148
25.146
25.145
25.143
25.142
25.14
25.139
25.137
25.135
25.134
25.132
25.131
25.129
25.128
25.126
25.125
25.123
25.122
25.12
25.119
25.117
25.116
25.114
25.113
25.111
25.109
25.108
25.106
25.105
25.103
25.102
25.1
25.099
25.097
25.096
25.084
25.072
25.061
25.049
25.037
25.026
25.014
25.002
24.99
24.979
24.967
24.955
24.944
24.932
24.92
24.909
24.897
24.885
24.874
24.862
24.85
24.838
24.827
24.815
24.803
24.792
24.78
24.768
24.757
24.745
24.733
24.721
24.71
24.698
24.686
24.675
24.663
24.651
24.64
24.628
24.616
24.605
24.593
24.581
24.569
24.558
24.546
24.534
24.523
24.511
24.499
24.488
24.476
24.464
24.453
24.441
24.429
24.417
24.406
24.394
24.384
24.373
24.363
24.353
24.342
24.332
24.322
24.312
24.301
24.291
24.281
24.27
24.26
24.25
24.239
24.229
24.219
24.208
24.198
24.188
24.178
24.167
24.157
24.147
24.136
24.126
24.116
24.105
24.095
24.085
24.074
24.064
24.054
24.043
24.033
24.023
24.013
24.002
23.992
23.982
23.971
23.961
23.951
23.94
23.93
23.92
23.909
23.899
23.889
23.878
23.868
23.858
23.848
23.837
23.827
23.817
23.806
23.796
23.786
23.775
23.731
23.688
23.644
23.6
23.556
23.512
23.468
23.424
23.38
23.336
23.292
23.248
23.204
23.16
23.116
23.072
23.028
22.984
22.941
22.897
22.853
22.809
22.765
22.721
22.677
22.633
22.589
22.545
22.501
22.457
22.413
22.369
22.325
22.281
22.237
22.194
22.15
22.106
22.062
22.018
21.974
21.93
21.886
21.842
21.798
21.754
21.71
21.666
21.622
21.578
21.534
21.49
21.447
21.403
21.359
21.315
21.271
21.227
21.183
21.139
21.102
21.065
21.028
20.991
20.954
20.917
20.88
20.843
20.806
20.769
20.732
20.695
20.658
20.621
20.583
20.546
20.509
20.472
20.435
20.398
20.361
20.324
20.287
20.25
20.213
20.176
20.139
20.102
20.065
20.028
19.991
19.954
19.917
19.88
19.843
19.806
19.769
19.732
19.695
19.658
19.621
19.584
19.547
19.51
19.473
19.436
19.399
19.362
19.325
19.288
19.25
19.213
19.176
19.139
19.102
19.065
19.028
18.991
18.954
18.917
18.881
18.844
18.807
18.77
18.734
18.697
18.66
18.624
18.587
18.55
18.514
18.477
18.44
18.404
18.367
18.33
18.294
18.257
18.22
18.183
18.147
18.11
18.073
18.037
18
17.963
17.927
17.89
17.853
17.817
17.78
17.743
17.706
17.67
17.633
17.596
17.56
17.523
17.486
17.45
17.413
17.376
17.34
17.303
17.266
17.229
17.193
17.156
17.119
17.083
17.046
17.009
16.973
16.936
16.899
16.863
16.826
16.789
16.753
16.716
16.673
16.631
16.588
16.545
16.503
16.46
16.418
16.375
16.333
16.29
16.247
16.205
16.162
16.12
16.077
16.035
15.992
15.949
15.907
15.864
15.822
15.779
15.736
15.694
15.651
15.609
15.566
15.524
15.481
15.438
15.396
15.353
15.311
15.268
15.225
15.183
15.14
15.098
15.055
15.013
14.97
14.927
14.885
14.842
14.8
14.757
14.714
14.672
14.629
14.587
14.544
14.502
14.459
14.416
14.374
14.331
14.289
14.246
14.203
14.161
14.118
14.076
14.033
13.99
13.948
13.905
13.862
13.819
13.777
13.734
13.691
13.649
13.606
13.563
13.521
13.478
13.435
13.393
13.35
13.307
13.265
13.222
13.179
13.137
13.094
13.051
13.009
12.966
12.923
12.881
12.838
12.795
12.753
12.71
12.667
12.625
12.582
12.539
12.497
12.454
12.411
12.369
12.326
12.283
12.24
12.198
12.155
12.112
12.07
12.027
11.984
11.942
11.899
11.856
11.814
11.771
11.728
11.686
11.643
11.6
11.568
11.536
11.504
11.471
11.439
11.407
11.375
11.342
11.31
11.278
11.246
11.213
11.181
11.149
11.117
11.084
11.052
11.02
10.988
10.955
10.923
10.891
10.859
10.826
10.794
10.762
10.73
10.697
10.665
10.633
10.601
10.568
10.536
10.504
10.472
10.439
10.407
10.375
10.343
10.31
10.278
10.246
10.214
10.181
10.149
10.117
10.085
10.052
10.02
9.9878
9.9555
9.9233
9.891
9.8588
9.8265
9.7943
9.762
9.7298
9.6975
9.6653
9.6359
9.6064
9.577
9.5476
9.5181
9.4887
9.4593
9.4298
9.4004
9.371
9.3415
9.3121
9.2827
9.2532
9.2238
9.1944
9.165
9.1355
9.1061
9.0767
9.0472
9.0178
8.9884
8.9589
8.9295
8.9001
8.8706
8.8412
8.8118
8.7823
8.7529
8.7235
8.6941
8.6646
8.6352
8.6058
8.5763
8.5469
8.5175
8.488
8.4586
8.4292
8.3997
8.3703
8.3409
8.3115
8.282
8.2526
8.2232
8.1937
8.1643
8.1349
8.1054
8.076
8.0466
8.0171
7.9877
7.9583
7.9288
7.8994
7.8801
7.8607
7.8414
7.8221
7.8027
7.7834
7.764
7.7447
7.7254
7.706
7.6867
7.6673
7.648
7.6287
7.6093
7.59
7.5706
7.5513
7.532
7.5126
7.4933
7.4739
7.4546
7.4353
7.4159
7.3966
7.3772
7.3579
7.3386
7.3192
7.2999
7.2805
7.2612
7.2419
7.2225
7.2032
7.1838
7.1645
7.1452
7.1258
7.1065
7.0871
7.0678
7.0485
7.0291
7.0098
6.9904
6.9711
6.9518
6.9324
6.9131
6.8937
6.8744
6.8551
6.8357
6.8164
6.797
6.7777
6.7584
6.739
6.7196
6.7002
6.6808
6.6613
6.6419
6.6225
6.6031
6.5837
6.5643
6.5448
6.5254
6.506
6.4866
6.4672
6.4478
6.4283
6.4089
6.3895
6.3701
6.3507
6.3312
6.3118
6.2924
6.273
6.2536
6.2342
6.2147
6.1953
6.1759
6.1565
6.1371
6.1177
6.0982
6.0788
6.0594
6.04
6.0206
6.0012
5.9817
5.9623
5.9429
5.9235
5.9041
5.8847
5.8652
5.8458
5.8264
5.807
5.7876
5.7681
5.7487
5.7293
5.7099
5.6905
5.6711
5.6516
5.6322
5.6128
5.5934
5.574
5.5844
5.5947
5.6051
5.6155
5.6259
5.6363
5.6467
5.657
5.6674
5.6778
5.6882
5.6986
5.709
5.7194
5.7297
5.7401
5.7505
5.7609
5.7713
5.7817
5.792
5.8024
5.8128
5.8232
5.8336
5.844
5.8543
5.8647
5.8751
5.8855
5.8959
5.9063
5.9167
5.927
5.9374
5.9478
5.9582
5.9686
5.979
5.9893
5.9997
6.0101
6.0205
6.0309
6.0413
6.0516
6.062
6.0724
6.0828
6.0932
6.1036
6.1139
6.1243
6.1347
6.1451
6.1555
6.1659
6.1763
6.1866
6.197
6.2218
6.2466
6.2714
6.2962
6.321
6.3458
6.3705
6.3953
6.4201
6.4449
6.4697
6.4945
6.5193
6.5441
6.5688
6.5936
6.6184
6.6432
6.668
6.6928
6.7176
6.7424
6.7672
6.7919
6.8167
6.8415
6.8663
6.8911
6.9159
6.9407
6.9655
6.9903
7.015
7.0398
7.0646
7.0894
7.1142
7.139
7.1638
7.1886
7.2133
7.2381
7.2629
7.2877
7.3125
7.3373
7.3621
7.3869
7.4117
7.4364
7.4612
7.486
7.5108
7.5356
7.5604
7.5852
7.61
7.6347
7.6595
7.6843
7.72
7.7557
7.7915
7.8272
7.8629
7.8986
7.9343
7.97
8.0057
8.0414
8.0771
8.1128
8.1486
8.1843
8.22
8.2557
8.2914
8.3271
8.3628
8.3985
8.4342
8.4699
8.5056
8.5414
8.5771
8.6128
8.6485
8.6842
8.7199
8.7556
8.7913
8.827
8.8627
8.8985
8.9342
8.9699
9.0056
9.0413
9.077
9.1127
9.1484
9.1841
9.2198
9.2556
9.2913
9.327
9.3627
9.3984
9.4341
9.4698
9.5055
9.5412
9.5769
9.6126
9.6484
9.6841
9.7198
9.7555
9.7912
9.8269
9.8632
9.8994
9.9357
9.9719
10.008
10.044
10.081
10.117
10.153
10.189
10.226
10.262
10.298
10.335
10.371
10.407
10.443
10.48
10.516
10.552
10.588
10.625
10.661
10.697
10.733
10.77
10.806
10.842
10.878
10.915
10.951
10.987
11.023
11.06
11.096
11.132
11.168
11.205
11.241
11.277
11.314
11.35
11.386
11.422
11.459
11.495
11.531
11.567
11.604
11.64
11.676
11.712
11.749
11.785
11.821
11.857
11.894
11.93
11.966
12.002
12.057
12.112
12.167
12.222
12.276
12.331
12.386
12.441
12.496
12.55
12.605
12.66
12.715
12.77
12.824
12.879
12.934
12.989
13.044
13.098
13.153
13.208
13.263
13.318
13.372
13.427
13.482
13.537
13.592
13.646
13.701
13.756
13.811
13.866
13.92
13.975
14.03
14.085
14.14
14.194
14.249
14.304
14.359
14.414
14.468
14.523
14.578
14.633
14.688
14.742
14.797
14.852
14.907
14.961
15.016
15.071
15.126
15.181
15.235
15.29
15.345
15.4
15.455
15.509
15.564
15.619
15.674
15.729
15.783
15.838
15.893
15.948
16.002
16.057
16.112
16.167
16.222
16.276
16.331
16.386
16.441
16.495
16.55
16.605
16.66
16.715
16.769
16.824
16.879
16.934
16.988
17.043
17.098
17.153
17.208
17.262
17.317
17.372
17.427
17.482
17.536
17.591
17.646
17.701
17.755
17.81
17.865
17.92
17.975
18.029
18.084
18.139
18.194
18.248
18.303
18.358
18.413
18.468
18.522
18.577
18.614
18.65
18.687
18.724
18.761
18.797
18.834
18.871
18.907
18.944
18.981
19.017
19.054
19.091
19.127
19.164
19.201
19.237
19.274
19.311
19.347
19.384
19.421
19.457
19.494
19.531
19.567
19.604
19.641
19.677
19.714
19.751
19.787
19.824
19.861
19.897
19.934
19.971
20.007
20.044
20.081
20.117
20.154
20.191
20.227
20.264
20.301
20.338
20.374
20.411
20.448
20.484
20.521
20.558
20.594
20.631
20.668
20.704
20.741
20.778
20.82
20.862
20.904
20.947
20.989
21.031
21.074
21.116
21.158
21.2
21.243
21.285
21.327
21.37
21.412
21.454
21.496
21.539
21.581
21.623
21.666
21.708
21.75
21.792
21.835
21.877
21.919
21.962
22.004
22.046
22.088
22.131
22.173
22.215
22.258
22.3
22.342
22.384
22.427
22.469
22.511
22.554
22.596
22.638
22.68
22.723
22.765
22.807
22.85
22.892
22.934
22.976
23.019
23.061
23.103
23.146
23.188
23.23
23.272
23.315
23.345
23.376
23.406
23.437
23.467
23.498
23.528
23.559
23.59
23.62
23.651
23.681
23.712
23.742
23.773
23.803
23.834
23.864
23.895
23.926
23.956
23.987
24.017
24.048
24.078
24.109
24.139
24.17
24.2
24.231
24.261
24.292
24.323
24.353
24.384
24.414
24.445
24.475
24.506
24.536
24.567
24.597
24.628
24.659
24.689
24.72
24.75
24.781
24.811
24.842
24.872
24.903
24.933
24.964
24.995
25.025
25.056
25.086
25.117
25.147
25.166
25.185
25.203
25.222
25.241
25.26
25.278
25.297
25.316
25.335
25.354
25.372
25.391
25.41
25.429
25.447
25.466
25.485
25.504
25.522
25.541
25.56
25.579
25.597
25.616
25.635
25.654
25.672
25.691
25.71
25.729
25.747
25.766
25.785
25.804
25.822
25.841
25.86
25.879
25.897
25.916
25.935
25.954
25.972
25.991
26.01
26.029
26.047
26.066
26.085
26.104
26.122
26.141
26.16
26.179
26.197
26.216
26.235
26.254
26.272
26.251
26.229
26.207
26.185
26.163
26.142
26.12
26.098
26.076
26.055
26.033
26.011
25.989
25.967
25.946
25.924
25.902
25.88
25.858
25.837
25.815
25.793
25.771
25.749
25.728
25.706
25.684
25.662
25.64
25.619
25.597
25.575
25.553
25.531
25.51
25.488
25.466
25.444
25.423
25.401
25.379
25.357
25.335
25.314
25.292
25.27
25.248
25.226
25.205
25.183
25.161
25.139
25.117
25.096
25.074
25.052
25.03
25.008
24.987
24.965
24.962
24.959
24.955
24.952
24.949
24.946
24.943
24.94
24.937
24.934
24.931
24.927
24.924
24.921
24.918
24.915
24.912
24.909
24.906
24.902
24.899
24.896
24.893
24.89
24.887
24.884
24.881
24.877
24.874
24.871
24.868
24.865
24.862
24.859
24.856
24.852
24.849
24.846
24.843
24.84
24.837
24.834
24.831
24.828
24.824
24.821
24.818
24.815
24.812
24.809
24.806
24.803
24.799
24.796
24.793
24.79
24.787
24.784
24.781
24.778
24.77
24.763
24.756
24.749
24.742
24.734
24.727
24.72
24.713
24.706
24.698
24.691
24.684
24.677
24.67
24.662
24.655
24.648
24.641
24.634
24.626
24.619
24.612
24.605
24.598
24.59
24.583
24.576
24.569
24.562
24.554
24.547
24.54
24.533
24.526
24.518
24.511
24.504
24.497
24.49
24.482
24.475
24.468
24.461
24.454
24.446
24.439
24.432
24.425
24.418
24.41
24.403
24.396
24.389
24.382
24.374
24.367
24.36
24.353
24.346
24.334
24.323
24.311
24.299
24.288
24.276
24.265
24.253
24.241
24.23
24.218
24.207
24.195
24.183
24.172
24.16
24.149
24.137
24.125
24.114
24.102
24.091
24.079
24.067
24.056
24.044
24.033
24.021
24.009
23.998
23.986
23.975
23.963
23.951
23.94
23.928
23.917
23.905
23.893
23.882
23.87
23.859
23.847
23.835
23.824
23.812
23.801
23.789
23.777
23.766
23.754
23.743
23.731
23.719
23.708
23.696
23.685
23.673
23.661
23.65
23.647
23.643
23.64
23.637
23.634
23.63
23.627
23.624
23.621
23.617
23.614
23.611
23.608
23.604
23.601
23.598
23.594
23.591
23.588
23.585
23.581
23.578
23.575
23.572
23.568
23.565
23.562
23.559
23.555
23.552
23.549
23.546
23.542
23.539
23.536
23.533
23.529
23.526
23.523
23.52
23.516
23.513
23.51
23.506
23.503
23.5
23.497
23.493
23.49
23.487
23.484
23.48
23.477
23.474
23.471
23.467
23.464
23.461
23.458
23.454
23.415
23.376
23.336
23.297
23.257
23.218
23.178
23.139
23.1
23.06
23.021
22.981
22.942
22.903
22.863
22.824
22.784
22.745
22.706
22.666
22.627
22.587
22.548
22.508
22.469
22.43
22.39
22.351
22.311
22.272
22.233
22.193
22.154
22.114
22.075
22.035
21.996
21.957
21.917
21.878
21.838
21.799
21.76
21.72
21.681
21.641
21.602
21.563
21.523
21.484
21.444
21.405
21.365
21.326
21.287
21.247
21.208
21.168
21.129
21.09
21.033
20.975
20.918
20.861
20.804
20.747
20.69
20.633
20.576
20.519
20.462
20.405
20.348
20.291
20.234
20.176
20.119
20.062
20.005
19.948
19.891
19.834
19.777
19.72
19.663
19.606
19.549
19.492
19.435
19.377
19.32
19.263
19.206
19.149
19.092
19.035
18.978
18.921
18.864
18.807
18.75
18.693
18.636
18.578
18.521
18.464
18.407
18.35
18.293
18.236
18.179
18.122
18.065
18.008
17.951
17.894
17.836
17.779
17.722
17.665
17.599
17.534
17.468
17.402
17.336
17.27
17.204
17.138
17.072
17.007
16.941
16.875
16.809
16.743
16.677
16.611
16.546
16.48
16.414
16.348
16.282
16.216
16.15
16.084
16.019
15.953
15.887
15.821
15.755
15.689
15.623
15.557
15.492
15.426
15.36
15.294
15.228
15.162
15.096
15.031
14.965
14.899
14.833
14.767
14.701
14.635
14.569
14.504
14.438
14.372
14.306
14.24
14.174
14.108
14.042
13.977
13.911
13.845
13.779
13.713
13.66
13.606
13.552
13.499
13.445
13.392
13.338
13.285
13.231
13.178
13.124
13.07
13.017
12.963
12.91
12.856
12.803
12.749
12.695
12.642
12.588
12.535
12.481
12.428
12.374
12.321
12.267
12.213
12.16
12.106
12.053
11.999
11.946
11.892
11.839
11.785
11.731
11.678
11.624
11.571
11.517
11.464
11.41
11.356
11.303
11.249
11.196
11.142
11.089
11.035
10.982
10.928
10.874
10.821
10.767
10.714
10.66
10.607
10.553
10.5
10.45
10.4
10.35
10.3
10.25
10.2
10.151
10.101
10.051
10.001
9.9513
9.9014
9.8516
9.8017
9.7519
9.7021
9.6522
9.6024
9.5525
9.5027
9.4528
9.403
9.3532
9.3033
9.2535
9.2036
9.1538
9.104
9.0541
9.0043
8.9544
8.9046
8.8547
8.8049
8.7551
8.7052
8.6554
8.6055
8.5557
8.5059
8.456
8.4062
8.3563
8.3065
8.2567
8.2068
8.157
8.1071
8.0573
8.0074
7.9576
7.9078
7.8579
7.8081
7.7582
7.7084
7.6586
7.6087
7.5589
7.509
7.4633
7.4176
7.3718
7.3261
7.2804
7.2346
7.1889
7.1432
7.0974
7.0517
7.006
6.9603
6.9145
6.8688
6.8231
6.7773
6.7316
6.6859
6.6401
6.5944
6.5487
6.5029
6.4572
6.4115
6.3657
6.32
6.2743
6.2285
6.1828
6.1371
6.0914
6.0456
5.9999
5.9542
5.9084
5.8627
5.817
5.7712
5.7255
5.6798
5.634
5.5883
5.5426
5.4968
5.4511
5.4054
5.3596
5.3139
5.2682
5.2225
5.1767
5.131
5.0853
5.0395
4.9938
4.9481
4.9023
4.8566
4.8109
4.7651
4.7523
4.7394
4.7265
4.7136
4.7007
4.6878
4.6749
4.662
4.6492
4.6363
4.6234
4.6105
4.5976
4.5847
4.5718
4.559
4.5461
4.5332
4.5203
4.5074
4.4945
4.4816
4.4687
4.4559
4.443
4.4301
4.4172
4.4043
4.3914
4.3785
4.3657
4.3528
4.3399
4.327
4.3141
4.3012
4.2883
4.2754
4.2626
4.2497
4.2368
4.2239
4.211
4.1981
4.1852
4.1724
4.1595
4.1466
4.1337
4.1208
4.1079
4.095
4.0821
4.0693
4.0564
4.0435
4.0306
4.0177
4.0048
3.9919
3.9682
3.9444
3.9207
3.8969
3.8731
3.8494
3.8256
3.8018
3.7781
3.7543
3.7306
3.7068
3.683
3.6593
3.6355
3.6117
3.588
3.5642
3.5404
3.5167
3.4929
3.4692
3.4454
3.4216
3.3979
3.3741
3.3503
3.3266
3.3028
3.2791
3.2553
3.2315
3.2078
3.184
3.1602
3.1365
3.1127
3.0889
3.0652
3.0414
3.0177
2.9939
2.9701
2.9464
2.9226
2.8988
2.8751
2.8513
2.8276
2.8038
2.78
2.7563
2.7325
2.7087
2.685
2.6612
2.6375
2.6137
2.5899
2.5662
2.5608
2.5555
2.5501
2.5448
2.5395
2.5341
2.5288
2.5235
2.5181
2.5128
2.5074
2.5021
2.4968
2.4914
2.4861
2.4807
2.4754
2.4701
2.4647
2.4594
2.4541
2.4487
2.4434
2.438
2.4327
2.4274
2.422
2.4167
2.4113
2.406
2.4007
2.3953
2.39
2.3847
2.3793
2.374
2.3686
2.3633
2.358
2.3526
2.3473
2.3419
2.3366
2.3313
2.3259
2.3206
2.3153
2.3099
2.3046
2.2992
2.2939
2.2886
2.2832
2.2779
2.2725
2.2672
2.2619
2.2565
2.2512
2.2458
2.2542
2.2626
2.271
2.2794
2.2878
2.2962
2.3046
2.313
2.3214
2.3298
2.3382
2.3466
2.355
2.3634
2.3718
2.3802
2.3886
2.3969
2.4053
2.4137
2.4221
2.4305
2.4389
2.4473
2.4557
2.4641
2.4725
2.4809
2.4893
2.4977
2.5061
2.5145
2.5229
2.5313
2.5397
2.548
2.5564
2.5648
2.5732
2.5816
2.59
2.5984
2.6068
2.6152
2.6236
2.632
2.6404
2.6488
2.6572
2.6656
2.674
2.6824
2.6908
2.6991
2.7075
2.7159
2.7243
2.7327
2.7411
2.7495
2.7571
2.7647
2.7722
2.7798
2.7874
2.795
2.8025
2.8101
2.8177
2.8253
2.8329
2.8404
2.848
2.8556
2.8632
2.8707
2.8783
2.8859
2.8935
2.901
2.9086
2.9162
2.9238
2.9313
2.9389
2.9465
2.9541
2.9617
2.9692
2.9768
2.9844
2.992
2.9995
3.0071
3.0147
3.0223
3.0298
3.0374
3.045
3.0526
3.0601
3.0677
3.0753
3.0829
3.0905
3.098
3.1056
3.1132
3.1208
3.1283
3.1359
3.1435
3.1511
3.1586
3.1662
3.1738
3.1814
3.1889
3.1965
3.2041
3.2383
3.2725
3.3067
3.3409
3.3751
3.4093
3.4435
3.4777
3.5119
3.5461
3.5803
3.6146
3.6488
3.683
3.7172
3.7514
3.7856
3.8198
3.854
3.8882
3.9224
3.9566
3.9908
4.025
4.0592
4.0934
4.1276
4.1618
4.196
4.2302
4.2644
4.2986
4.3328
4.367
4.4012
4.4354
4.4697
4.5039
4.5381
4.5723
4.6065
4.6407
4.6749
4.7091
4.7433
4.7775
4.8117
4.8459
4.8801
4.9143
4.9485
4.9827
5.0169
5.0511
5.0853
5.1195
5.1537
5.1879
5.2221
5.2563
5.286
5.3156
5.3452
5.3748
5.4044
5.4341
5.4637
5.4933
5.5229
5.5525
5.5821
5.6118
5.6414
5.671
5.7006
5.7302
5.7599
5.7895
5.8191
5.8487
5.8783
5.908
5.9376
5.9672
5.9968
6.0264
6.056
6.0857
6.1153
6.1449
6.1745
6.2041
6.2338
6.2634
6.293
6.3226
6.3522
6.3818
6.4115
6.4411
6.4707
6.5003
6.5299
6.5596
6.5892
6.6188
6.6484
6.678
6.7076
6.7373
6.7669
6.7965
6.8261
6.8557
6.8854
6.915
6.9446
6.9742
7.0038
7.0334
7.0547
7.0759
7.0971
7.1183
7.1395
7.1607
7.1819
7.2031
7.2244
7.2456
7.2668
7.288
7.3092
7.3304
7.3516
7.3728
7.394
7.4153
7.4365
7.4577
7.4789
7.5001
7.5213
7.5425
7.5637
7.585
7.6062
7.6274
7.6486
7.6698
7.691
7.7122
7.7334
7.7546
7.7759
7.7971
7.8183
7.8395
7.8607
7.8819
7.9031
7.9243
7.9456
7.9668
7.988
8.0092
8.0304
8.0516
8.0728
8.094
8.1152
8.1365
8.1577
8.1789
8.2001
8.2213
8.2425
8.2637
8.2849
8.3062
8.3162
8.3263
8.3364
8.3465
8.3565
8.3666
8.3767
8.3868
8.3969
8.4069
8.417
8.4271
8.4372
8.4473
8.4573
8.4674
8.4775
8.4876
8.4977
8.5077
8.5178
8.5279
8.538
8.548
8.5581
8.5682
8.5783
8.5884
8.5984
8.6085
8.6186
8.6287
8.6388
8.6488
8.6589
8.669
8.6791
8.6892
8.6992
8.7093
8.7194
8.7295
8.7395
8.7496
8.7597
8.7698
8.7799
8.7899
8.8
8.8101
8.8202
8.8303
8.8403
8.8504
8.8605
8.8706
8.8807
8.8907
8.9008
8.9109
8.9402
8.9695
8.9989
9.0282
9.0575
9.0869
9.1162
9.1455
9.1749
9.2042
9.2335
9.2628
9.2922
9.3215
9.3508
9.3802
9.4095
9.4388
9.4681
9.4975
9.5268
9.5561
9.5855
9.6148
9.6441
9.6735
9.7028
9.7321
9.7614
9.7908
9.8201
9.8494
9.8788
9.9081
9.9374
9.9667
9.9961
10.025
10.055
10.084
10.113
10.143
10.172
10.201
10.231
10.26
10.289
10.319
10.348
10.377
10.407
10.436
10.465
10.495
10.524
10.553
10.583
10.612
10.641
10.671
10.712
10.753
10.794
10.835
10.876
10.917
10.958
10.999
11.04
11.082
11.123
11.164
11.205
11.246
11.287
11.328
11.369
11.41
11.451
11.492
11.533
11.575
11.616
11.657
11.698
11.739
11.78
11.821
11.862
11.903
11.944
11.985
12.026
12.068
12.109
12.15
12.191
12.232
12.273
12.314
12.355
12.396
12.437
12.478
12.519
12.561
12.602
12.643
12.684
12.725
12.766
12.807
12.848
12.889
12.93
12.971
13.012
13.054
13.095
13.136
13.184
13.232
13.28
13.328
13.376
13.424
13.472
13.52
13.568
13.616
13.664
13.712
13.76
13.808
13.856
13.904
13.952
14
14.048
14.096
14.144
14.192
14.24
14.288
14.337
14.385
14.433
14.481
14.529
14.577
14.625
14.673
14.721
14.769
14.817
14.865
14.913
14.961
15.009
15.057
15.105
15.153
15.201
15.249
15.297
15.345
15.393
15.441
15.489
15.537
15.585
15.633
15.681
15.729
15.777
15.825
15.873
15.922
15.97
16.018
16.048
16.078
16.108
16.138
16.168
16.198
16.228
16.258
16.288
16.318
16.348
16.378
16.408
16.438
16.468
16.498
16.528
16.558
16.588
16.618
16.648
16.678
16.708
16.738
16.769
16.799
16.829
16.859
16.889
16.919
16.949
16.979
17.009
17.039
17.069
17.099
17.129
17.159
17.189
17.219
17.249
17.279
17.309
17.339
17.369
17.399
17.429
17.459
17.489
17.519
17.549
17.58
17.61
17.64
17.67
17.7
17.73
17.76
17.79
17.82
17.853
17.885
17.918
17.951
17.983
18.016
18.049
18.082
18.114
18.147
18.18
18.213
18.245
18.278
18.311
18.343
18.376
18.409
18.442
18.474
18.507
18.54
18.573
18.605
18.638
18.671
18.703
18.736
18.769
18.802
18.834
18.867
18.9
18.933
18.965
18.998
19.031
19.063
19.096
19.129
19.162
19.194
19.227
19.26
19.293
19.325
19.358
19.391
19.423
19.456
19.489
19.522
19.554
19.587
19.62
19.653
19.685
19.718
19.751
19.783
19.801
19.818
19.836
19.853
19.87
19.888
19.905
19.922
19.94
19.957
19.975
19.992
20.009
20.027
20.044
20.061
20.079
20.096
20.113
20.131
20.148
20.166
20.183
20.2
20.218
20.235
20.252
20.27
20.287
20.305
20.322
20.339
20.357
20.374
20.391
20.409
20.426
20.444
20.461
20.478
20.496
20.513
20.53
20.548
20.565
20.582
20.6
20.617
20.635
20.652
20.669
20.687
20.704
20.721
20.739
20.756
20.774
20.791
20.808
20.826
20.848
20.87
20.893
20.915
20.937
20.96
20.982
21.004
21.027
21.049
21.071
21.094
21.116
21.138
21.161
21.183
21.206
21.228
21.25
21.273
21.295
21.317
21.34
21.362
21.384
21.407
21.429
21.451
21.474
21.496
21.518
21.541
21.563
21.585
21.608
21.63
21.652
21.675
21.697
21.719
21.742
21.764
21.786
21.809
21.831
21.853
21.876
21.898
21.92
21.943
21.965
21.988
22.01
22.032
22.055
22.077
22.099
22.122
22.144
22.166
22.18
22.194
22.208
22.222
22.236
22.25
22.264
22.278
22.292
22.306
22.32
22.334
22.348
22.362
22.376
22.39
22.404
22.418
22.432
22.446
22.46
22.474
22.488
22.502
22.515
22.529
22.543
22.557
22.571
22.585
22.599
22.613
22.627
22.641
22.655
22.669
22.683
22.697
22.711
22.725
22.739
22.753
22.767
22.781
22.795
22.809
22.823
22.837
22.851
22.865
22.879
22.893
22.907
22.921
22.935
22.949
22.962
22.976
22.99
23.004
22.872
22.74
22.608
22.476
22.344
22.212
22.08
21.948
21.816
21.684
21.552
21.42
21.288
21.156
21.024
20.892
20.76
20.628
20.496
20.364
20.231
20.099
19.967
19.835
19.703
19.571
19.439
19.307
19.175
19.043
18.911
18.779
18.647
18.515
18.383
18.251
18.119
17.987
17.855
17.723
17.591
17.459
17.327
17.194
17.062
16.93
16.798
16.666
16.534
16.402
16.27
16.138
16.006
15.874
15.742
15.61
15.478
15.346
15.214
15.082
15.03
14.978
14.925
14.873
14.821
14.769
14.717
14.665
14.613
14.56
14.508
14.456
14.404
14.352
14.3
14.248
14.195
14.143
14.091
14.039
13.987
13.935
13.883
13.831
13.778
13.726
13.674
13.622
13.57
13.518
13.466
13.413
13.361
13.309
13.257
13.205
13.153
13.101
13.048
12.996
12.944
12.892
12.84
12.788
12.736
12.684
12.631
12.579
12.527
12.475
12.423
12.371
12.319
12.266
12.214
12.162
12.11
12.058
12.006
11.954
11.915
11.877
11.838
11.8
11.762
11.723
11.685
11.647
11.608
11.57
11.531
11.493
11.455
11.416
11.378
11.34
11.301
11.263
11.224
11.186
11.148
11.109
11.071
11.033
10.994
10.956
10.917
10.879
10.841
10.802
10.764
10.726
10.687
10.649
10.61
10.572
10.534
10.495
10.457
10.419
10.38
10.342
10.303
10.265
10.227
10.188
10.15
10.112
10.073
10.035
9.9965
9.9581
9.9197
9.8814
9.843
9.8046
9.7662
9.7279
9.6895
9.6511
9.6092
9.5674
9.5255
9.4836
9.4417
9.3998
9.3579
9.316
9.2741
9.2323
9.1904
9.1485
9.1066
9.0647
9.0228
8.9809
8.9391
8.8972
8.8553
8.8134
8.7715
8.7296
8.6877
8.6458
8.604
8.5621
8.5202
8.4783
8.4364
8.3945
8.3526
8.3108
8.2689
8.227
8.1851
8.1432
8.1013
8.0594
8.0176
7.9757
7.9338
7.8919
7.85
7.8081
7.7662
7.7243
7.6825
7.6406
7.5987
7.5568
7.5149
7.473
7.4311
7.3893
7.3474
7.3055
7.2636
7.2217
7.1798
7.1379
7.0737
7.0095
6.9453
6.8811
6.8169
6.7527
6.6884
6.6242
6.56
6.4958
6.4316
6.3674
6.3032
6.239
6.1747
6.1105
6.0463
5.9821
5.9179
5.8537
5.7895
5.7253
5.661
5.5968
5.5326
5.4684
5.4042
5.34
5.2758
5.2115
5.1473
5.0831
5.0189
4.9547
4.8905
4.8263
4.7621
4.6978
4.6336
4.5694
4.5052
4.441
4.3768
4.3126
4.2484
4.1841
4.1199
4.0557
3.9915
3.9273
3.8631
3.7989
3.7346
3.6704
3.6062
3.542
3.4778
3.4136
3.3494
3.2852
3.2599
3.2347
3.2095
3.1843
3.1591
3.1339
3.1087
3.0835
3.0583
3.0331
3.0079
2.9827
2.9575
2.9323
2.907
2.8818
2.8566
2.8314
2.8062
2.781
2.7558
2.7306
2.7054
2.6802
2.655
2.6298
2.6046
2.5793
2.5541
2.5289
2.5037
2.4785
2.4533
2.4281
2.4029
2.3777
2.3525
2.3273
2.3021
2.2769
2.2516
2.2264
2.2012
2.176
2.1508
2.1256
2.1004
2.0752
2.05
2.0248
1.9996
1.9744
1.9492
1.924
1.8987
1.8735
1.8483
1.8231
1.7979
1.7727
1.758
1.7433
1.7285
1.7138
1.6991
1.6844
1.6696
1.6549
1.6402
1.6254
1.6107
1.596
1.5813
1.5665
1.5518
1.5371
1.5224
1.5076
1.4929
1.4782
1.4635
1.4487
1.434
1.4193
1.4046
1.3898
1.3751
1.3604
1.3457
1.3309
1.3162
1.3015
1.2868
1.272
1.2573
1.2426
1.2279
1.2131
1.1984
1.1837
1.1689
1.1542
1.1395
1.1248
1.11
1.0953
1.0806
1.0659
1.0511
1.0364
1.0217
1.007
0.99224
0.97751
0.96279
0.94806
0.93334
0.91861
0.90389
0.88916
0.73728
0.58541
0.43353
0.28166
0.12978
-0.022095
-0.17397
-0.32585
-0.47772
-0.6296
-0.78147
-0.93335
-1.0852
-1.2371
-1.389
-1.5409
-1.6927
-1.8446
-1.9965
-2.1484
-2.3002
-2.4521
-2.604
-2.7559
-2.9077
-3.0596
-3.2115
-3.3634
-3.5152
-3.6671
-3.819
-3.9709
-4.1227
-4.2746
-4.4265
-4.5784
-4.7302
-4.8821
-5.034
-5.1859
-5.3377
-5.4896
-5.6415
-5.7934
-5.9453
-6.0971
-6.249
-6.4009
-6.5528
-6.7046
-6.8565
-7.0084
-7.1603
-7.3121
-7.464
-7.6159
-7.7678
-7.9196
-8.0715
-8.2234
-8.2479
-8.2724
-8.2968
-8.3213
-8.3458
-8.3703
-8.3948
-8.4193
-8.4437
-8.4682
-8.4927
-8.5172
-8.5417
-8.5662
-8.5906
-8.6151
-8.6396
-8.6641
-8.6886
-8.7131
-8.7375
-8.762
-8.7865
-8.811
-8.8355
-8.86
-8.8844
-8.9089
-8.9334
-8.9579
-8.9824
-9.0069
-9.0313
-9.0558
-9.0803
-9.1048
-9.1293
-9.1538
-9.1782
-9.2027
-9.2272
-9.2517
-9.2762
-9.3007
-9.3251
-9.3496
-9.3741
-9.3986
-9.4231
-9.4476
-9.472
-9.4965
-9.521
-9.5455
-9.57
-9.5944
-9.6189
-9.6434
-9.6679
-9.6924
-9.6633
-9.6342
-9.6051
-9.576
-9.5469
-9.5178
-9.4887
-9.4596
-9.4305
-9.4014
-9.3723
-9.3432
-9.3141
-9.285
-9.2559
-9.2268
-9.1977
-9.1686
-9.1395
-9.1104
-9.0813
-9.0521
-9.023
-8.9939
-8.9648
-8.9357
-8.9066
-8.8775
-8.8484
-8.8193
-8.7902
-8.7611
-8.732
-8.7029
-8.6738
-8.6447
-8.6156
-8.5865
-8.5574
-8.5283
-8.4992
-8.4701
-8.441
-8.4119
-8.3828
-8.3537
-8.3246
-8.2955
-8.2664
-8.2373
-8.2082
-8.1791
-8.15
-8.1209
-8.0918
-8.0627
-8.0336
-8.0045
-7.9754
-7.9463
-8.0472
-8.1481
-8.2491
-8.35
-8.4509
-8.5518
-8.6528
-8.7537
-8.8546
-8.9555
-9.0564
-9.1574
-9.2583
-9.3592
-9.4601
-9.5611
-9.662
-9.7629
-9.8638
-9.9648
-10.066
-10.167
-10.268
-10.368
-10.469
-10.57
-10.671
-10.772
-10.873
-10.974
-11.075
-11.176
-11.277
-11.378
-11.479
-11.58
-11.68
-11.781
-11.882
-11.983
-12.084
-12.185
-12.286
-12.387
-12.488
-12.589
-12.69
-12.791
-12.892
-12.992
-13.093
-13.194
-13.295
-13.396
-13.497
-13.598
-13.699
-13.8
-13.901
-14.002
-13.981
-13.96
-13.939
-13.917
-13.896
-13.875
-13.854
-13.833
-13.812
-13.791
-13.77
-13.749
-13.728
-13.707
-13.686
-13.665
-13.644
-13.623
-13.602
-13.58
-13.559
-13.538
-13.517
-13.496
-13.475
-13.454
-13.433
-13.412
-13.391
-13.37
-13.349
-13.328
-13.307
-13.286
-13.265
-13.244
-13.222
-13.201
-13.18
-13.159
-13.138
-13.117
-13.096
-13.075
-13.054
-13.033
-13.012
-12.991
-12.97
-12.949
-12.928
-12.907
-12.885
-12.864
-12.843
-12.822
-12.801
-12.78
-12.759
-12.738
-12.647
-12.557
-12.466
-12.375
-12.285
-12.194
-12.103
-12.013
-11.922
-11.831
-11.741
-11.65
-11.559
-11.469
-11.378
-11.287
-11.197
-11.106
-11.015
-10.925
-10.834
-10.743
-10.653
-10.562
-10.471
-10.381
-10.29
-10.2
-10.109
-10.018
-9.9275
-9.8369
-9.7462
-9.6555
-9.5649
-9.4742
-9.3836
-9.2929
-9.2022
-9.1116
-9.0209
-8.9302
-8.8396
-8.7489
-8.6583
-8.5676
-8.4769
-8.3863
-8.2956
-8.205
-8.1143
-8.0236
-7.933
-7.8423
-7.7516
-7.661
-7.5703
-7.4797
-7.389
-7.2983
-7.2462
-7.194
-7.1418
-7.0896
-7.0374
-6.9852
-6.933
-6.8808
-6.8286
-6.7764
-6.7243
-6.6721
-6.6199
-6.5677
-6.5155
-6.4633
-6.4111
-6.3589
-6.3067
-6.2546
-6.2024
-6.1502
-6.098
-6.0458
-5.9936
-5.9414
-5.8892
-5.837
-5.7849
-5.7327
-5.6805
-5.6283
-5.5761
-5.5239
-5.4717
-5.4195
-5.3673
-5.3152
-5.263
-5.2108
-5.1586
-5.1064
-5.0542
-5.002
-4.9498
-4.8976
-4.8455
-4.7933
-4.7411
-4.6889
-4.6367
-4.5845
-4.5323
-4.4801
-4.4279
-4.3757
-4.3236
-4.2714
-4.2192
-4.167
-4.0409
-3.9148
-3.7887
-3.6626
-3.5366
-3.4105
-3.2844
-3.1583
-3.0322
-2.9061
-2.78
-2.654
-2.5279
-2.4018
-2.2757
-2.1496
-2.0235
-1.8974
-1.7714
-1.6453
-1.5192
-1.3931
-1.267
-1.1409
-1.0148
-0.88875
-0.76266
-0.63657
-0.51049
-0.3844
-0.25831
-0.13223
-0.0061401
0.11995
0.24603
0.37212
0.49821
0.62429
0.75038
0.87646
1.0026
1.1286
1.2547
1.3808
1.5069
1.633
1.7591
1.8852
2.0112
2.1373
2.2634
2.3895
2.5156
2.6417
2.7678
2.8938
3.0199
3.146
3.2721
3.3982
3.4626
3.5269
3.5913
3.6556
3.72
3.7844
3.8487
3.9131
3.9775
4.0418
4.1062
4.1706
4.2349
4.2993
4.3636
4.428
4.4924
4.5567
4.6211
4.6855
4.7498
4.8142
4.8786
4.9429
5.0073
5.0716
5.136
5.2004
5.2647
5.3291
5.3935
5.4578
5.5222
5.5866
5.6509
5.7153
5.7796
5.844
5.9084
5.9727
6.0371
6.1015
6.1658
6.2302
6.2946
6.3589
6.4233
6.4876
6.552
6.6164
6.6807
6.7451
6.8095
6.8738
6.9382
7.0026
7.0669
7.1313
7.1956
7.26
7.2904
7.3208
7.3511
7.3815
7.4119
7.4423
7.4727
7.503
7.5334
7.5638
7.5942
7.6246
7.6549
7.6853
7.7157
7.7461
7.7765
7.8068
7.8372
7.8676
7.898
7.9284
7.9587
7.9891
8.0195
8.0499
8.0802
8.1106
8.141
8.1714
8.2018
8.2321
8.2625
8.2929
8.3233
8.3537
8.384
8.4144
8.4448
8.4752
8.5056
8.5359
8.5663
8.5967
8.6271
8.6575
8.6878
8.7182
8.7486
8.779
8.8094
8.8397
8.8701
8.9005
8.9309
8.9612
8.9916
9.022
9.0524
9.0828
9.1091
9.1355
9.1618
9.1882
9.2145
9.2409
9.2672
9.2936
9.3199
9.3463
9.3726
9.399
9.4253
9.4517
9.478
9.5044
9.5307
9.5571
9.5834
9.6098
9.6361
9.6625
9.6888
9.7152
9.7415
9.7679
9.7942
9.8206
9.8469
9.8733
9.8996
9.926
9.9523
9.9787
10.005
10.031
10.058
10.084
10.11
10.137
10.163
10.19
10.216
10.242
10.269
10.295
10.321
10.348
10.374
10.4
10.427
10.453
10.479
10.506
10.532
10.558
10.585
10.611
10.637
10.664
10.769
10.874
10.979
11.083
11.188
11.293
11.398
11.503
11.608
11.713
11.818
11.923
12.028
12.133
12.237
12.342
12.447
12.552
12.657
12.762
12.867
12.972
13.077
13.182
13.286
13.391
13.496
13.601
13.706
13.811
13.916
14.021
14.126
14.231
14.336
14.44
14.545
14.65
14.755
14.86
14.965
15.07
15.175
15.28
15.385
15.49
15.594
15.699
15.804
15.909
16.014
16.119
16.224
16.329
16.434
16.539
16.644
16.748
16.853
16.958
17.001
17.044
17.087
17.13
17.174
17.217
17.26
17.303
17.346
17.389
17.432
17.475
17.518
17.561
17.604
17.647
17.69
17.733
17.776
17.819
17.862
17.905
17.948
17.991
18.035
18.078
18.121
18.164
18.207
18.25
18.293
18.336
18.379
18.422
18.465
18.508
18.551
18.594
18.637
18.68
18.723
18.766
18.809
18.852
18.896
18.939
18.982
19.025
19.068
19.111
19.154
19.197
19.24
19.283
19.326
19.369
19.412
19.455
19.498
19.541
19.586
19.631
19.675
19.72
19.765
19.809
19.854
19.899
19.943
19.988
20.033
20.077
20.122
20.167
20.211
20.256
20.301
20.345
20.39
20.435
20.479
20.524
20.569
20.613
20.658
20.703
20.747
20.792
20.837
20.881
20.926
20.971
21.015
21.06
21.105
21.149
21.194
21.239
21.283
21.328
21.373
21.417
21.462
21.507
21.551
21.596
21.641
21.685
21.73
21.775
21.819
21.864
21.909
21.953
21.998
22.043
22.087
22.132
22.177
22.221
22.246
22.271
22.296
22.322
22.347
22.372
22.397
22.422
22.447
22.472
22.497
22.522
22.547
22.572
22.598
22.623
22.648
22.673
22.698
22.723
22.748
22.773
22.798
22.823
22.848
22.874
22.899
22.924
22.949
22.974
22.999
23.024
23.049
23.074
23.099
23.124
23.15
23.175
23.2
23.225
23.25
23.275
23.3
23.325
23.35
23.375
23.4
23.425
23.451
23.476
23.501
23.526
23.551
23.576
23.601
23.626
23.651
23.676
23.701
23.727
23.77
23.814
23.858
23.902
23.945
23.989
24.033
24.077
24.12
24.164
24.208
24.252
24.296
24.339
24.383
24.427
24.471
24.514
24.558
24.602
24.646
24.689
24.733
24.777
24.821
24.864
24.908
24.952
24.996
25.04
25.083
25.127
25.171
25.215
25.258
25.302
25.346
25.39
25.433
25.477
25.521
25.565
25.609
25.652
25.696
25.74
25.784
25.827
25.871
25.915
25.959
26.002
26.046
26.09
26.134
26.177
26.221
26.265
26.309
26.353
25.88
25.407
24.934
24.461
23.988
23.515
23.042
22.569
22.096
21.623
21.15
20.677
20.204
19.731
19.258
18.785
18.312
17.839
17.366
16.893
16.42
15.947
15.474
15.001
14.528
14.055
13.582
13.109
12.636
12.163
11.69
11.217
10.744
10.271
9.7985
9.3255
8.8525
8.3795
7.9066
7.4336
6.9606
6.4876
6.0147
5.5417
5.0687
4.5958
4.1228
3.6498
3.1768
2.7039
2.2309
1.7579
1.2849
0.81196
0.33899
-0.13398
-0.60696
-1.0799
-1.5529
-2.0259
-2.0646
-2.1033
-2.142
-2.1807
-2.2194
-2.2582
-2.2969
-2.3356
-2.3743
-2.413
-2.4517
-2.4904
-2.5291
-2.5679
-2.6066
-2.6453
-2.684
-2.7227
-2.7614
-2.8001
-2.8388
-2.8776
-2.9163
-2.955
-2.9937
-3.0324
-3.0711
-3.1098
-3.1485
-3.1873
-3.226
-3.2647
-3.3034
-3.3421
-3.3808
-3.4195
-3.4582
-3.497
-3.5357
-3.5744
-3.6131
-3.6518
-3.6905
-3.7292
-3.7679
-3.8067
-3.8454
-3.8841
-3.9228
-3.9615
-4.0002
-4.0389
-4.0776
-4.1164
-4.1551
-4.1938
-4.2325
-4.2712
-4.3099
-4.3486
-4.3969
-4.4452
-4.4935
-4.5417
-4.59
-4.6383
-4.6866
-4.7348
-4.7831
-4.8314
-4.8797
-4.9279
-4.9762
-5.0245
-5.0728
-5.121
-5.1693
-5.2176
-5.2659
-5.3141
-5.3624
-5.4107
-5.459
-5.5072
-5.5555
-5.6038
-5.6521
-5.7003
-5.7486
-5.7969
-5.8451
-5.8934
-5.9417
-5.99
-6.0382
-6.0865
-6.1348
-6.1831
-6.2313
-6.2796
-6.3279
-6.3762
-6.4244
-6.4727
-6.521
-6.5693
-6.6175
-6.6658
-6.7141
-6.7624
-6.8106
-6.8589
-6.9072
-6.9555
-7.0037
-7.052
-7.1003
-7.1486
-7.1968
-7.2451
-7.2983
-7.3516
-7.4048
-7.458
-7.5112
-7.5644
-7.6176
-7.6709
-7.7241
-7.7773
-7.8305
-7.8837
-7.937
-7.9902
-8.0434
-8.0966
-8.1498
-8.2031
-8.2563
-8.3095
-8.3627
-8.4159
-8.4691
-8.5224
-8.5756
-8.6288
-8.682
-8.7352
-8.7885
-8.8417
-8.8949
-8.9481
-9.0013
-9.0545
-9.1078
-9.161
-9.2142
-9.2674
-9.3206
-9.3739
-9.4271
-9.4803
-9.5335
-9.5867
-9.64
-9.6932
-9.7464
-9.7996
-9.8528
-9.906
-9.9593
-10.012
-10.066
-10.119
-10.172
-10.225
-10.279
-10.332
-10.385
-10.438
-10.501
-10.563
-10.626
-10.688
-10.751
-10.814
-10.876
-10.939
-11.001
-11.064
-11.126
-11.189
-11.251
-11.314
-11.376
-11.439
-11.501
-11.564
-11.627
-11.689
-11.752
-11.814
-11.877
-11.939
-12.002
-12.064
-12.127
-12.189
-12.252
-12.315
-12.377
-12.44
-12.502
-12.565
-12.627
-12.69
-12.752
-12.815
-12.877
-12.94
-13.003
-13.065
-13.128
-13.19
-13.253
-13.315
-13.378
-13.44
-13.503
-13.565
-13.628
-13.691
-13.753
-13.816
-13.878
-13.941
-14.003
-14.066
-14.128
-14.191
-14.257
-14.324
-14.39
-14.456
-14.523
-14.589
-14.655
-14.722
-14.788
-14.854
-14.921
-14.987
-15.053
-15.12
-15.186
-15.252
-15.319
-15.385
-15.451
-15.518
-15.584
-15.65
-15.717
-15.783
-15.849
-15.916
-15.982
-16.048
-16.115
-16.181
-16.247
-16.314
-16.38
-16.447
-16.513
-16.579
-16.646
-16.712
-16.778
-16.845
-16.911
-16.977
-17.044
-17.11
-17.176
-17.243
-17.309
-17.375
-17.442
-17.508
-17.574
-17.641
-17.707
-17.773
-17.84
-17.906
-17.972
-18.039
-18.105
-18.171
-18.029
-17.886
-17.743
-17.601
-17.458
-17.316
-17.173
-17.03
-16.888
-16.745
-16.602
-16.46
-16.317
-16.174
-16.032
-15.889
-15.747
-15.604
-15.461
-15.319
-15.176
-15.033
-14.891
-14.748
-14.605
-14.463
-14.32
-14.177
-14.035
-13.892
-13.75
-13.607
-13.464
-13.322
-13.179
-13.036
-12.894
-12.751
-12.608
-12.466
-12.323
-12.181
-12.038
-11.895
-11.753
-11.61
-11.467
-11.325
-11.182
-11.039
-10.897
-10.754
-10.612
-10.469
-10.326
-10.184
-10.041
-9.8983
-9.7557
-9.613
-9.6657
-9.7184
-9.7711
-9.8237
-9.8764
-9.9291
-9.9818
-10.034
-10.087
-10.14
-10.192
-10.245
-10.298
-10.35
-10.403
-10.456
-10.508
-10.561
-10.614
-10.667
-10.719
-10.772
-10.825
-10.877
-10.93
-10.983
-11.035
-11.088
-11.141
-11.193
-11.246
-11.299
-11.351
-11.404
-11.457
-11.509
-11.562
-11.615
-11.667
-11.72
-11.773
-11.825
-11.878
-11.931
-11.983
-12.036
-12.089
-12.141
-12.194
-12.247
-12.299
-12.352
-12.405
-12.457
-12.51
-12.563
-12.615
-12.668
-12.721
-12.773
-12.799
-12.825
-12.852
-12.878
-12.904
-12.93
-12.956
-12.982
-13.008
-13.034
-13.06
-13.086
-13.112
-13.138
-13.164
-13.19
-13.216
-13.242
-13.268
-13.294
-13.32
-13.346
-13.372
-13.398
-13.424
-13.45
-13.476
-13.502
-13.528
-13.554
-13.58
-13.606
-13.632
-13.658
-13.684
-13.71
-13.736
-13.762
-13.788
-13.814
-13.84
-13.866
-13.892
-13.918
-13.944
-13.97
-13.996
-14.022
-14.048
-14.075
-14.101
-14.127
-14.153
-14.179
-14.205
-14.231
-14.257
-14.283
-14.309
-14.335
-14.352
-14.368
-14.385
-14.402
-14.419
-14.436
-14.453
-14.469
-14.486
-14.503
-14.52
-14.537
-14.554
-14.57
-14.587
-14.604
-14.621
-14.638
-14.655
-14.671
-14.688
-14.705
-14.722
-14.739
-14.756
-14.772
-14.789
-14.806
-14.823
-14.84
-14.857
-14.873
-14.89
-14.907
-14.924
-14.941
-14.958
-14.974
-14.991
-15.008
-15.025
-15.042
-15.059
-15.075
-15.092
-15.109
-15.126
-15.143
-15.16
-15.176
-15.193
-15.21
-15.227
-15.244
-15.261
-15.277
-15.294
-15.311
-15.328
-15.345
-15.366
-15.388
-15.41
-15.431
-15.453
-15.475
-15.496
-15.518
-15.54
-15.561
-15.583
-15.605
-15.626
-15.648
-15.67
-15.691
-15.713
-15.735
-15.756
-15.778
-15.8
-15.821
-15.843
-15.865
-15.886
-15.908
-15.93
-15.951
-15.973
-15.995
-16.016
-16.038
-16.06
-16.081
-16.103
-16.125
-16.146
-16.168
-16.19
-16.211
-16.233
-16.255
-16.276
-16.298
-16.32
-16.341
-16.363
-16.385
-16.406
-16.428
-16.45
-16.471
-16.493
-16.515
-16.536
-16.558
-16.58
-16.601
-16.623
-16.645
-16.568
-16.491
-16.415
-16.338
-16.261
-16.185
-16.108
-16.031
-15.955
-15.878
-15.801
-15.725
-15.648
-15.571
-15.495
-15.418
-15.341
-15.265
-15.188
-15.111
-15.035
-14.958
-14.881
-14.805
-14.728
-14.651
-14.575
-14.498
-14.421
-14.345
-14.268
-14.191
-14.115
-14.038
-13.961
-13.885
-13.808
-13.731
-13.655
-13.578
-13.501
-13.425
-13.348
-13.271
-13.195
-13.118
-13.041
-12.965
-12.888
-12.811
-12.735
-12.658
-12.581
-12.505
-12.428
-12.351
-12.275
-12.198
-12.121
-12.045
-12.026
-12.008
-11.99
-11.972
-11.954
-11.936
-11.917
-11.899
-11.881
-11.863
-11.845
-11.827
-11.808
-11.79
-11.772
-11.754
-11.736
-11.717
-11.699
-11.681
-11.663
-11.645
-11.627
-11.608
-11.59
-11.572
-11.554
-11.536
-11.517
-11.499
-11.481
-11.463
-11.445
-11.427
-11.408
-11.39
-11.372
-11.354
-11.336
-11.317
-11.299
-11.281
-11.263
-11.245
-11.227
-11.208
-11.19
-11.172
-11.154
-11.136
-11.117
-11.099
-11.081
-11.063
-11.045
-11.027
-11.008
-10.99
-10.972
-10.954
-10.93
-10.906
-10.883
-10.859
-10.835
-10.811
-10.788
-10.764
-10.74
-10.716
-10.693
-10.669
-10.645
-10.622
-10.598
-10.574
-10.55
-10.527
-10.503
-10.479
-10.455
-10.432
-10.408
-10.384
-10.36
-10.337
-10.313
-10.289
-10.265
-10.242
-10.218
-10.194
-10.17
-10.147
-10.123
-10.099
-10.076
-10.052
-10.028
-10.004
-9.9806
-9.9568
-9.9331
-9.9094
-9.8856
-9.8619
-9.8381
-9.8144
-9.7907
-9.7669
-9.7432
-9.7194
-9.6957
-9.672
-9.6482
-9.6245
-9.6008
-9.577
-9.5533
-9.5295
-9.5148
-9.5001
-9.4854
-9.4707
-9.456
-9.4413
-9.4266
-9.4119
-9.3972
-9.3825
-9.3678
-9.3531
-9.3384
-9.3237
-9.309
-9.2943
-9.2795
-9.2648
-9.2501
-9.2354
-9.2207
-9.206
-9.1913
-9.1766
-9.1619
-9.1472
-9.1325
-9.1178
-9.1031
-9.0884
-9.0737
-9.059
-9.0443
-9.0296
-9.0149
-9.0001
-8.9854
-8.9707
-8.956
-8.9413
-8.9266
-8.9119
-8.8972
-8.8825
-8.8678
-8.8531
-8.8384
-8.8237
-8.809
-8.7943
-8.7796
-8.7649
-8.7502
-8.7354
-8.7207
-8.706
-8.6913
-8.6766
-8.6619
-8.6472
-8.5482
-8.4491
-8.3501
-8.2511
-8.152
-8.053
-7.954
-7.8549
-7.7559
-7.6569
-7.5578
-7.4588
-7.3598
-7.2607
-7.1617
-7.0626
-6.9636
-6.8646
-6.7655
-6.6665
-6.5675
-6.4684
-6.3694
-6.2704
-6.1713
-6.0723
-5.9733
-5.8742
-5.7752
-5.6761
-5.5771
-5.4781
-5.379
-5.28
-5.181
-5.0819
-4.9829
-4.8839
-4.7848
-4.6858
-4.5868
-4.4877
-4.3887
-4.2896
-4.1906
-4.0916
-3.9925
-3.8935
-3.7945
-3.6954
-3.5964
-3.4974
-3.3983
-3.2993
-3.2003
-3.1012
-3.0022
-2.9031
-2.8041
-2.7051
-2.6708
-2.6365
-2.6022
-2.5679
-2.5335
-2.4992
-2.4649
-2.4306
-2.3963
-2.362
-2.3277
-2.2934
-2.2591
-2.2248
-2.1905
-2.1562
-2.1219
-2.0876
-2.0533
-2.019
-1.9847
-1.9503
-1.916
-1.8817
-1.8474
-1.8131
-1.7788
-1.7445
-1.7102
-1.6759
-1.6416
-1.6073
-1.573
-1.5387
-1.5044
-1.4701
-1.4358
-1.4015
-1.3672
-1.3328
-1.2985
-1.2642
-1.2299
-1.1956
-1.1613
-1.127
-1.0927
-1.0584
-1.0241
-0.98979
-0.95548
-0.92118
-0.88687
-0.85256
-0.81826
-0.78395
-0.74965
-0.71534
-0.68103
-0.64673
-0.62282
-0.59891
-0.575
-0.55109
-0.52718
-0.50327
-0.47936
-0.45545
-0.43154
-0.40763
-0.38372
-0.35981
-0.3359
-0.312
-0.28809
-0.26418
-0.24027
-0.21636
-0.19245
-0.16854
-0.14463
-0.12072
-0.09681
-0.0729
-0.048991
-0.025081
-0.0011719
0.022738
0.046647
0.070557
0.094466
0.11838
0.14229
0.16619
0.1901
0.21401
0.23792
0.26183
0.28574
0.30965
0.33356
0.35747
0.38138
0.40529
0.4292
0.45311
0.47702
0.50093
0.52484
0.54875
0.57266
0.59657
0.62048
0.64438
0.66829
0.6922
0.71611
0.74002
0.76393
0.78784
0.81944
0.85104
0.88264
0.91424
0.94584
0.97744
1.009
1.0406
1.0722
1.1038
1.1354
1.167
1.1986
1.2302
1.2618
1.2934
1.325
1.3566
1.3882
1.4198
1.4514
1.483
1.5146
1.5462
1.5778
1.6094
1.641
1.6726
1.7042
1.7358
1.7674
1.799
1.8306
1.8622
1.8938
1.9254
1.957
1.9886
2.0202
2.0518
2.0834
2.115
2.1466
2.1782
2.2098
2.2414
2.273
2.3046
2.3362
2.3678
2.3994
2.431
2.4626
2.4942
2.5258
2.5574
2.589
2.6206
2.6522
2.6838
2.7149
2.7459
2.7769
2.8079
2.8389
2.87
2.901
2.932
2.963
2.9941
3.0251
3.0561
3.0871
3.1181
3.1492
3.1802
3.2112
3.2422
3.2733
3.3043
3.3353
3.3663
3.3973
3.4284
3.4594
3.4904
3.5214
3.5525
3.5835
3.6145
3.6455
3.6765
3.7076
3.7386
3.7696
3.8006
3.8317
3.8627
3.8937
3.9247
3.9557
3.9868
4.0178
4.0488
4.0798
4.1109
4.1419
4.1729
4.2039
4.2349
4.266
4.297
4.328
4.359
4.3901
4.4211
4.4521
4.4831
4.5141
4.5452
4.5545
4.5638
4.5731
4.5824
4.5917
4.601
4.6103
4.6196
4.629
4.6383
4.6476
4.6569
4.6662
4.6755
4.6848
4.6941
4.7034
4.7127
4.7221
4.7314
4.7407
4.75
4.7593
4.7686
4.7779
4.7872
4.7965
4.8058
4.8152
4.8245
4.8338
4.8431
4.8524
4.8617
4.871
4.8803
4.8896
4.8989
4.9083
4.9176
4.9269
4.9362
4.9455
4.9548
4.9641
4.9734
4.9827
4.992
5.0014
5.0107
5.02
5.0293
5.0386
5.0479
5.0572
5.0665
5.0758
5.0851
5.0944
5.1038
5.1107
5.1175
5.1244
5.1313
5.1382
5.1451
5.152
5.1589
5.1658
5.1727
5.1796
5.1865
5.1934
5.2003
5.2072
5.214
5.2209
5.2278
5.2347
5.2416
5.2485
5.2554
5.2623
5.2692
5.2761
5.283
5.2899
5.2968
5.3037
5.3105
5.3174
5.3243
5.3312
5.3381
5.345
5.3519
5.3588
5.3657
5.3726
5.3795
5.3864
5.3933
5.4002
5.407
5.4139
5.4208
5.4277
5.4346
5.4415
5.4484
5.4553
5.4622
5.4691
5.476
5.4829
5.4898
5.4967
5.5035
5.5104
5.5173
5.4988
5.4803
5.4617
5.4432
5.4247
5.4061
5.3876
5.3691
5.3505
5.332
5.3135
5.2949
5.2764
5.2579
5.2393
5.2208
5.2023
5.1837
5.1652
5.1466
5.1281
5.1096
5.091
5.0725
5.054
5.0354
5.0169
4.9984
4.9798
4.9613
4.9428
4.9242
4.9057
4.8872
4.8686
4.8501
4.8316
4.813
4.7945
4.776
4.7574
4.7389
4.7204
4.7018
4.6833
4.6648
4.6462
4.6277
4.6092
4.5906
4.5721
4.5535
4.535
4.5165
4.4979
4.4794
4.4609
4.4423
4.4238
4.4053
4.3856
4.3659
4.3461
4.3264
4.3067
4.287
4.2673
4.2476
4.2279
4.2082
4.1885
4.1687
4.149
4.1293
4.1096
4.0899
4.0702
4.0505
4.0308
4.0111
3.9914
3.9716
3.9519
3.9322
3.9125
3.8928
3.8731
3.8534
3.8337
3.814
3.7943
3.7745
3.7548
3.7351
3.7154
3.6957
3.676
3.6563
3.6366
3.6169
3.5972
3.5774
3.5577
3.538
3.5183
3.4986
3.4789
3.4592
3.4395
3.4198
3.4
3.3803
3.3606
3.3409
3.3212
3.3015
3.2818
3.2621
3.2424
3.2227
3.2067
3.1908
3.1749
3.159
3.1431
3.1271
3.1112
3.0953
3.0794
3.0635
3.0476
3.0316
3.0157
2.9998
2.9839
2.968
2.9521
2.9361
2.9202
2.9043
2.8884
2.8725
2.8565
2.8406
2.8247
2.8088
2.7929
2.777
2.761
2.7451
2.7292
2.7133
2.6974
2.6814
2.6655
2.6496
2.6337
2.6178
2.6019
2.5859
2.57
2.5541
2.5382
2.5223
2.5063
2.4904
2.4745
2.4586
2.4427
2.4268
2.4108
2.3949
2.379
2.3631
2.3472
2.3312
2.3153
2.2994
2.2835
2.2676
2.2469
2.2262
2.2055
2.1848
2.1641
2.1434
2.1227
2.1021
2.0814
2.0607
2.04
2.0193
1.9986
1.9779
1.9572
1.9365
1.9158
1.8951
1.8745
1.8538
1.8331
1.8124
1.7917
1.771
1.7503
1.7296
1.7089
1.6882
1.6675
1.6469
1.6262
1.6055
1.5848
1.5641
1.5434
1.5227
1.502
1.4813
1.4606
1.4399
1.4193
1.3986
1.3779
1.3572
1.3365
1.3158
1.2951
1.2744
1.2537
1.233
1.2123
1.1917
1.171
1.1503
1.1296
1.1089
1.0882
1.0675
1.0468
1.0261
1.0148
1.0036
0.99227
0.98099
0.96971
0.95842
0.94714
0.93586
0.92457
0.91329
0.90201
0.89072
0.87944
0.86816
0.85687
0.84559
0.83431
0.82302
0.81174
0.80046
0.78917
0.77789
0.76661
0.75532
0.74404
0.73276
0.72147
0.71019
0.69891
0.68762
0.67634
0.66506
0.65377
0.64249
0.63121
0.61992
0.60864
0.59736
0.58607
0.57479
0.56351
0.55222
0.54094
0.52965
0.51837
0.50709
0.4958
0.48452
0.47324
0.46195
0.45067
0.43939
0.4281
0.41682
0.40554
0.39425
0.38297
0.37169
0.3604
0.34912
0.34224
0.33537
0.32849
0.32161
0.31474
0.30786
0.30098
0.29411
0.28723
0.28035
0.27348
0.2666
0.25972
0.25285
0.24597
0.2391
0.23222
0.22534
0.21847
0.21159
0.20471
0.19784
0.19096
0.18408
0.17721
0.17033
0.16345
0.15658
0.1497
0.14282
0.13595
0.12907
0.12219
0.11532
0.10844
0.10156
0.094686
0.087809
0.080933
0.074056
0.067179
0.060303
0.053426
0.046549
0.039673
0.032796
0.02592
0.019043
0.012166
0.0052897
-0.0015869
-0.0084635
-0.01534
-0.022217
-0.029093
-0.03597
-0.042847
-0.049723
-0.0566
-0.063477
-0.10314
-0.1428
-0.18246
-0.22212
-0.26178
-0.30144
-0.3411
-0.38076
-0.42042
-0.46008
-0.49974
-0.5394
-0.57906
-0.61873
-0.65839
-0.69805
-0.73771
-0.77737
-0.81703
-0.85669
-0.89635
-0.93601
-0.97567
-1.0153
-1.055
-1.0947
-1.1343
-1.174
-1.2136
-1.2533
-1.293
-1.3326
-1.3723
-1.4119
-1.4516
-1.4913
-1.5309
-1.5706
-1.6102
-1.6499
-1.6896
-1.7292
-1.7689
-1.8085
-1.8482
-1.8879
-1.9275
-1.9672
-2.0068
-2.0465
-2.0862
-2.1258
-2.1655
-2.2052
-2.2448
-2.2845
-2.3241
-2.3638
-2.4035
-2.4431
-2.5531
-2.663
-2.773
-2.8829
-2.9929
-3.1028
-3.2128
-3.3227
-3.4327
-3.5426
-3.6526
-3.7625
-3.8725
-3.9825
-4.0924
-4.2024
-4.3123
-4.4223
-4.5322
-4.6422
-4.7521
-4.8621
-4.972
-5.082
-5.1919
-5.3019
-5.4118
-5.5218
-5.6317
-5.7417
-5.8517
-5.9616
-6.0716
-6.1815
-6.2915
-6.4014
-6.5114
-6.6213
-6.7313
-6.8412
-6.9512
-7.0611
-7.1711
-7.281
-7.391
-7.5009
-7.6109
-7.7208
-7.8308
-7.9408
-8.0507
-8.1607
-8.2706
-8.3806
-8.4905
-8.6005
-8.7104
-8.8204
-8.9303
-9.0403
-9.1398
-9.2393
-9.3388
-9.4384
-9.5379
-9.6374
-9.7369
-9.8364
-9.936
-10.035
-10.135
-10.235
-10.334
-10.434
-10.533
-10.633
-10.732
-10.832
-10.931
-11.031
-11.13
-11.23
-11.329
-11.429
-11.528
-11.628
-11.727
-11.827
-11.926
-12.026
-12.125
-12.225
-12.324
-12.424
-12.523
-12.623
-12.723
-12.822
-12.922
-13.021
-13.121
-13.22
-13.32
-13.419
-13.519
-13.618
-13.718
-13.817
-13.917
-14.016
-14.116
-14.215
-14.315
-14.414
-14.514
-14.613
-14.713
-14.812
-14.912
-15.011
-15.054
-15.097
-15.14
-15.183
-15.226
-15.269
-15.312
-15.355
-15.398
-15.441
-15.484
-15.527
-15.57
-15.613
-15.656
-15.699
-15.742
-15.785
-15.828
-15.871
-15.914
-15.957
-16
-16.043
-16.086
-16.129
-16.172
-16.215
-16.258
-16.301
-16.344
-16.387
-16.43
-16.473
-16.516
-16.559
-16.602
-16.645
-16.688
-16.731
-16.774
-16.817
-16.86
-16.903
-16.946
-16.989
-17.032
-17.075
-17.118
-17.161
-17.204
-17.247
-17.29
-17.333
-17.376
-17.419
-17.462
-17.505
-17.548
-17.591
-17.62
-17.648
-17.677
-17.706
-17.734
-17.763
-17.791
-17.82
-17.848
-17.877
-17.905
-17.934
-17.962
-17.991
-18.02
-18.048
-18.077
-18.105
-18.134
-18.162
-18.191
-18.219
-18.248
-18.277
-18.305
-18.334
-18.362
-18.391
-18.419
-18.448
-18.476
-18.505
-18.534
-18.562
-18.591
-18.619
-18.648
-18.676
-18.705
-18.733
-18.762
-18.791
-18.819
-18.848
-18.876
-18.905
-18.933
-18.962
-18.99
-19.019
-19.047
-19.076
-19.105
-19.133
-19.162
-19.19
-19.219
-19.247
-19.276
-19.304
-19.298
-19.292
-19.285
-19.279
-19.273
-19.266
-19.26
-19.254
-19.247
-19.241
-19.234
-19.228
-19.222
-19.215
-19.209
-19.203
-19.196
-19.19
-19.184
-19.177
-19.171
-19.164
-19.158
-19.152
-19.145
-19.139
-19.133
-19.126
-19.12
-19.114
-19.107
-19.101
-19.094
-19.088
-19.082
-19.075
-19.069
-19.063
-19.056
-19.05
-19.044
-19.037
-19.031
-19.024
-19.018
-19.012
-19.005
-18.999
-18.993
-18.986
-18.98
-18.974
-18.967
-18.961
-18.954
-18.948
-18.942
-18.935
-18.929
-18.923
-18.915
-18.906
-18.898
-18.89
-18.882
-18.874
-18.866
-18.858
-18.85
-18.842
-18.834
-18.826
-18.818
-18.81
-18.801
-18.793
-18.785
-18.777
-18.769
-18.761
-18.753
-18.745
-18.737
-18.729
-18.721
-18.713
-18.705
-18.696
-18.688
-18.68
-18.672
-18.664
-18.656
-18.648
-18.64
-18.632
-18.624
-18.616
-18.608
-18.6
-18.591
-18.583
-18.575
-18.567
-18.559
-18.551
-18.543
-18.535
-18.527
-18.519
-18.511
-18.503
-18.495
-18.486
-18.478
-18.47
-18.462
-18.454
-18.446
-18.438
-18.433
-18.428
-18.422
-18.417
-18.412
-18.407
-18.401
-18.396
-18.391
-18.386
-18.38
-18.375
-18.37
-18.365
-18.359
-18.354
-18.349
-18.344
-18.339
-18.333
-18.328
-18.323
-18.318
-18.312
-18.307
-18.302
-18.297
-18.291
-18.286
-18.281
-18.276
-18.271
-18.265
-18.26
-18.255
-18.25
-18.244
-18.239
-18.234
-18.229
-18.223
-18.218
-18.213
-18.208
-18.203
-18.197
-18.192
-18.187
-18.182
-18.176
-18.171
-18.166
-18.161
-18.155
-18.15
-18.145
-18.14
-18.134
-18.129
-18.124
-18.065
-18.005
-17.946
-17.887
-17.827
-17.768
-17.709
-17.65
-17.59
-17.531
-17.472
-17.412
-17.353
-17.294
-17.234
-17.175
-17.116
-17.056
-16.997
-16.938
-16.879
-16.819
-16.76
-16.701
-16.641
-16.582
-16.523
-16.463
-16.404
-16.345
-16.285
-16.226
-16.167
-16.107
-16.048
-15.989
-15.93
-15.87
-15.811
-15.752
-15.692
-15.633
-15.574
-15.514
-15.455
-15.396
-15.336
-15.277
-15.218
-15.159
-15.099
-15.04
-14.981
-14.921
-14.862
-14.803
-14.743
-14.684
-14.625
-14.565
-14.54
-14.514
-14.488
-14.462
-14.436
-14.41
-14.384
-14.358
-14.332
-14.306
-14.28
-14.254
-14.229
-14.203
-14.177
-14.151
-14.125
-14.099
-14.073
-14.047
-14.021
-13.995
-13.969
-13.944
-13.918
-13.892
-13.866
-13.84
-13.814
-13.788
-13.762
-13.736
-13.71
-13.684
-13.659
-13.633
-13.607
-13.581
-13.555
-13.529
-13.503
-13.477
-13.451
-13.425
-13.399
-13.374
-13.348
-13.322
-13.296
-13.27
-13.244
-13.218
-13.192
-13.166
-13.14
-13.114
-13.088
-13.063
-13.037
-13.011
-12.975
-12.94
-12.904
-12.868
-12.833
-12.797
-12.761
-12.726
-12.69
-12.655
-12.619
-12.583
-12.548
-12.512
-12.476
-12.441
-12.405
-12.37
-12.334
-12.298
-12.263
-12.227
-12.191
-12.156
-12.12
-12.085
-12.049
-12.013
-11.978
-11.942
-11.907
-11.871
-11.835
-11.8
-11.764
-11.728
-11.693
-11.657
-11.622
-11.586
-11.55
-11.515
-11.479
-11.443
-11.408
-11.372
-11.337
-11.301
-11.265
-11.23
-11.194
-11.158
-11.123
-11.087
-11.052
-11.016
-10.98
-10.945
-10.909
-10.874
-10.845
-10.817
-10.789
-10.761
-10.733
-10.704
-10.676
-10.648
-10.62
-10.592
-10.563
-10.535
-10.507
-10.479
-10.451
-10.423
-10.394
-10.366
-10.338
-10.31
-10.282
-10.253
-10.225
-10.197
-10.169
-10.141
-10.113
-10.084
-10.056
-10.028
-9.9998
-9.9716
-9.9434
-9.9152
-9.887
-9.8588
-9.8307
-9.8025
-9.7743
-9.7461
-9.7179
-9.6897
-9.6615
-9.6333
-9.6052
-9.577
-9.5488
-9.5206
-9.4924
-9.4642
-9.436
-9.4079
-9.3797
-9.3515
-9.3233
-9.2951
-9.2669
-9.2387
-9.2106
-9.1824
-9.1271
-9.0719
-9.0166
-8.9613
-8.9061
-8.8508
-8.7956
-8.7403
-8.6851
-8.6298
-8.5745
-8.5193
-8.464
-8.4088
-8.3535
-8.2983
-8.243
-8.1877
-8.1325
-8.0772
-8.022
-7.9667
-7.9115
-7.8562
-7.8009
-7.7457
-7.6904
-7.6352
-7.5799
-7.5247
-7.4694
-7.4141
-7.3589
-7.3036
-7.2484
-7.1931
-7.1379
-7.0826
-7.0273
-6.9721
-6.9168
-6.8616
-6.8063
-6.7511
-6.6958
-6.6405
-6.5853
-6.53
-6.4748
-6.4195
-6.3643
-6.309
-6.2537
-6.1985
-6.1432
-6.088
-6.0327
-5.9775
-5.9222
-5.8669
-5.818
-5.769
-5.72
-5.6711
-5.6221
-5.5731
-5.5242
-5.4752
-5.4262
-5.3773
-5.3283
-5.2793
-5.2304
-5.1814
-5.1324
-5.0835
-5.0345
-4.9855
-4.9366
-4.8876
-4.8386
-4.7897
-4.7407
-4.6917
-4.6428
-4.5938
-4.5448
-4.4959
-4.4469
-4.3979
-4.349
-4.3
-4.251
-4.2021
-4.1531
-4.1042
-4.0552
-4.0062
-3.9573
-3.9083
-3.8593
-3.8104
-3.7614
-3.7124
-3.6635
-3.6145
-3.5655
-3.5166
-3.4676
-3.4186
-3.3697
-3.3207
-3.2717
-3.2228
-3.1738
-3.1248
-3.0759
-3.0269
-2.9779
-2.929
-2.8831
-2.8372
-2.7913
-2.7455
-2.6996
-2.6537
-2.6079
-2.562
-2.5161
-2.4703
-2.4244
-2.3785
-2.3326
-2.2868
-2.2409
-2.195
-2.1492
-2.1033
-2.0574
-2.0116
-1.9657
-1.9198
-1.8739
-1.8281
-1.7822
-1.7363
-1.6905
-1.6446
-1.5987
-1.5529
-1.507
-1.4611
-1.4152
-1.3694
-1.3235
-1.2776
-1.2318
-1.1859
-1.14
-1.0942
-1.0483
-1.0024
-0.95655
-0.91068
-0.86481
-0.81894
-0.77307
-0.7272
-0.68133
-0.63546
-0.58959
-0.54372
-0.49785
-0.45198
-0.40611
-0.36024
-0.31437
-0.2685
-0.22263
-0.17676
-0.11598
-0.0552
0.0055786
0.066357
0.12714
0.18792
0.24869
0.30947
0.37025
0.43103
0.49181
0.55259
0.61337
0.67415
0.73492
0.7957
0.85648
0.91726
0.97804
1.0388
1.0996
1.1604
1.2212
1.2819
1.3427
1.4035
1.4643
1.525
1.5858
1.6466
1.7074
1.7682
1.8289
1.8897
1.9505
2.0113
2.0721
2.1328
2.1936
2.2544
2.3152
2.376
2.4367
2.4975
2.5583
2.6191
2.6798
2.7406
2.8014
2.8622
2.923
2.9837
3.0445
3.1053
3.1661
3.2269
3.2876
3.3484
3.4092
3.47
3.5053
3.5406
3.5759
3.6112
3.6465
3.6819
3.7172
3.7525
3.7878
3.8231
3.8584
3.8937
3.9291
3.9644
3.9997
4.035
4.0703
4.1056
4.141
4.1763
4.2116
4.2469
4.2822
4.3175
4.3528
4.3882
4.4235
4.4588
4.4941
4.5294
4.5647
4.6
4.6354
4.6707
4.706
4.7413
4.7766
4.8119
4.8473
4.8826
4.9179
4.9532
4.9885
5.0238
5.0591
5.0945
5.1298
5.1651
5.2004
5.2357
5.271
5.3063
5.3417
5.377
5.4123
5.4476
5.4829
5.5182
5.5536
5.5889
5.6097
5.6304
5.6512
5.672
5.6928
5.7136
5.7344
5.7551
5.7759
5.7967
5.8175
5.8383
5.8591
5.8799
5.9006
5.9214
5.9422
5.963
5.9838
6.0046
6.0253
6.0461
6.0669
6.0877
6.1085
6.1293
6.15
6.1708
6.1916
6.2124
6.2332
6.254
6.2748
6.2955
6.3163
6.3371
6.3579
6.3787
6.3995
6.4202
6.441
6.4618
6.4826
6.5034
6.5242
6.545
6.5657
6.5865
6.6073
6.6281
6.6489
6.6697
6.6904
6.7112
6.732
6.7528
6.7736
6.7944
6.8152
6.8359
6.8219
6.8078
6.7938
6.7797
6.7657
6.7516
6.7376
6.7235
6.7095
6.6954
6.6814
6.6673
6.6533
6.6392
6.6252
6.6111
6.5971
6.583
6.569
6.5549
6.5409
6.5268
6.5128
6.4987
6.4847
6.4706
6.4566
6.4425
6.4285
6.4144
6.4004
6.3863
6.3723
6.3582
6.3442
6.3301
6.3161
6.302
6.288
6.2739
6.2599
6.2458
6.2318
6.2177
6.2037
6.1896
6.1756
6.1615
6.1475
6.1334
6.1194
6.1053
6.0913
6.0772
6.0632
6.0491
6.0351
6.021
6.007
5.9929
6.0041
6.0153
6.0266
6.0378
6.049
6.0602
6.0714
6.0826
6.0938
6.105
6.1162
6.1274
6.1387
6.1499
6.1611
6.1723
6.1835
6.1947
6.2059
6.2171
6.2283
6.2395
6.2508
6.262
6.2732
6.2844
6.2956
6.3068
6.318
6.3292
6.3404
6.3516
6.3629
6.3741
6.3853
6.3965
6.4077
6.4189
6.4301
6.4413
6.4525
6.4637
6.475
6.4862
6.4974
6.5086
6.5198
6.531
6.5422
6.5534
6.5646
6.5758
6.5871
6.5983
6.6095
6.6207
6.6319
6.6431
6.6543
6.6655
6.6624
6.6593
6.6562
6.6531
6.65
6.6469
6.6438
6.6407
6.6376
6.6345
6.6314
6.6283
6.6252
6.6221
6.619
6.6159
6.6128
6.6097
6.6066
6.6035
6.6004
6.5973
6.5942
6.5911
6.588
6.5849
6.5818
6.5787
6.5756
6.5725
6.5694
6.5663
6.5632
6.5601
6.557
6.5539
6.5508
6.5477
6.5446
6.5415
6.5384
6.5353
6.5322
6.5291
6.526
6.5229
6.5198
6.5167
6.5136
6.5105
6.5074
6.5043
6.5012
6.4981
6.495
6.4919
6.4888
6.4857
6.4826
6.4795
6.4646
6.4498
6.4349
6.4201
6.4052
6.3904
6.3755
6.3607
6.3458
6.331
6.3161
6.3013
6.2864
6.2716
6.2567
6.2419
6.227
6.2122
6.1973
6.1825
6.1676
6.1528
6.1379
6.123
6.1082
6.0933
6.0785
6.0636
6.0488
6.0339
6.0191
6.0042
5.9894
5.9745
5.9597
5.9448
5.93
5.9151
5.9003
5.8854
5.8706
5.8557
5.8409
5.826
5.8112
5.7963
5.7815
5.7666
5.7517
5.7369
5.722
5.7072
5.6923
5.6775
5.6626
5.6478
5.6329
5.6181
5.6032
5.5884
5.5465
5.5046
5.4628
5.4209
5.379
5.3371
5.2953
5.2534
5.2115
5.1696
5.1278
5.0859
5.044
5.0021
4.9603
4.9184
4.8765
4.8346
4.7928
4.7509
4.709
4.6671
4.6253
4.5834
4.5415
4.4997
4.4578
4.4159
4.374
4.3322
4.2903
4.2484
4.2065
4.1647
4.1228
4.0809
4.039
3.9972
3.9553
3.9134
3.8715
3.8297
3.7878
3.7459
3.704
3.6622
3.6203
3.5784
3.5365
3.4947
3.4528
3.4109
3.369
3.3272
3.2853
3.2434
3.2016
3.1597
3.1178
3.0759
3.0051
2.9342
2.8634
2.7925
2.7217
2.6508
2.58
2.5091
2.4383
2.3674
2.2966
2.2257
2.1549
2.084
2.0132
1.9423
1.8715
1.8006
1.7298
1.6589
1.5881
1.5172
1.4464
1.3755
1.3047
1.2338
1.163
1.0921
1.0213
0.95044
0.87959
0.80874
0.73789
0.66704
0.59619
0.52534
0.45449
0.38364
0.31279
0.24194
0.17109
0.10024
0.029395
-0.041455
-0.1123
-0.18315
-0.254
-0.32485
-0.3957
-0.46655
-0.5374
-0.60825
-0.6791
-0.74995
-0.8208
-0.89165
-0.9625
-1.0333
-1.1042
-1.175
-1.2891
-1.4032
-1.5173
-1.6314
-1.7455
-1.8596
-1.9737
-2.0877
-2.2018
-2.3159
-2.43
-2.5441
-2.6582
-2.7723
-2.8864
-3.0004
-3.1145
-3.2286
-3.3427
-3.4568
-3.5709
-3.685
-3.799
-3.9131
-4.0272
-4.1413
-4.2554
-4.3695
-4.4836
-4.5977
-4.7117
-4.8258
-4.9399
-5.054
-5.1681
-5.2822
-5.3963
-5.5104
-5.6244
-5.7385
-5.8526
-5.9667
-6.0808
-6.1949
-6.309
-6.423
-6.5371
-6.6512
-6.7653
-6.8794
-6.9935
-7.1076
-7.2217
-7.3357
-7.4498
-7.5639
-7.678
-7.7921
-7.9062
-8.0203
-8.1758
-8.3313
-8.4868
-8.6423
-8.7977
-8.9532
-9.1087
-9.2642
-9.4197
-9.5752
-9.7307
-9.8862
-10.042
-10.197
-10.353
-10.508
-10.664
-10.819
-10.975
-11.13
-11.286
-11.441
-11.597
-11.752
-11.908
-12.063
-12.219
-12.374
-12.53
-12.685
-12.841
-12.996
-13.152
-13.307
-13.463
-13.618
-13.774
-13.929
-14.085
-14.24
-14.396
-14.551
-14.707
-14.862
-15.018
-15.173
-15.329
-15.484
-15.64
-15.795
-15.951
-16.106
-16.262
-16.417
-16.573
-16.728
-16.884
-17.039
-17.195
-17.35
-17.515
-17.68
-17.845
-18.01
-18.174
-18.339
-18.504
-18.669
-18.834
-18.999
-19.164
-19.328
-19.493
-19.658
-19.823
-19.988
-20.153
-20.318
-20.483
-20.647
-20.812
-20.977
-21.142
-21.307
-21.472
-21.637
-21.801
-21.966
-22.131
-22.296
-22.461
-22.626
-22.791
-22.955
-23.12
-23.285
-23.45
-23.615
-23.78
-23.945
-24.11
-24.274
-24.439
-24.604
-24.769
-24.934
-25.099
-25.264
-25.428
-25.593
-25.758
-25.923
-26.088
-26.253
-26.418
-26.582
-26.747
-26.912
-27.077
-27.242
-27.267
-27.293
-27.318
-27.344
-27.369
-27.395
-27.42
-27.446
-27.471
-27.497
-27.522
-27.548
-27.573
-27.599
-27.624
-27.649
-27.675
-27.7
-27.726
-27.751
-27.777
-27.802
-27.828
-27.853
-27.879
-27.904
-27.93
-27.955
-27.981
-28.006
-28.032
-28.057
-28.083
-28.108
-28.133
-28.159
-28.184
-28.21
-28.235
-28.261
-28.286
-28.312
-28.337
-28.363
-28.388
-28.414
-28.439
-28.465
-28.49
-28.516
-28.541
-28.566
-28.592
-28.617
-28.643
-28.668
-28.694
-28.719
-28.745
-28.77
-28.75
-28.729
-28.708
-28.687
-28.667
-28.646
-28.625
-28.604
-28.584
-28.563
-28.542
-28.521
-28.501
-28.48
-28.459
-28.438
-28.418
-28.397
-28.376
-28.356
-28.335
-28.314
-28.293
-28.273
-28.252
-28.231
-28.21
-28.19
-28.169
-28.148
-28.127
-28.107
-28.086
-28.065
-28.045
-28.024
-28.003
-27.982
-27.962
-27.941
-27.92
-27.899
-27.879
-27.858
-27.837
-27.816
-27.796
-27.775
-27.754
-27.733
-27.713
-27.692
-27.671
-27.651
-27.63
-27.609
-27.588
-27.568
-27.547
-27.526
-27.476
-27.426
-27.376
-27.326
-27.276
-27.225
-27.175
-27.125
-27.075
-27.025
-26.975
-26.925
-26.875
-26.824
-26.774
-26.724
-26.674
-26.624
-26.574
-26.524
-26.474
-26.424
-26.373
-26.323
-26.273
-26.223
-26.173
-26.123
-26.073
-26.023
-25.972
-25.922
-25.872
-25.822
-25.772
-25.722
-25.672
-25.622
-25.572
-25.521
-25.471
-25.421
-25.371
-25.321
-25.271
-25.221
-25.171
-25.12
-25.07
-25.02
-24.97
-24.92
-24.87
-24.82
-24.77
-24.72
-24.669
-24.619
-24.569
-24.519
-24.485
-24.451
-24.417
-24.383
-24.349
-24.315
-24.281
-24.247
-24.213
-24.179
-24.146
-24.112
-24.078
-24.044
-24.01
-23.976
-23.942
-23.908
-23.874
-23.84
-23.806
-23.772
-23.738
-23.704
-23.67
-23.636
-23.602
-23.568
-23.534
-23.5
-23.466
-23.432
-23.398
-23.365
-23.331
-23.297
-23.263
-23.229
-23.195
-23.161
-23.127
-23.093
-23.059
-23.025
-22.991
-22.957
-22.923
-22.889
-22.855
-22.821
-22.787
-22.753
-22.719
-22.685
-22.651
-22.618
-22.584
-22.55
-22.516
-22.482
-22.432
-22.382
-22.333
-22.283
-22.234
-22.184
-22.134
-22.085
-22.035
-21.986
-21.936
-21.886
-21.837
-21.787
-21.738
-21.688
-21.638
-21.589
-21.539
-21.49
-21.44
-21.39
-21.341
-21.291
-21.241
-21.192
-21.142
-21.093
-21.043
-20.993
-20.944
-20.894
-20.845
-20.795
-20.745
-20.696
-20.646
-20.597
-20.547
-20.497
-20.448
-20.398
-20.348
-20.299
-20.249
-20.2
-20.15
-20.1
-20.051
-20.001
-19.952
-19.902
-19.852
-19.803
-19.753
-19.704
-19.654
-19.604
-19.555
-19.505
-19.465
-19.424
-19.383
-19.343
-19.302
-19.262
-19.221
-19.18
-19.14
-19.099
-19.059
-19.018
-18.978
-18.937
-18.896
-18.856
-18.815
-18.775
-18.734
-18.693
-18.653
-18.612
-18.572
-18.531
-18.491
-18.45
-18.409
-18.369
-18.328
-18.288
-18.247
-18.206
-18.166
-18.125
-18.085
-18.044
-18.004
-17.963
-17.922
-17.882
-17.841
-17.801
-17.76
-17.719
-17.679
-17.638
-17.598
-17.557
-17.516
-17.476
-17.435
-17.395
-17.354
-17.314
-17.273
-17.232
-17.192
-17.151
-17.111
-17.07
-16.976
-16.882
-16.787
-16.693
-16.599
-16.505
-16.411
-16.317
-16.222
-16.128
-16.034
-15.94
-15.846
-15.751
-15.657
-15.563
-15.469
-15.375
-15.28
-15.186
-15.092
-14.998
-14.904
-14.81
-14.715
-14.621
-14.527
-14.433
-14.339
-14.244
-14.15
-14.056
-13.962
-13.868
-13.773
-13.679
-13.585
-13.491
-13.397
-13.302
-13.208
-13.114
-13.02
-12.926
-12.832
-12.737
-12.643
-12.549
-12.455
-12.361
-12.266
-12.172
-12.078
-11.984
-11.89
-11.795
-11.701
-11.607
-11.513
-11.419
-11.366
-11.313
-11.261
-11.208
-11.156
-11.103
-11.05
-10.998
-10.945
-10.893
-10.84
-10.787
-10.735
-10.682
-10.63
-10.577
-10.524
-10.472
-10.419
-10.367
-10.314
-10.261
-10.209
-10.156
-10.103
-10.051
-9.9983
-9.9457
-9.8931
-9.8405
-9.7878
-9.7352
-9.6826
-9.63
-9.5774
-9.5248
-9.4722
-9.4196
-9.367
-9.3144
-9.2618
-9.2092
-9.1565
-9.1039
-9.0513
-8.9987
-8.9461
-8.8935
-8.8409
-8.7883
-8.7357
-8.6831
-8.6305
-8.5779
-8.5252
-8.4726
-8.42
-8.3674
-8.3148
-8.2622
-8.2086
-8.155
-8.1013
-8.0477
-7.9941
-7.9405
-7.8869
-7.8332
-7.7796
-7.726
-7.6724
-7.6188
-7.5651
-7.5115
-7.4579
-7.4043
-7.3506
-7.297
-7.2434
-7.1898
-7.1362
-7.0825
-7.0289
-6.9753
-6.9217
-6.8681
-6.8144
-6.7608
-6.7072
-6.6536
-6.5999
-6.5463
-6.4927
-6.4391
-6.3855
-6.3318
-6.2782
-6.2246
-6.171
-6.1174
-6.0637
-6.0101
-5.9565
-5.9029
-5.8492
-5.7956
-5.742
-5.6884
-5.6348
-5.5811
-5.5275
-5.4739
-5.4203
-5.3667
-5.313
-5.2594
-5.2058
-5.1522
-5.0985
-5.0449
-4.9652
-4.8854
-4.8056
-4.7259
-4.6461
-4.5663
-4.4866
-4.4068
-4.327
-4.2473
-4.1675
-4.0877
-4.008
-3.9282
-3.8484
-3.7687
-3.6889
-3.6092
-3.5294
-3.4496
-3.3699
-3.2901
-3.2103
-3.1306
-3.0508
-2.971
-2.8913
-2.8115
-2.7317
-2.652
-2.5722
-2.4924
-2.4127
-2.3329
-2.2532
-2.1734
-2.0936
-2.0139
-1.9341
-1.8543
-1.7746
-1.6948
-1.615
-1.5353
-1.4555
-1.3757
-1.296
-1.2162
-1.1364
-1.0567
-0.97692
-0.89715
-0.81739
-0.73762
-0.65786
-0.57809
-0.49833
-0.41856
-0.3388
-0.25903
-0.23206
-0.20509
-0.17812
-0.15116
-0.12419
-0.097217
-0.070247
-0.043278
-0.016309
0.010661
0.03763
0.0646
0.091569
0.11854
0.14551
0.17248
0.19945
0.22642
0.25339
0.28035
0.30732
0.33429
0.36126
0.38823
0.4152
0.44217
0.46914
0.49611
0.52308
0.55005
0.57702
0.60399
0.63096
0.65793
0.6849
0.71187
0.73883
0.7658
0.79277
0.81974
0.84671
0.87368
0.90065
0.92762
0.95459
0.98156
1.0085
1.0355
1.0625
1.0894
1.1164
1.1434
1.1703
1.1973
1.2243
1.2513
1.2782
1.3052
1.3322
1.3591
1.394
1.4288
1.4636
1.4985
1.5333
1.5681
1.6029
1.6378
1.6726
1.7074
1.7423
1.7771
1.8119
1.8468
1.8816
1.9164
1.9513
1.9861
2.0209
2.0557
2.0906
2.1254
2.1602
2.1951
2.2299
2.2647
2.2996
2.3344
2.3692
2.4041
2.4389
2.4737
2.5085
2.5434
2.5782
2.613
2.6479
2.6827
2.7175
2.7524
2.7872
2.822
2.8569
2.8917
2.9265
2.9613
2.9962
3.031
3.0658
3.1007
3.1355
3.1703
3.2052
3.24
3.2748
3.3097
3.3445
3.3793
3.4141
3.449
3.6583
3.8676
4.077
4.2863
4.4956
4.705
4.9143
5.1236
5.3329
5.5423
5.7516
5.9609
6.1703
6.3796
6.5889
6.7983
7.0076
7.2169
7.4262
7.6356
7.8449
8.0542
8.2636
8.4729
8.6822
8.8916
9.1009
9.3102
9.5196
9.7289
9.9382
10.148
10.357
10.566
10.776
10.985
11.194
11.404
11.613
11.822
12.032
12.241
12.45
12.66
12.869
13.078
13.287
13.497
13.706
13.915
14.125
14.334
14.543
14.753
14.962
15.171
15.381
15.59
15.799
16.009
16.064
16.12
16.175
16.231
16.286
16.342
16.398
16.453
16.509
16.564
16.62
16.675
16.731
16.786
16.842
16.897
16.953
17.009
17.064
17.12
17.175
17.231
17.286
17.342
17.397
17.453
17.508
17.564
17.62
17.675
17.731
17.786
17.842
17.897
17.953
18.008
18.064
18.119
18.175
18.23
18.286
18.342
18.397
18.453
18.508
18.564
18.619
18.675
18.73
18.786
18.841
18.897
18.953
19.008
19.064
19.119
19.175
19.23
19.286
19.341
19.323
19.305
19.286
19.268
19.249
19.231
19.213
19.194
19.176
19.158
19.139
19.121
19.103
19.084
19.066
19.047
19.029
19.011
18.992
18.974
18.956
18.937
18.919
18.9
18.882
18.864
18.845
18.827
18.809
18.79
18.772
18.754
18.735
18.717
18.698
18.68
18.662
18.643
18.625
18.607
18.588
18.57
18.552
18.533
18.515
18.496
18.478
18.46
18.441
18.423
18.405
18.386
18.368
18.349
18.331
18.313
18.294
18.276
18.258
18.239
18.197
18.154
18.112
18.069
18.026
17.984
17.941
17.899
17.856
17.814
17.771
17.729
17.686
17.644
17.601
17.558
17.516
17.473
17.431
17.388
17.346
17.303
17.261
17.218
17.175
17.133
17.09
17.048
17.005
16.963
16.92
16.878
16.835
16.792
16.75
16.707
16.665
16.622
16.58
16.537
16.495
16.452
16.409
16.367
16.324
16.282
16.239
16.197
16.154
16.112
16.069
16.026
15.984
15.941
15.899
15.856
15.814
15.771
15.729
15.686
15.655
15.624
15.593
15.561
15.53
15.499
15.468
15.437
15.406
15.375
15.343
15.312
15.281
15.25
15.219
15.188
15.157
15.125
15.094
15.063
15.032
15.001
14.97
14.939
14.907
14.876
14.845
14.814
14.783
14.752
14.721
14.689
14.658
14.627
14.596
14.565
14.534
14.503
14.471
14.44
14.409
14.378
14.347
14.316
14.285
14.253
14.222
14.191
14.16
14.129
14.098
14.067
14.035
14.004
13.973
13.942
13.911
13.88
13.849
13.817
13.943
14.069
14.195
14.32
14.446
14.572
14.698
14.824
14.949
15.075
15.201
15.327
15.452
15.578
15.704
15.83
15.955
16.081
16.207
16.333
16.458
16.584
16.71
16.836
16.962
17.087
17.213
17.339
17.465
17.59
17.716
17.842
17.968
18.093
18.219
18.345
18.471
18.596
18.722
18.848
18.974
19.1
19.225
19.351
19.477
19.603
19.728
19.854
19.98
20.106
20.231
20.357
20.483
20.609
20.734
20.86
20.986
21.112
21.238
21.363
21.496
21.629
21.761
21.894
22.027
22.159
22.292
22.425
22.557
22.69
22.823
22.955
23.088
23.221
23.354
23.486
23.619
23.752
23.884
24.017
24.15
24.282
24.415
24.548
24.68
24.813
24.946
25.078
25.211
25.344
25.476
25.609
25.742
25.874
26.007
26.14
26.273
26.405
26.538
26.671
26.803
26.936
27.069
27.201
27.334
27.467
27.599
27.732
27.865
27.997
28.13
28.263
28.395
28.528
28.661
28.793
28.926
29.059
29.192
29.324
29.493
29.662
29.831
30.001
30.17
30.339
30.508
30.677
30.846
31.015
31.184
31.353
31.522
31.691
31.86
32.03
32.199
32.368
32.537
32.706
32.875
33.044
33.213
33.382
33.551
33.72
33.889
34.059
34.228
34.397
34.566
34.735
34.904
35.073
35.242
35.411
35.58
35.749
35.918
36.088
36.257
36.426
36.595
36.764
36.933
37.102
37.271
37.44
37.609
37.778
37.947
38.117
38.286
38.455
38.624
38.793
38.962
39.131
39.3
39.469
39.054
38.638
38.222
37.806
37.391
36.975
36.559
36.144
35.728
35.312
34.897
34.481
34.065
33.649
33.234
32.818
32.402
31.987
31.571
31.155
30.74
30.324
29.908
29.492
29.077
28.661
28.245
27.83
27.414
26.998
26.583
26.167
25.751
25.335
24.92
24.504
24.088
23.673
23.257
22.841
22.426
22.01
21.594
21.179
20.763
20.347
19.931
19.516
19.1
18.684
18.269
17.853
17.437
17.022
16.606
16.19
15.774
15.359
14.943
14.527
14.47
14.412
14.354
14.297
14.239
14.181
14.124
14.066
14.008
13.95
13.893
13.835
13.777
13.72
13.662
13.604
13.547
13.489
13.431
13.374
13.316
13.258
13.201
13.143
13.085
13.027
12.97
12.912
12.854
12.797
12.739
12.681
12.624
12.566
12.508
12.451
12.393
12.335
12.278
12.22
12.162
12.105
12.047
11.989
11.931
11.874
11.816
11.758
11.701
11.643
11.585
11.528
11.47
11.412
11.355
11.297
11.239
11.182
11.124
11.066
10.921
10.777
10.632
10.487
10.343
10.198
10.053
9.9086
9.7639
9.6192
9.4745
9.3298
9.1851
9.0404
8.8958
8.7511
8.6064
8.4617
8.317
8.1723
8.0276
7.8829
7.7382
7.5935
7.4488
7.3041
7.1594
7.0147
6.87
6.7253
6.5806
6.436
6.2913
6.1466
6.0019
5.8572
5.7125
5.5678
5.4231
5.2784
5.1337
4.989
4.8443
4.6996
4.5549
4.4102
4.2655
4.1208
3.9762
3.8315
3.6868
3.5421
3.3974
3.2527
3.108
2.9633
2.8186
2.6739
2.5292
2.3845
2.0825
1.7805
1.4785
1.1764
0.87443
0.57241
0.27039
-0.031624
-0.33364
-0.63566
-0.93768
-1.2397
-1.5417
-1.8437
-2.1458
-2.4478
-2.7498
-3.0518
-3.3538
-3.6558
-3.9579
-4.2599
-4.5619
-4.8639
-5.1659
-5.468
-5.77
-6.072
-6.374
-6.676
-6.978
-7.2801
-7.5821
-7.8841
-8.1861
-8.4881
-8.7902
-9.0922
-9.3942
-9.6962
-9.9982
-10.3
-10.602
-10.904
-11.206
-11.508
-11.81
-12.112
-12.414
-12.716
-13.018
-13.32
-13.622
-13.924
-14.226
-14.528
-14.831
-15.133
-15.435
-15.737
-15.198
-14.659
-14.12
-13.581
-13.042
-12.503
-11.964
-11.425
-10.886
-10.347
-9.8085
-9.2695
-8.7306
-8.1917
-7.6528
-7.1139
-6.5749
-6.036
-5.4971
-4.9582
-4.4193
-3.8803
-3.3414
-2.8025
-2.2636
-1.7247
-1.1857
-0.64681
-0.10789
0.43103
0.96995
1.5089
2.0478
2.5867
3.1256
3.6646
4.2035
4.7424
5.2813
5.8202
6.3592
6.8981
7.437
7.9759
8.5148
9.0538
9.5927
10.132
10.671
11.209
11.748
12.287
12.826
13.365
13.904
14.443
14.982
15.521
16.06
16.599
16.581
16.564
16.546
16.529
16.512
16.494
16.477
16.459
16.442
16.425
16.407
16.39
16.372
16.355
16.338
16.32
16.303
16.285
16.268
16.251
16.233
16.216
16.198
16.181
16.164
16.146
16.129
16.111
16.094
16.077
16.059
16.042
16.024
16.007
15.99
15.972
15.955
15.937
15.92
15.903
15.885
15.868
15.85
15.833
15.816
15.798
15.781
15.763
15.746
15.729
15.711
15.694
15.676
15.659
15.642
15.624
15.607
15.589
15.572
15.555
15.902
16.249
16.596
16.943
17.289
17.636
17.983
18.33
18.677
19.024
19.371
19.718
20.065
20.412
20.759
21.106
21.453
21.8
22.147
22.494
22.841
23.188
23.535
23.882
24.229
24.576
24.923
25.269
25.616
25.963
26.31
26.657
27.004
27.351
27.698
28.045
28.392
28.739
29.086
29.433
29.78
30.127
30.474
30.821
31.168
31.515
31.862
32.209
32.556
32.903
33.249
33.596
33.943
34.29
34.637
34.984
35.331
35.678
36.025
36.372
35.972
35.571
35.171
34.771
34.37
33.97
33.569
33.169
32.769
32.368
31.968
31.568
31.167
30.767
30.367
29.966
29.566
29.165
28.765
28.365
27.964
27.564
27.164
26.763
26.363
25.962
25.562
25.162
24.761
24.361
23.961
23.56
23.16
22.759
22.359
21.959
21.558
21.158
20.758
20.357
19.957
19.557
19.156
18.756
18.355
17.955
17.555
17.154
16.754
16.354
15.953
15.553
15.152
14.752
14.352
13.951
13.551
13.151
12.75
12.35
12.32
12.291
12.262
12.232
12.203
12.173
12.144
12.115
12.085
12.056
12.026
11.997
11.967
11.938
11.909
11.879
11.85
11.82
11.791
11.761
11.732
11.703
11.673
11.644
11.614
11.585
11.556
11.526
11.497
11.467
11.438
11.408
11.379
11.35
11.32
11.291
11.261
11.232
11.203
11.173
11.144
11.114
11.085
11.055
11.026
10.997
10.967
10.938
10.908
10.879
10.849
10.82
10.791
10.761
10.732
10.702
10.673
10.644
10.614
10.585
