18.201
18.18
18.159
18.138
18.117
18.096
18.074
18.053
18.032
18.011
17.99
17.969
17.948
17.926
17.905
17.884
17.863
17.842
17.821
17.8
17.779
17.757
17.736
17.715
17.694
17.673
17.652
17.631
17.61
17.588
17.567
17.546
17.525
17.504
17.483
17.462
17.44
17.419
17.398
17.377
17.356
17.335
17.314
17.293
17.271
17.25
17.229
17.208
17.187
17.166
17.145
17.124
17.102
17.081
17.06
17.039
17.018
16.997
16.976
16.954
16.933
16.848
16.763
16.678
16.593
16.508
16.423
16.338
16.253
16.168
16.083
15.998
15.913
15.828
15.743
15.658
15.573
15.488
15.403
15.318
15.233
15.148
15.063
14.978
14.893
14.808
14.723
14.638
14.553
14.467
14.382
14.297
14.212
14.127
14.042
13.957
13.872
13.787
13.702
13.617
13.532
13.447
13.362
13.277
13.192
13.107
13.022
12.937
12.852
12.767
12.682
12.597
12.512
12.427
12.342
12.257
12.172
12.087
12.002
11.917
11.832
11.72
11.608
11.496
11.385
11.273
11.161
11.05
10.938
10.826
10.715
10.603
10.491
10.38
10.268
10.156
10.045
9.9329
9.8213
9.7096
9.5979
9.4862
9.3745
9.2629
9.1512
9.0395
8.9278
8.8161
8.7044
8.5928
8.4811
8.3694
8.2577
8.146
8.0344
7.9227
7.811
7.6993
7.5876
7.4759
7.3643
7.2526
7.1409
7.0292
6.9175
6.8058
6.6942
6.5825
6.4708
6.3591
6.2474
6.1358
6.0241
5.9124
5.8007
5.689
5.5773
5.4657
5.354
5.2423
5.1306
5.0507
4.9707
4.8908
4.8109
4.7309
4.651
4.571
4.4911
4.4112
4.3312
4.2513
4.1713
4.0914
4.0115
3.9315
3.8516
3.7716
3.6917
3.6118
3.5318
3.4519
3.3719
3.292
3.2121
3.1321
3.0522
2.9722
2.8923
2.8124
2.7324
2.6525
2.5725
2.4926
2.4127
2.3327
2.2528
2.1728
2.0929
2.013
1.933
1.8531
1.7731
1.6932
1.6133
1.5333
1.4534
1.3734
1.2935
1.2136
1.1336
1.0537
0.97375
0.89381
0.81387
0.73393
0.65399
0.57405
0.49411
0.41417
0.33423
0.2535
0.17277
0.092041
0.011312
-0.069417
-0.15015
-0.23088
-0.3116
-0.39233
-0.47306
-0.55379
-0.63452
-0.71525
-0.79598
-0.87671
-0.95744
-1.0382
-1.1189
-1.1996
-1.2804
-1.3611
-1.4418
-1.5225
-1.6033
-1.684
-1.7647
-1.8455
-1.9262
-2.0069
-2.0876
-2.1684
-2.2491
-2.3298
-2.4106
-2.4913
-2.572
-2.6528
-2.7335
-2.8142
-2.8949
-2.9757
-3.0564
-3.1371
-3.2179
-3.2986
-3.3793
-3.46
-3.5408
-3.6215
-3.7022
-3.783
-3.8637
-3.9444
-4.0251
-4.1059
-4.1866
-4.2673
-4.3481
-4.4288
-4.5095
-4.5816
-4.6537
-4.7258
-4.7979
-4.87
-4.9421
-5.0142
-5.0863
-5.1584
-5.2305
-5.3026
-5.3747
-5.4468
-5.5189
-5.591
-5.6631
-5.7352
-5.8073
-5.8794
-5.9515
-6.0236
-6.0957
-6.1678
-6.2399
-6.312
-6.3841
-6.4562
-6.5283
-6.6004
-6.6725
-6.7446
-6.8167
-6.8888
-6.9609
-7.033
-7.1051
-7.1772
-7.2493
-7.3214
-7.3935
-7.4656
-7.5377
-7.6098
-7.6819
-7.754
-7.8261
-7.8982
-7.9703
-8.0424
-8.1145
-8.1866
-8.2587
-8.3308
-8.4029
-8.475
-8.5471
-8.6192
-8.6913
-8.7634
-8.8354
-8.8817
-8.9279
-8.9742
-9.0204
-9.0667
-9.1129
-9.1592
-9.2054
-9.2517
-9.2979
-9.3442
-9.3904
-9.4367
-9.4829
-9.5292
-9.5754
-9.6217
-9.6679
-9.7142
-9.7604
-9.8067
-9.8529
-9.8992
-9.9454
-9.9917
-10.038
-10.084
-10.13
-10.177
-10.223
-10.269
-10.315
-10.362
-10.408
-10.454
-10.5
-10.547
-10.593
-10.639
-10.685
-10.732
-10.778
-10.824
-10.87
-10.917
-10.963
-11.009
-11.055
-11.102
-11.148
-11.194
-11.24
-11.287
-11.333
-11.379
-11.425
-11.472
-11.518
-11.564
-11.61
-11.638
-11.666
-11.694
-11.722
-11.75
-11.778
-11.806
-11.834
-11.862
-11.89
-11.918
-11.946
-11.974
-12.002
-12.03
-12.058
-12.086
-12.114
-12.142
-12.17
-12.198
-12.226
-12.254
-12.282
-12.31
-12.338
-12.366
-12.394
-12.422
-12.45
-12.478
-12.506
-12.534
-12.562
-12.59
-12.618
-12.646
-12.674
-12.702
-12.73
-12.758
-12.786
-12.814
-12.842
-12.87
-12.898
-12.926
-12.954
-12.982
-13.01
-13.038
-13.066
-13.094
-13.122
-13.15
-13.178
-13.206
-13.234
-13.262
-13.29
-13.258
-13.225
-13.193
-13.16
-13.128
-13.095
-13.063
-13.03
-12.998
-12.965
-12.933
-12.9
-12.868
-12.835
-12.803
-12.77
-12.738
-12.705
-12.673
-12.64
-12.608
-12.575
-12.543
-12.51
-12.478
-12.445
-12.413
-12.38
-12.348
-12.315
-12.283
-12.25
-12.218
-12.185
-12.153
-12.12
-12.088
-12.055
-12.022
-11.99
-11.957
-11.925
-11.892
-11.86
-11.827
-11.795
-11.762
-11.73
-11.697
-11.665
-11.632
-11.6
-11.567
-11.535
-11.502
-11.47
-11.437
-11.405
-11.372
-11.34
-11.336
-11.333
-11.33
-11.326
-11.323
-11.319
-11.316
-11.312
-11.309
-11.306
-11.302
-11.299
-11.295
-11.292
-11.288
-11.285
-11.282
-11.278
-11.275
-11.271
-11.268
-11.264
-11.261
-11.258
-11.254
-11.251
-11.247
-11.244
-11.24
-11.237
-11.234
-11.23
-11.227
-11.223
-11.22
-11.217
-11.213
-11.21
-11.206
-11.203
-11.199
-11.196
-11.193
-11.189
-11.186
-11.182
-11.179
-11.175
-11.172
-11.169
-11.165
-11.162
-11.158
-11.155
-11.151
-11.148
-11.145
-11.141
-11.138
-11.134
-11.047
-10.959
-10.871
-10.783
-10.695
-10.608
-10.52
-10.432
-10.344
-10.257
-10.169
-10.081
-9.9934
-9.9056
-9.8179
-9.7301
-9.6424
-9.5546
-9.4668
-9.3791
-9.2913
-9.2035
-9.1158
-9.028
-8.9403
-8.8525
-8.7647
-8.677
-8.5892
-8.5015
-8.4137
-8.3259
-8.2382
-8.1504
-8.0627
-7.9749
-7.8871
-7.7994
-7.7116
-7.6239
-7.5361
-7.4483
-7.3606
-7.2728
-7.1851
-7.0973
-7.0095
-6.9218
-6.834
-6.7463
-6.6585
-6.5707
-6.483
-6.3952
-6.3075
-6.2197
-6.1319
-6.0442
-5.9564
-5.8687
-5.7159
-5.5631
-5.4103
-5.2575
-5.1047
-4.9519
-4.7991
-4.6463
-4.4935
-4.3407
-4.1879
-4.0352
-3.8824
-3.7296
-3.5768
-3.424
-3.2712
-3.1184
-2.9656
-2.8128
-2.66
-2.5072
-2.3545
-2.2017
-2.0489
-1.8961
-1.7433
-1.5905
-1.4377
-1.2849
-1.1321
-0.97933
-0.82654
-0.67375
-0.52096
-0.36816
-0.21537
-0.062581
0.09021
0.243
0.39579
0.54858
0.70138
0.85417
1.007
1.1597
1.3125
1.4653
1.6181
1.7709
1.9237
2.0765
2.2293
2.3821
2.5349
2.6877
2.8405
2.9932
3.146
3.2988
3.3299
3.3609
3.3919
3.4229
3.454
3.485
3.516
3.547
3.5781
3.6091
3.6401
3.6711
3.7022
3.7332
3.7642
3.7952
3.8263
3.8573
3.8883
3.9194
3.9504
3.9814
4.0124
4.0435
4.0745
4.1055
4.1365
4.1676
4.1986
4.2296
4.2606
4.2917
4.3227
4.3537
4.3847
4.4158
4.4468
4.4778
4.5089
4.5399
4.5709
4.6019
4.633
4.664
4.695
4.726
4.7571
4.7881
4.8191
4.8501
4.8812
4.9122
4.9432
4.9742
5.0053
5.0363
5.0673
5.0983
5.1294
5.1604
5.1876
5.2149
5.2421
5.2694
5.2966
5.3239
5.3511
5.3783
5.4056
5.4328
5.4601
5.4873
5.5145
5.5418
5.569
5.5963
5.6235
5.6508
5.678
5.7052
5.7325
5.7597
5.787
5.8142
5.8415
5.8687
5.8959
5.9232
5.9504
5.9777
6.0049
6.0321
6.0594
6.0866
6.1139
6.1411
6.1684
6.1956
6.2228
6.2501
6.2773
6.3046
6.3318
6.359
6.3863
6.4135
6.4408
6.468
6.4953
6.5225
6.5497
6.577
6.6042
6.6315
6.6587
6.686
6.7132
6.7404
6.7677
6.7949
6.8304
6.866
6.9015
6.937
6.9725
7.0081
7.0436
7.0791
7.1146
7.1501
7.1857
7.2212
7.2567
7.2922
7.3278
7.3633
7.3988
7.4343
7.4698
7.5054
7.5409
7.5764
7.6119
7.6475
7.683
7.7185
7.754
7.7896
7.8251
7.8606
7.8961
7.9316
7.9672
8.0027
8.0382
8.0737
8.1093
8.1448
8.1803
8.2158
8.2513
8.2869
8.3224
8.3579
8.3934
8.429
8.4645
8.5
8.5355
8.571
8.6066
8.6421
8.6776
8.7131
8.7487
8.7842
8.8197
8.8552
8.8907
8.9263
9.0152
9.1041
9.1931
9.282
9.3709
9.4599
9.5488
9.6377
9.7267
9.8156
9.9045
9.9935
10.082
10.171
10.26
10.349
10.438
10.527
10.616
10.705
10.794
10.883
10.972
11.061
11.15
11.239
11.327
11.416
11.505
11.594
11.683
11.772
11.861
11.95
12.039
12.128
12.217
12.306
12.395
12.484
12.572
12.661
12.75
12.839
12.928
13.017
13.106
13.195
13.284
13.373
13.462
13.551
13.64
13.729
13.818
13.906
13.995
14.084
14.173
14.262
14.276
14.291
14.305
14.319
14.334
14.348
14.362
14.377
14.391
14.405
14.419
14.434
14.448
14.462
14.477
14.491
14.505
14.519
14.534
14.548
14.562
14.577
14.591
14.605
14.619
14.634
14.648
14.662
14.677
14.691
14.705
14.719
14.734
14.748
14.762
14.777
14.791
14.805
14.82
14.834
14.848
14.862
14.877
14.891
14.905
14.92
14.934
14.948
14.962
14.977
14.991
15.005
15.02
15.034
15.048
15.062
15.077
15.091
15.105
15.12
15.097
15.075
15.053
15.03
15.008
14.986
14.963
14.941
14.918
14.896
14.874
14.851
14.829
14.807
14.784
14.762
14.74
14.717
14.695
14.673
14.65
14.628
14.606
14.583
14.561
14.539
14.516
14.494
14.471
14.449
14.427
14.404
14.382
14.36
14.337
14.315
14.293
14.27
14.248
14.226
14.203
14.181
14.159
14.136
14.114
14.091
14.069
14.047
14.024
14.002
13.98
13.957
13.935
13.913
13.89
13.868
13.846
13.823
13.801
13.779
13.784
13.789
13.794
13.799
13.805
13.81
13.815
13.82
13.825
13.831
13.836
13.841
13.846
13.852
13.857
13.862
13.867
13.872
13.878
13.883
13.888
13.893
13.898
13.904
13.909
13.914
13.919
13.925
13.93
13.935
13.94
13.945
13.951
13.956
13.961
13.966
13.971
13.977
13.982
13.987
13.992
13.997
14.003
14.008
14.013
14.018
14.024
14.029
14.034
14.039
14.044
14.05
14.055
14.06
14.065
14.07
14.076
14.081
14.086
14.091
14.109
14.127
14.146
14.164
14.182
14.2
14.218
14.236
14.254
14.272
14.29
14.308
14.326
14.345
14.363
14.381
14.399
14.417
14.435
14.453
14.471
14.489
14.507
14.525
14.544
14.562
14.58
14.598
14.616
14.634
14.652
14.67
14.688
14.706
14.724
14.743
14.761
14.779
14.797
14.815
14.833
14.851
14.869
14.887
14.905
14.923
14.942
14.96
14.978
14.996
15.014
15.032
15.05
15.068
15.086
15.104
15.122
15.141
15.159
15.177
15.159
15.142
15.125
15.107
15.09
15.073
15.055
15.038
15.021
15.003
14.986
14.969
14.951
14.934
14.917
14.899
14.882
14.865
14.847
14.83
14.813
14.795
14.778
14.761
14.743
14.726
14.709
14.691
14.674
14.657
14.639
14.622
14.605
14.587
14.57
14.553
14.535
14.518
14.501
14.483
14.466
14.449
14.431
14.414
14.397
14.379
14.362
14.345
14.327
14.31
14.293
14.275
14.258
14.241
14.223
14.206
14.188
14.171
14.154
14.136
14.137
14.137
14.137
14.137
14.137
14.138
14.138
14.138
14.138
14.138
14.139
14.139
14.139
14.139
14.139
14.139
14.14
14.14
14.14
14.14
14.14
14.141
14.141
14.141
14.141
14.141
14.142
14.142
14.142
14.142
14.142
14.142
14.143
14.143
14.143
14.143
14.143
14.144
14.144
14.144
14.144
14.144
14.145
14.145
14.145
14.145
14.145
14.145
14.146
14.146
14.146
14.146
14.146
14.147
14.147
14.147
14.147
14.147
14.148
14.148
14.098
14.049
14
13.951
13.901
13.852
13.803
13.753
13.704
13.655
13.606
13.556
13.507
13.458
13.409
13.359
13.31
13.261
13.211
13.162
13.113
13.064
13.014
12.965
12.916
12.867
12.817
12.768
12.719
12.669
12.62
12.571
12.522
12.472
12.423
12.374
12.325
12.275
12.226
12.177
12.127
12.078
12.029
11.98
11.93
11.881
11.832
11.782
11.733
11.684
11.635
11.585
11.536
11.487
11.438
11.388
11.339
11.29
11.24
11.191
11.2
11.208
11.217
11.226
11.234
11.243
11.252
11.26
11.269
11.278
11.286
11.295
11.304
11.312
11.321
11.33
11.338
11.347
11.355
11.364
11.373
11.381
11.39
11.399
11.407
11.416
11.425
11.433
11.442
11.451
11.459
11.468
11.477
11.485
11.494
11.502
11.511
11.52
11.528
11.537
11.546
11.554
11.563
11.572
11.58
11.589
11.598
11.606
11.615
11.623
11.632
11.641
11.649
11.658
11.667
11.675
11.684
11.693
11.701
11.71
11.655
11.601
11.546
11.492
11.437
11.382
11.328
11.273
11.219
11.164
11.109
11.055
11
10.946
10.891
10.837
10.782
10.727
10.673
10.618
10.564
10.509
10.454
10.4
10.345
10.291
10.236
10.181
10.127
10.072
10.018
9.9631
9.9085
9.8539
9.7993
9.7447
9.6901
9.6355
9.581
9.5264
9.4718
9.4172
9.3626
9.308
9.2534
9.1988
9.1442
9.0896
9.0351
8.9805
8.9259
8.8713
8.8167
8.7621
8.7075
8.6529
8.5983
8.5438
8.4892
8.4346
8.4179
8.4012
8.3844
8.3677
8.351
8.3343
8.3176
8.3009
8.2842
8.2675
8.2508
8.2341
8.2174
8.2007
8.184
8.1673
8.1505
8.1338
8.1171
8.1004
8.0837
8.067
8.0503
8.0336
8.0169
8.0002
7.9835
7.9668
7.9501
7.9333
7.9166
7.8999
7.8832
7.8665
7.8498
7.8331
7.8164
7.7997
7.783
7.7663
7.7496
7.7329
7.7162
7.6994
7.6827
7.666
7.6493
7.6326
7.6159
7.5992
7.5825
7.5658
7.5491
7.5324
7.5157
7.499
7.4823
7.4655
7.4488
7.4321
7.3483
7.2645
7.1807
7.0969
7.0131
6.9293
6.8455
6.7617
6.6779
6.5941
6.5103
6.4265
6.3427
6.2589
6.1751
6.0913
6.0075
5.9237
5.8399
5.7561
5.6723
5.5885
5.5047
5.4209
5.3371
5.2533
5.1695
5.0857
5.0019
4.9181
4.8343
4.7505
4.6667
4.5829
4.4991
4.4153
4.3315
4.2477
4.1639
4.0801
3.9963
3.9125
3.8287
3.7449
3.6611
3.5773
3.4935
3.4097
3.3259
3.2421
3.1583
3.0745
2.9907
2.9069
2.8231
2.7393
2.6555
2.5717
2.4879
2.4041
2.3085
2.2129
2.1173
2.0217
1.9261
1.8306
1.735
1.6394
1.5438
1.4482
1.3527
1.2571
1.1615
1.0659
0.97034
0.87476
0.77917
0.68359
0.58801
0.49243
0.39685
0.30127
0.20569
0.11011
0.014526
-0.081055
-0.17664
-0.27222
-0.3678
-0.46338
-0.55896
-0.65454
-0.75012
-0.8457
-0.94128
-1.0369
-1.1324
-1.228
-1.3236
-1.4192
-1.5148
-1.6104
-1.7059
-1.8015
-1.8971
-1.9927
-2.0883
-2.1838
-2.2794
-2.375
-2.4706
-2.5662
-2.6617
-2.7573
-2.8529
-2.9485
-3.0441
-3.1396
-3.2352
-3.3308
-3.4451
-3.5594
-3.6738
-3.7881
-3.9024
-4.0167
-4.131
-4.2454
-4.3597
-4.474
-4.5883
-4.7026
-4.817
-4.9313
-5.0456
-5.1599
-5.2742
-5.3885
-5.5029
-5.6172
-5.7315
-5.8458
-5.9601
-6.0745
-6.1888
-6.3031
-6.4174
-6.5317
-6.6461
-6.7604
-6.8747
-6.989
-7.1033
-7.2177
-7.332
-7.4463
-7.5606
-7.6749
-7.7892
-7.9036
-8.0179
-8.1322
-8.2465
-8.3608
-8.4752
-8.5895
-8.7038
-8.8181
-8.9324
-9.0468
-9.1611
-9.2754
-9.3897
-9.504
-9.6183
-9.7327
-9.847
-9.9613
-10.076
-10.19
-10.25
-10.31
-10.37
-10.43
-10.491
-10.551
-10.611
-10.671
-10.731
-10.791
-10.851
-10.912
-10.972
-11.032
-11.092
-11.152
-11.212
-11.272
-11.332
-11.393
-11.453
-11.513
-11.573
-11.633
-11.693
-11.753
-11.814
-11.874
-11.934
-11.994
-12.054
-12.114
-12.174
-12.234
-12.295
-12.355
-12.415
-12.475
-12.535
-12.595
-12.655
-12.715
-12.776
-12.836
-12.896
-12.956
-13.016
-13.076
-13.136
-13.197
-13.257
-13.317
-13.377
-13.437
-13.497
-13.557
-13.617
-13.678
-13.738
-13.798
-13.777
-13.757
-13.736
-13.715
-13.695
-13.674
-13.654
-13.633
-13.612
-13.592
-13.571
-13.55
-13.53
-13.509
-13.489
-13.468
-13.447
-13.427
-13.406
-13.386
-13.365
-13.344
-13.324
-13.303
-13.283
-13.262
-13.241
-13.221
-13.2
-13.179
-13.159
-13.138
-13.118
-13.097
-13.076
-13.056
-13.035
-13.015
-12.994
-12.973
-12.953
-12.932
-12.911
-12.891
-12.87
-12.85
-12.829
-12.808
-12.788
-12.767
-12.747
-12.726
-12.705
-12.685
-12.664
-12.643
-12.623
-12.602
-12.582
-12.561
-12.545
-12.528
-12.512
-12.495
-12.479
-12.463
-12.446
-12.43
-12.413
-12.397
-12.38
-12.364
-12.348
-12.331
-12.315
-12.298
-12.282
-12.266
-12.249
-12.233
-12.216
-12.2
-12.183
-12.167
-12.151
-12.134
-12.118
-12.101
-12.085
-12.068
-12.052
-12.036
-12.019
-12.003
-11.986
-11.97
-11.954
-11.937
-11.921
-11.904
-11.888
-11.871
-11.855
-11.839
-11.822
-11.806
-11.789
-11.773
-11.757
-11.74
-11.724
-11.707
-11.691
-11.674
-11.658
-11.642
-11.625
-11.609
-11.592
-11.576
-11.527
-11.478
-11.43
-11.381
-11.332
-11.283
-11.234
-11.186
-11.137
-11.088
-11.039
-10.99
-10.942
-10.893
-10.844
-10.795
-10.746
-10.698
-10.649
-10.6
-10.551
-10.502
-10.454
-10.405
-10.356
-10.307
-10.258
-10.21
-10.161
-10.112
-10.063
-10.014
-9.9655
-9.9167
-9.8679
-9.8191
-9.7703
-9.7215
-9.6727
-9.6239
-9.5751
-9.5263
-9.4775
-9.4287
-9.3799
-9.3311
-9.2823
-9.2335
-9.1847
-9.1359
-9.0871
-9.0383
-8.9895
-8.9407
-8.8919
-8.8431
-8.7943
-8.7455
-8.6967
-8.6479
-8.5409
-8.4338
-8.3267
-8.2197
-8.1126
-8.0055
-7.8984
-7.7914
-7.6843
-7.5772
-7.4702
-7.3631
-7.256
-7.1489
-7.0419
-6.9348
-6.8277
-6.7207
-6.6136
-6.5065
-6.3994
-6.2924
-6.1853
-6.0782
-5.9712
-5.8641
-5.757
-5.6499
-5.5429
-5.4358
-5.3287
-5.2216
-5.1146
-5.0075
-4.9004
-4.7934
-4.6863
-4.5792
-4.4721
-4.3651
-4.258
-4.1509
-4.0439
-3.9368
-3.8297
-3.7226
-3.6156
-3.5085
-3.4014
-3.2944
-3.1873
-3.0802
-2.9731
-2.8661
-2.759
-2.6519
-2.5448
-2.4378
-2.3307
-2.2236
-2.0976
-1.9715
-1.8454
-1.7193
-1.5933
-1.4672
-1.3411
-1.215
-1.089
-0.96289
-0.83682
-0.71074
-0.58467
-0.45859
-0.33252
-0.20645
-0.080371
0.045703
0.17178
0.29785
0.42393
0.55
0.67607
0.80215
0.92822
1.0543
1.1804
1.3064
1.4325
1.5586
1.6847
1.8107
1.9368
2.0629
2.189
2.315
2.4411
2.5672
2.6933
2.8193
2.9454
3.0715
3.1976
3.3236
3.4497
3.5758
3.7019
3.8279
3.954
4.0801
4.2062
4.3322
4.4583
4.5844
4.7104
4.8365
4.9626
5.0887
5.2147
5.3408
5.4798
5.6188
5.7577
5.8967
6.0357
6.1746
6.3136
6.4526
6.5915
6.7305
6.8695
7.0084
7.1474
7.2864
7.4254
7.5643
7.7033
7.8423
7.9812
8.1202
8.2592
8.3981
8.5371
8.6761
8.815
8.954
9.093
9.2319
9.3709
9.5099
9.6489
9.7878
9.9268
10.066
10.205
10.344
10.483
10.622
10.761
10.9
11.039
11.178
11.316
11.455
11.594
11.733
11.872
12.011
12.15
12.289
12.428
12.567
12.706
12.845
12.984
13.123
13.262
13.401
13.54
13.679
13.762
13.846
13.929
14.013
14.096
14.179
14.263
14.346
14.43
14.513
14.597
14.68
14.763
14.847
14.93
15.014
15.097
15.18
15.264
15.347
15.431
15.514
15.598
15.681
15.764
15.848
15.931
16.015
16.098
16.182
16.265
16.348
16.432
16.515
16.599
16.682
16.765
16.849
16.932
17.016
17.099
17.183
17.266
17.349
17.433
17.516
17.6
17.683
17.766
17.85
17.933
18.017
18.1
18.184
18.267
18.35
18.434
18.517
18.601
18.684
18.76
18.836
18.913
18.989
19.065
19.141
19.217
19.293
19.369
19.446
19.522
19.598
19.674
19.75
19.826
19.902
19.979
20.055
20.131
20.207
20.283
20.359
20.435
20.512
20.588
20.664
20.74
20.816
20.892
20.968
21.045
21.121
21.197
21.273
21.349
21.425
21.501
21.578
21.654
21.73
21.806
21.882
21.958
22.034
22.111
22.187
22.263
22.339
22.415
22.491
22.567
22.644
22.72
22.796
22.872
22.948
23.024
23.1
23.177
23.253
23.327
23.401
23.475
23.549
23.623
23.697
23.771
23.845
23.919
23.993
24.067
24.141
24.215
24.289
24.363
24.437
24.511
24.585
24.659
24.733
24.808
24.882
24.956
25.03
25.104
25.178
25.252
25.326
25.4
25.474
25.548
25.622
25.696
25.77
25.844
25.918
25.992
26.066
26.14
26.214
26.288
26.362
26.436
26.51
26.584
26.659
26.733
26.807
26.881
26.955
27.029
27.103
27.177
27.251
27.325
27.399
27.473
27.547
27.621
27.695
27.775
27.854
27.934
28.014
28.093
28.173
28.252
28.332
28.412
28.491
28.571
28.651
28.73
28.81
28.89
28.969
29.049
29.128
29.208
29.288
29.367
29.447
29.527
29.606
29.686
29.765
29.845
29.925
30.004
30.084
30.164
30.243
30.323
30.403
30.482
30.562
30.641
30.721
30.801
30.88
30.96
31.04
31.119
31.199
31.278
31.358
31.438
31.517
31.597
31.677
31.756
31.836
31.915
31.995
32.075
32.154
32.234
32.314
32.393
32.473
32.528
32.583
32.638
32.693
32.748
32.803
32.859
32.914
32.969
33.024
33.079
33.134
33.189
33.244
33.299
33.354
33.41
33.465
33.52
33.575
33.63
33.685
33.74
33.795
33.85
33.905
33.96
34.016
34.071
34.126
34.181
34.236
34.291
34.346
34.401
34.456
34.511
34.566
34.622
34.677
34.732
34.787
34.842
34.897
34.952
35.007
35.062
35.117
35.173
35.228
35.283
35.338
35.393
35.448
35.503
35.558
35.613
35.668
35.723
35.779
35.835
35.89
35.946
36.002
36.058
36.114
36.17
36.226
36.282
36.338
36.394
36.45
36.506
36.562
36.618
36.674
36.73
36.786
36.842
36.898
36.953
37.009
37.065
37.121
37.177
37.233
37.289
37.345
37.401
37.457
37.513
37.569
37.625
37.681
37.737
37.793
37.849
37.905
37.961
38.017
38.072
38.128
38.184
38.24
38.296
38.352
38.408
38.464
38.52
38.576
38.632
38.688
38.744
38.8
38.856
38.912
38.968
39.024
39.08
39.135
39.208
39.281
39.354
39.426
39.499
39.572
39.645
39.717
39.79
39.863
39.936
40.008
40.081
40.154
40.227
40.299
40.372
40.445
40.518
40.59
40.663
40.736
40.808
40.881
40.954
41.027
41.099
41.172
41.245
41.318
41.39
41.463
41.536
41.609
41.681
41.754
41.827
41.9
41.972
42.045
42.118
42.19
42.263
42.336
42.409
42.481
42.554
42.627
42.7
42.772
42.845
42.918
42.991
43.063
43.136
43.209
43.282
43.354
43.427
43.5
43.528
43.557
43.586
43.615
43.643
43.672
43.701
43.73
43.758
43.787
43.816
43.845
43.873
43.902
43.931
43.96
43.988
44.017
44.046
44.074
44.103
44.132
44.161
44.189
44.218
44.247
44.276
44.304
44.333
44.362
44.391
44.419
44.448
44.477
44.505
44.534
44.563
44.592
44.62
44.649
44.678
44.707
44.735
44.764
44.793
44.822
44.85
44.879
44.908
44.937
44.965
44.994
45.023
45.051
45.08
45.109
45.138
45.166
45.195
45.224
45.256
45.288
45.32
45.353
45.385
45.417
45.449
45.481
45.514
45.546
45.578
45.61
45.642
45.674
45.707
45.739
45.771
45.803
45.835
45.868
45.9
45.932
45.964
45.996
46.029
46.061
46.093
46.125
46.157
46.189
46.222
46.254
46.286
46.318
46.35
46.383
46.415
46.447
46.479
46.511
46.543
46.576
46.608
46.64
46.672
46.704
46.737
46.769
46.801
46.833
46.865
46.898
46.93
46.962
46.994
47.026
47.058
47.091
47.123
47.155
47.114
47.073
47.032
46.991
46.95
46.909
46.868
46.827
46.787
46.746
46.705
46.664
46.623
46.582
46.541
46.5
46.459
46.418
46.377
46.336
46.295
46.254
46.213
46.172
46.131
46.091
46.05
46.009
45.968
45.927
45.886
45.845
45.804
45.763
45.722
45.681
45.64
45.599
45.558
45.517
45.476
45.435
45.395
45.354
45.313
45.272
45.231
45.19
45.149
45.108
45.067
45.026
44.985
44.944
44.903
44.862
44.821
44.78
44.739
44.698
44.602
44.506
44.41
44.313
44.217
44.121
44.025
43.928
43.832
43.736
43.639
43.543
43.447
43.351
43.254
43.158
43.062
42.966
42.869
42.773
42.677
42.58
42.484
42.388
42.292
42.195
42.099
42.003
41.906
41.81
41.714
41.618
41.521
41.425
41.329
41.233
41.136
41.04
40.944
40.847
40.751
40.655
40.559
40.462
40.366
40.27
40.173
40.077
39.981
39.885
39.788
39.692
39.596
39.5
39.403
39.307
39.211
39.114
39.018
38.922
38.613
38.305
37.996
37.687
37.379
37.07
36.762
36.453
36.144
35.836
35.527
35.218
34.91
34.601
34.293
33.984
33.675
33.367
33.058
32.749
32.441
32.132
31.824
31.515
31.206
30.898
30.589
30.28
29.972
29.663
29.355
29.046
28.737
28.429
28.12
27.811
27.503
27.194
26.886
26.577
26.268
25.96
25.651
25.342
25.034
24.725
24.417
24.108
23.799
23.491
23.182
22.874
22.565
22.256
21.948
21.639
21.33
21.022
20.713
20.405
20.344
20.284
20.223
20.163
20.102
20.042
19.982
19.921
19.861
19.8
19.74
19.679
19.619
19.558
19.498
19.438
19.377
19.317
19.256
19.196
19.135
19.075
19.015
18.954
18.894
18.833
18.773
18.712
18.652
18.592
18.531
18.471
18.41
18.35
18.289
18.229
18.169
18.108
18.048
17.987
17.927
17.866
17.806
17.745
17.685
17.625
17.564
17.504
17.443
17.383
17.322
17.262
17.202
17.141
17.081
17.02
16.96
16.899
16.839
16.779
16.72
16.662
16.603
16.545
16.487
16.428
16.37
16.311
16.253
16.195
16.136
16.078
16.02
15.961
15.903
15.844
15.786
15.728
15.669
15.611
15.552
15.494
15.436
15.377
15.319
15.261
15.202
15.144
15.085
15.027
14.969
14.91
14.852
14.793
14.735
14.677
14.618
14.56
14.502
14.443
14.385
14.326
14.268
14.21
14.151
14.093
14.034
13.976
13.918
13.859
13.801
13.742
13.684
13.626
13.567
13.509
13.451
13.392
13.334
13.275
13.289
13.302
13.316
13.329
13.343
13.356
13.37
13.383
13.397
13.41
13.424
13.437
13.451
13.464
13.478
13.491
13.505
13.518
13.532
13.545
13.559
13.572
13.586
13.599
13.613
13.626
13.64
13.653
13.667
13.68
13.694
13.707
13.721
13.734
13.748
13.761
13.775
13.788
13.802
13.815
13.829
13.842
13.856
13.869
13.883
13.896
13.91
13.923
13.937
13.95
13.964
13.977
13.991
14.004
14.018
14.031
14.045
14.058
14.072
14.085
14.085
14.084
14.083
14.083
14.082
14.081
14.081
14.08
14.079
14.079
14.078
14.077
14.077
14.076
14.075
14.075
14.074
14.073
14.073
14.072
14.071
14.071
14.07
14.069
14.069
14.068
14.067
14.067
14.066
14.065
14.065
14.064
14.063
14.063
14.062
14.061
14.061
14.06
14.059
14.059
14.058
14.057
14.057
14.056
14.055
14.055
14.054
14.053
14.053
14.052
14.051
14.051
14.05
14.049
14.049
14.048
14.047
14.047
14.046
14.045
13.928
13.811
13.694
13.577
13.46
13.343
13.226
13.109
12.992
12.875
12.758
12.641
12.524
12.407
12.29
12.173
12.056
11.938
11.821
11.704
11.587
11.47
11.353
11.236
11.119
11.002
10.885
10.768
10.651
10.534
10.417
10.3
10.183
10.066
9.9485
9.8315
9.7144
9.5974
9.4803
9.3633
9.2462
9.1292
9.0121
8.8951
8.778
8.661
8.5439
8.4269
8.3098
8.1927
8.0757
7.9586
7.8416
7.7245
7.6075
7.4904
7.3734
7.2563
7.1393
7.0222
6.9939
6.9655
6.9371
6.9088
6.8804
6.8521
6.8237
6.7954
6.767
6.7386
6.7103
6.6819
6.6536
6.6252
6.5969
6.5685
6.5401
6.5118
6.4834
6.4551
6.4267
6.3984
6.37
6.3417
6.3133
6.2849
6.2566
6.2282
6.1999
6.1715
6.1432
6.1148
6.0864
6.0581
6.0297
6.0014
5.973
5.9447
5.9163
5.8879
5.8596
5.8312
5.8029
5.7745
5.7462
5.7178
5.6894
5.6611
5.6327
5.6044
5.576
5.5477
5.5193
5.4909
5.4626
5.4342
5.4059
5.3775
5.3492
5.3208
5.4359
5.5511
5.6662
5.7814
5.8965
6.0117
6.1268
6.242
6.3571
6.4722
6.5874
6.7025
6.8177
6.9328
7.048
7.1631
7.2783
7.3934
7.5086
7.6237
7.7388
7.854
7.9691
8.0843
8.1994
8.3146
8.4297
8.5449
8.66
8.7751
8.8903
9.0054
9.1206
9.2357
9.3509
9.466
9.5812
9.6963
9.8115
9.9266
10.042
10.157
10.272
10.387
10.502
10.617
10.733
10.848
10.963
11.078
11.193
11.308
11.423
11.539
11.654
11.769
11.884
11.999
12.114
12.229
12.264
12.299
12.334
12.369
12.403
12.438
12.473
12.508
12.542
12.577
12.612
12.647
12.681
12.716
12.751
12.786
12.821
12.855
12.89
12.925
12.96
12.994
13.029
13.064
13.099
13.133
13.168
13.203
13.238
13.272
13.307
13.342
13.377
13.412
13.446
13.481
13.516
13.551
13.585
13.62
13.655
13.69
13.724
13.759
13.794
13.829
13.863
13.898
13.933
13.968
14.003
14.037
14.072
14.107
14.142
14.176
14.211
14.246
14.281
14.315
14.308
14.301
14.293
14.286
14.279
14.272
14.264
14.257
14.25
14.242
14.235
14.228
14.22
14.213
14.206
14.198
14.191
14.184
14.177
14.169
14.162
14.155
14.147
14.14
14.133
14.125
14.118
14.111
14.103
14.096
14.089
14.081
14.074
14.067
14.06
14.052
14.045
14.038
14.03
14.023
14.016
14.008
14.001
13.994
13.986
13.979
13.972
13.964
13.957
13.95
13.943
13.935
13.928
13.921
13.913
13.906
13.899
13.891
13.884
13.877
13.812
13.747
13.681
13.616
13.551
13.486
13.421
13.356
13.291
13.226
13.161
13.096
13.031
12.966
12.901
12.836
12.77
12.705
12.64
12.575
12.51
12.445
12.38
12.315
12.25
12.185
12.12
12.055
11.99
11.925
11.859
11.794
11.729
11.664
11.599
11.534
11.469
11.404
11.339
11.274
11.209
11.144
11.079
11.014
10.948
10.883
10.818
10.753
10.688
10.623
10.558
10.493
10.428
10.363
10.298
10.233
10.168
10.103
10.037
9.9724
9.9926
10.013
10.033
10.053
10.073
10.094
10.114
10.134
10.154
10.175
10.195
10.215
10.235
10.255
10.276
10.296
10.316
10.336
10.356
10.377
10.397
10.417
10.437
10.457
10.478
10.498
10.518
10.538
10.559
10.579
10.599
10.619
10.639
10.66
10.68
10.7
10.72
10.74
10.761
10.781
10.801
10.821
10.841
10.862
10.882
10.902
10.922
10.943
10.963
10.983
11.003
11.023
11.044
11.064
11.084
11.104
11.124
11.145
11.165
11.185
11.053
10.922
10.79
10.658
10.527
10.395
10.263
10.132
10
9.8683
9.7367
9.605
9.4733
9.3416
9.21
9.0783
8.9466
8.8149
8.6833
8.5516
8.4199
8.2882
8.1566
8.0249
7.8932
7.7616
7.6299
7.4982
7.3665
7.2349
7.1032
6.9715
6.8398
6.7082
6.5765
6.4448
6.3132
6.1815
6.0498
5.9181
5.7865
5.6548
5.5231
5.3914
5.2598
5.1281
4.9964
4.8647
4.7331
4.6014
4.4697
4.3381
4.2064
4.0747
3.943
3.8114
3.6797
3.548
3.4163
3.2847
3.2998
3.315
3.3302
3.3454
3.3605
3.3757
3.3909
3.4061
3.4212
3.4364
3.4516
3.4667
3.4819
3.4971
3.5123
3.5274
3.5426
3.5578
3.573
3.5881
3.6033
3.6185
3.6337
3.6488
3.664
3.6792
3.6943
3.7095
3.7247
3.7399
3.755
3.7702
3.7854
3.8006
3.8157
3.8309
3.8461
3.8613
3.8764
3.8916
3.9068
3.9219
3.9371
3.9523
3.9675
3.9826
3.9978
4.013
4.0282
4.0433
4.0585
4.0737
4.0889
4.104
4.1192
4.1344
4.1495
4.1647
4.1799
4.1951
4.2353
4.2755
4.3157
4.3559
4.3961
4.4364
4.4766
4.5168
4.557
4.5972
4.6374
4.6776
4.7179
4.7581
4.7983
4.8385
4.8787
4.9189
4.9591
4.9993
5.0396
5.0798
5.12
5.1602
5.2004
5.2406
5.2808
5.3211
5.3613
5.4015
5.4417
5.4819
5.5221
5.5623
5.6026
5.6428
5.683
5.7232
5.7634
5.8036
5.8438
5.8841
5.9243
5.9645
6.0047
6.0449
6.0851
6.1253
6.1656
6.2058
6.246
6.2862
6.3264
6.3666
6.4068
6.4471
6.4873
6.5275
6.5677
6.6079
6.6286
6.6493
6.6701
6.6908
6.7115
6.7322
6.7529
6.7736
6.7943
6.8151
6.8358
6.8565
6.8772
6.8979
6.9186
6.9394
6.9601
6.9808
7.0015
7.0222
7.0429
7.0636
7.0844
7.1051
7.1258
7.1465
7.1672
7.1879
7.2087
7.2294
7.2501
7.2708
7.2915
7.3122
7.3329
7.3537
7.3744
7.3951
7.4158
7.4365
7.4572
7.478
7.4987
7.5194
7.5401
7.5608
7.5815
7.6022
7.623
7.6437
7.6644
7.6851
7.7058
7.7265
7.7473
7.768
7.7887
7.8094
7.8301
7.8508
7.8417
7.8326
7.8235
7.8144
7.8052
7.7961
7.787
7.7779
7.7688
7.7596
7.7505
7.7414
7.7323
7.7232
7.7141
7.7049
7.6958
7.6867
7.6776
7.6685
7.6593
7.6502
7.6411
7.632
7.6229
7.6137
7.6046
7.5955
7.5864
7.5773
7.5682
7.559
7.5499
7.5408
7.5317
7.5226
7.5134
7.5043
7.4952
7.4861
7.477
7.4678
7.4587
7.4496
7.4405
7.4314
7.4223
7.4131
7.404
7.3949
7.3858
7.3767
7.3675
7.3584
7.3493
7.3402
7.3311
7.3219
7.3128
7.3037
7.2861
7.2685
7.2508
7.2332
7.2156
7.198
7.1804
7.1627
7.1451
7.1275
7.1099
7.0922
7.0746
7.057
7.0394
7.0217
7.0041
6.9865
6.9689
6.9513
6.9336
6.916
6.8984
6.8808
6.8631
6.8455
6.8279
6.8103
6.7926
6.775
6.7574
6.7398
6.7222
6.7045
6.6869
6.6693
6.6517
6.634
6.6164
6.5988
6.5812
6.5635
6.5459
6.5283
6.5107
6.4931
6.4754
6.4578
6.4402
6.4226
6.4049
6.3873
6.3697
6.3521
6.3345
6.3168
6.2992
6.2816
6.264
6.2463
6.2518
6.2573
6.2628
6.2683
6.2737
6.2792
6.2847
6.2902
6.2957
6.3011
6.3066
6.3121
6.3176
6.3231
6.3286
6.334
6.3395
6.345
6.3505
6.356
6.3614
6.3669
6.3724
6.3779
6.3834
6.3888
6.3943
6.3998
6.4053
6.4108
6.4162
6.4217
6.4272
6.4327
6.4382
6.4437
6.4491
6.4546
6.4601
6.4656
6.4711
6.4765
6.482
6.4875
6.493
6.4985
6.5039
6.5094
6.5149
6.5204
6.5259
6.5313
6.5368
6.5423
6.5478
6.5533
6.5588
6.5642
6.5697
6.5752
6.5579
6.5407
6.5234
6.5061
6.4889
6.4716
6.4543
6.437
6.4198
6.4025
6.3852
6.368
6.3507
6.3334
6.3162
6.2989
6.2816
6.2644
6.2471
6.2298
6.2125
6.1953
6.178
6.1607
6.1435
6.1262
6.1089
6.0917
6.0744
6.0571
6.0399
6.0226
6.0053
5.9881
5.9708
5.9535
5.9362
5.919
5.9017
5.8844
5.8672
5.8499
5.8326
5.8154
5.7981
5.7808
5.7636
5.7463
5.729
5.7118
5.6945
5.6772
5.6599
5.6427
5.6254
5.6081
5.5909
5.5736
5.5563
5.5391
5.5475
5.556
5.5645
5.5729
5.5814
5.5899
5.5984
5.6068
5.6153
5.6238
5.6323
5.6407
5.6492
5.6577
5.6661
5.6746
5.6831
5.6916
5.7
5.7085
5.717
5.7254
5.7339
5.7424
5.7509
5.7593
5.7678
5.7763
5.7847
5.7932
5.8017
5.8102
5.8186
5.8271
5.8356
5.844
5.8525
5.861
5.8695
5.8779
5.8864
5.8949
5.9033
5.9118
5.9203
5.9288
5.9372
5.9457
5.9542
5.9626
5.9711
5.9796
5.9881
5.9965
6.005
6.0135
6.0219
6.0304
6.0389
6.0474
6.0357
6.0241
6.0125
6.0009
5.9893
5.9776
5.966
5.9544
5.9428
5.9312
5.9195
5.9079
5.8963
5.8847
5.873
5.8614
5.8498
5.8382
5.8266
5.8149
5.8033
5.7917
5.7801
5.7685
5.7568
5.7452
5.7336
5.722
5.7104
5.6987
5.6871
5.6755
5.6639
5.6522
5.6406
5.629
5.6174
5.6058
5.5941
5.5825
5.5709
5.5593
5.5477
5.536
5.5244
5.5128
5.5012
5.4896
5.4779
5.4663
5.4547
5.4431
5.4314
5.4198
5.4082
5.3966
5.385
5.3733
5.3617
5.3501
5.3437
5.3373
5.331
5.3246
5.3182
5.3118
5.3054
5.2991
5.2927
5.2863
5.2799
5.2735
5.2672
5.2608
5.2544
5.248
5.2416
5.2353
5.2289
5.2225
5.2161
5.2097
5.2034
5.197
5.1906
5.1842
5.1778
5.1715
5.1651
5.1587
5.1523
5.1459
5.1396
5.1332
5.1268
5.1204
5.114
5.1076
5.1013
5.0949
5.0885
5.0821
5.0757
5.0694
5.063
5.0566
5.0502
5.0438
5.0375
5.0311
5.0247
5.0183
5.0119
5.0056
4.9992
4.9928
4.9864
4.98
4.9737
4.9673
4.9876
5.008
5.0284
5.0487
5.0691
5.0894
5.1098
5.1301
5.1505
5.1709
5.1912
5.2116
5.2319
5.2523
5.2726
5.293
5.3134
5.3337
5.3541
5.3744
5.3948
5.4151
5.4355
5.4559
5.4762
5.4966
5.5169
5.5373
5.5576
5.578
5.5984
5.6187
5.6391
5.6594
5.6798
5.7001
5.7205
5.7409
5.7612
5.7816
5.8019
5.8223
5.8426
5.863
5.8834
5.9037
5.9241
5.9444
5.9648
5.9851
6.0055
6.0259
6.0462
6.0666
6.0869
6.1073
6.1276
6.148
6.1684
6.1887
6.1707
6.1526
6.1346
6.1166
6.0985
6.0805
6.0624
6.0444
6.0263
6.0083
5.9903
5.9722
5.9542
5.9361
5.9181
5.9
5.882
5.864
5.8459
5.8279
5.8098
5.7918
5.7738
5.7557
5.7377
5.7196
5.7016
5.6835
5.6655
5.6475
5.6294
5.6114
5.5933
5.5753
5.5573
5.5392
5.5212
5.5031
5.4851
5.467
5.449
5.431
5.4129
5.3949
5.3768
5.3588
5.3407
5.3227
5.3047
5.2866
5.2686
5.2505
5.2325
5.2145
5.1964
5.1784
5.1603
5.1423
5.1242
5.1062
5.097
5.0877
5.0785
5.0692
5.06
5.0508
5.0415
5.0323
5.023
5.0138
5.0046
4.9953
4.9861
4.9768
4.9676
4.9583
4.9491
4.9399
4.9306
4.9214
4.9121
4.9029
4.8937
4.8844
4.8752
4.8659
4.8567
4.8475
4.8382
4.829
4.8197
4.8105
4.8013
4.792
4.7828
4.7735
4.7643
4.7551
4.7458
4.7366
4.7273
4.7181
4.7089
4.6996
4.6904
4.6811
4.6719
4.6626
4.6534
4.6442
4.6349
4.6257
4.6164
4.6072
4.598
4.5887
4.5795
4.5702
4.561
4.5518
4.487
4.4223
4.3576
4.2929
4.2281
4.1634
4.0987
4.034
3.9693
3.9045
3.8398
3.7751
3.7104
3.6457
3.5809
3.5162
3.4515
3.3868
3.322
3.2573
3.1926
3.1279
3.0632
2.9984
2.9337
2.869
2.8043
2.7396
2.6748
2.6101
2.5454
2.4807
2.4159
2.3512
2.2865
2.2218
2.1571
2.0923
2.0276
1.9629
1.8982
1.8334
1.7687
1.704
1.6393
1.5746
1.5098
1.4451
1.3804
1.3157
1.251
1.1862
1.1215
1.0568
0.99207
0.92734
0.86262
0.7979
0.73318
0.66846
0.62641
0.58437
0.54232
0.50028
0.45823
0.41619
0.37414
0.3321
0.29005
0.24801
0.20596
0.16392
0.12187
0.079826
0.037781
-0.0042643
-0.046309
-0.088354
-0.1304
-0.17244
-0.21449
-0.25653
-0.29858
-0.34063
-0.38267
-0.42472
-0.46676
-0.50881
-0.55085
-0.5929
-0.63494
-0.67699
-0.71903
-0.76108
-0.80312
-0.84517
-0.88721
-0.92926
-0.9713
-1.0133
-1.0554
-1.0974
-1.1395
-1.1815
-1.2236
-1.2656
-1.3077
-1.3497
-1.3918
-1.4338
-1.4758
-1.5179
-1.5599
-1.602
-1.644
-1.6861
-1.7281
-1.7702
-1.8122
-1.8542
-1.8699
-1.8856
-1.9013
-1.9169
-1.9326
-1.9483
-1.964
-1.9796
-1.9953
-2.011
-2.0267
-2.0423
-2.058
-2.0737
-2.0894
-2.105
-2.1207
-2.1364
-2.1521
-2.1677
-2.1834
-2.1991
-2.2147
-2.2304
-2.2461
-2.2618
-2.2774
-2.2931
-2.3088
-2.3245
-2.3401
-2.3558
-2.3715
-2.3872
-2.4028
-2.4185
-2.4342
-2.4499
-2.4655
-2.4812
-2.4969
-2.5125
-2.5282
-2.5439
-2.5596
-2.5752
-2.5909
-2.6066
-2.6223
-2.6379
-2.6536
-2.6693
-2.685
-2.7006
-2.7163
-2.732
-2.7477
-2.7633
-2.779
-2.7947
-2.8224
-2.8501
-2.8778
-2.9055
-2.9332
-2.961
-2.9887
-3.0164
-3.0441
-3.0718
-3.0995
-3.1272
-3.155
-3.1827
-3.2104
-3.2381
-3.2658
-3.2935
-3.3212
-3.349
-3.3767
-3.4044
-3.4321
-3.4598
-3.4875
-3.5152
-3.543
-3.5707
-3.5984
-3.6261
-3.6538
-3.6815
-3.7092
-3.737
-3.7647
-3.7924
-3.8201
-3.8478
-3.8755
-3.9032
-3.931
-3.9587
-3.9864
-4.0141
-4.0418
-4.0695
-4.0972
-4.125
-4.1527
-4.1804
-4.2081
-4.2358
-4.2635
-4.2912
-4.3189
-4.3467
-4.3744
-4.4021
-4.4298
-4.4575
-4.4951
-4.5326
-4.5702
-4.6077
-4.6453
-4.6828
-4.7204
-4.7579
-4.7955
-4.833
-4.8706
-4.9082
-4.9457
-4.9833
-5.0208
-5.0584
-5.0959
-5.1335
-5.171
-5.2086
-5.2461
-5.2837
-5.3212
-5.3588
-5.3963
-5.4339
-5.4714
-5.509
-5.5466
-5.5841
-5.6217
-5.6592
-5.6968
-5.7343
-5.7719
-5.8094
-5.847
-5.8845
-5.9221
-5.9596
-5.9972
-6.0347
-6.0723
-6.1098
-6.1474
-6.185
-6.2225
-6.2601
-6.2976
-6.3352
-6.3727
-6.4103
-6.4478
-6.4854
-6.5229
-6.5605
-6.598
-6.6356
-6.6731
-6.7107
-6.6682
-6.6256
-6.5831
-6.5406
-6.498
-6.4555
-6.413
-6.3705
-6.3279
-6.2854
-6.2429
-6.2003
-6.1578
-6.1153
-6.0728
-6.0302
-5.9877
-5.9452
-5.9026
-5.8601
-5.8176
-5.775
-5.7325
-5.69
-5.6475
-5.6049
-5.5624
-5.5199
-5.4773
-5.4348
-5.3923
-5.3498
-5.3072
-5.2647
-5.2222
-5.1796
-5.1371
-5.0946
-5.0521
-5.0095
-4.967
-4.9245
-4.8819
-4.8394
-4.7969
-4.7543
-4.7118
-4.6693
-4.6268
-4.5842
-4.5417
-4.4992
-4.4566
-4.4141
-4.3716
-4.3291
-4.2865
-4.244
-4.2015
-4.1589
-4.1649
-4.171
-4.177
-4.183
-4.189
-4.195
-4.201
-4.207
-4.2131
-4.2191
-4.2251
-4.2311
-4.2371
-4.2431
-4.2491
-4.2552
-4.2612
-4.2672
-4.2732
-4.2792
-4.2852
-4.2912
-4.2973
-4.3033
-4.3093
-4.3153
-4.3213
-4.3273
-4.3333
-4.3394
-4.3454
-4.3514
-4.3574
-4.3634
-4.3694
-4.3754
-4.3815
-4.3875
-4.3935
-4.3995
-4.4055
-4.4115
-4.4175
-4.4236
-4.4296
-4.4356
-4.4416
-4.4476
-4.4536
-4.4596
-4.4656
-4.4717
-4.4777
-4.4837
-4.4897
-4.4957
-4.5017
-4.5077
-4.5138
-4.5198
-4.482
-4.4443
-4.4066
-4.3688
-4.3311
-4.2933
-4.2556
-4.2179
-4.1801
-4.1424
-4.1046
-4.0669
-4.0292
-3.9914
-3.9537
-3.9159
-3.8782
-3.8405
-3.8027
-3.765
-3.7272
-3.6895
-3.6518
-3.614
-3.5763
-3.5385
-3.5008
-3.4631
-3.4253
-3.3876
-3.3498
-3.3121
-3.2744
-3.2366
-3.1989
-3.1611
-3.1234
-3.0857
-3.0479
-3.0102
-2.9724
-2.9347
-2.897
-2.8592
-2.8215
-2.7837
-2.746
-2.7083
-2.6705
-2.6328
-2.595
-2.5573
-2.5196
-2.4818
-2.4441
-2.4063
-2.3686
-2.3309
-2.2931
-2.2554
-2.2193
-2.1832
-2.1471
-2.111
-2.0749
-2.0388
-2.0027
-1.9666
-1.9305
-1.8944
-1.8583
-1.8222
-1.7861
-1.75
-1.7139
-1.6778
-1.6417
-1.6056
-1.5695
-1.5334
-1.4974
-1.4613
-1.4252
-1.3891
-1.353
-1.3169
-1.2808
-1.2447
-1.2086
-1.1725
-1.1364
-1.1003
-1.0642
-1.0281
-0.992
-0.95591
-0.91981
-0.88372
-0.84762
-0.81152
-0.77543
-0.73933
-0.70323
-0.66714
-0.63104
-0.59495
-0.55885
-0.52275
-0.48666
-0.45056
-0.41447
-0.37837
-0.34227
-0.30618
-0.27008
-0.23398
-0.19789
-0.16179
-0.1257
-0.0896
-0.090125
-0.090649
-0.091174
-0.091699
-0.092224
-0.092749
-0.093274
-0.093799
-0.094324
-0.094849
-0.095374
-0.095898
-0.096423
-0.096948
-0.097473
-0.097998
-0.098523
-0.099048
-0.099573
-0.1001
-0.10062
-0.10115
-0.10167
-0.1022
-0.10272
-0.10325
-0.10377
-0.1043
-0.10482
-0.10535
-0.10587
-0.1064
-0.10692
-0.10745
-0.10797
-0.1085
-0.10902
-0.10955
-0.11007
-0.1106
-0.11112
-0.11165
-0.11217
-0.1127
-0.11322
-0.11375
-0.11427
-0.11479
-0.11532
-0.11584
-0.11637
-0.11689
-0.11742
-0.11794
-0.11847
-0.11899
-0.11952
-0.12004
-0.12057
-0.12109
-0.12775
-0.13441
-0.14106
-0.14772
-0.15438
-0.16104
-0.16769
-0.17435
-0.18101
-0.18766
-0.19432
-0.20098
-0.20763
-0.21429
-0.22095
-0.2276
-0.23426
-0.24092
-0.24757
-0.25423
-0.26089
-0.26755
-0.2742
-0.28086
-0.28752
-0.29417
-0.30083
-0.30749
-0.31414
-0.3208
-0.32746
-0.33411
-0.34077
-0.34743
-0.35409
-0.36074
-0.3674
-0.37406
-0.38071
-0.38737
-0.39403
-0.40068
-0.40734
-0.414
-0.42065
-0.42731
-0.43397
-0.44062
-0.44728
-0.45394
-0.4606
-0.46725
-0.47391
-0.48057
-0.48722
-0.49388
-0.50054
-0.50719
-0.51385
-0.52051
-0.55402
-0.58754
-0.62106
-0.65457
-0.68809
-0.72161
-0.75512
-0.78864
-0.82216
-0.85567
-0.88919
-0.92271
-0.95622
-0.98974
-1.0233
-1.0568
-1.0903
-1.1238
-1.1573
-1.1908
-1.2244
-1.2579
-1.2914
-1.3249
-1.3584
-1.3919
-1.4255
-1.459
-1.4925
-1.526
-1.5595
-1.593
-1.6266
-1.6601
-1.6936
-1.7271
-1.7606
-1.7941
-1.8276
-1.8612
-1.8947
-1.9282
-1.9617
-1.9952
-2.0287
-2.0623
-2.0958
-2.1293
-2.1628
-2.1963
-2.2298
-2.2634
-2.2969
-2.3304
-2.3639
-2.3974
-2.4309
-2.4645
-2.498
-2.5315
-2.5196
-2.5076
-2.4957
-2.4838
-2.4718
-2.4599
-2.448
-2.436
-2.4241
-2.4122
-2.4002
-2.3883
-2.3763
-2.3644
-2.3525
-2.3405
-2.3286
-2.3167
-2.3047
-2.2928
-2.2809
-2.2689
-2.257
-2.2451
-2.2331
-2.2212
-2.2093
-2.1973
-2.1854
-2.1735
-2.1615
-2.1496
-2.1377
-2.1257
-2.1138
-2.1019
-2.0899
-2.078
-2.0661
-2.0541
-2.0422
-2.0302
-2.0183
-2.0064
-1.9944
-1.9825
-1.9706
-1.9586
-1.9467
-1.9348
-1.9228
-1.9109
-1.899
-1.887
-1.8751
-1.8632
-1.8512
-1.8393
-1.8274
-1.8154
-1.8147
-1.814
-1.8134
-1.8127
-1.812
-1.8113
-1.8106
-1.8099
-1.8092
-1.8085
-1.8078
-1.8071
-1.8064
-1.8057
-1.8051
-1.8044
-1.8037
-1.803
-1.8023
-1.8016
-1.8009
-1.8002
-1.7995
-1.7988
-1.7981
-1.7974
-1.7968
-1.7961
-1.7954
-1.7947
-1.794
-1.7933
-1.7926
-1.7919
-1.7912
-1.7905
-1.7898
-1.7891
-1.7885
-1.7878
-1.7871
-1.7864
-1.7857
-1.785
-1.7843
-1.7836
-1.7829
-1.7822
-1.7815
-1.7808
-1.7802
-1.7795
-1.7788
-1.7781
-1.7774
-1.7767
-1.776
-1.7753
-1.7746
-1.7739
-1.7999
-1.8259
-1.852
-1.878
-1.904
-1.93
-1.956
-1.982
-2.008
-2.034
-2.06
-2.086
-2.112
-2.1381
-2.1641
-2.1901
-2.2161
-2.2421
-2.2681
-2.2941
-2.3201
-2.3461
-2.3721
-2.3981
-2.4242
-2.4502
-2.4762
-2.5022
-2.5282
-2.5542
-2.5802
-2.6062
-2.6322
-2.6582
-2.6842
-2.7103
-2.7363
-2.7623
-2.7883
-2.8143
-2.8403
-2.8663
-2.8923
-2.9183
-2.9443
-2.9703
-2.9964
-3.0224
-3.0484
-3.0744
-3.1004
-3.1264
-3.1524
-3.1784
-3.2044
-3.2304
-3.2564
-3.2825
-3.3085
-3.3345
-3.3159
-3.2973
-3.2786
-3.26
-3.2414
-3.2228
-3.2042
-3.1856
-3.167
-3.1484
-3.1298
-3.1112
-3.0926
-3.074
-3.0554
-3.0368
-3.0181
-2.9995
-2.9809
-2.9623
-2.9437
-2.9251
-2.9065
-2.8879
-2.8693
-2.8507
-2.8321
-2.8135
-2.7949
-2.7762
-2.7576
-2.739
-2.7204
-2.7018
-2.6832
-2.6646
-2.646
-2.6274
-2.6088
-2.5902
-2.5716
-2.553
-2.5343
-2.5157
-2.4971
-2.4785
-2.4599
-2.4413
-2.4227
-2.4041
-2.3855
-2.3669
-2.3483
-2.3297
-2.3111
-2.2924
-2.2738
-2.2552
-2.2366
-2.218
-2.2436
-2.2693
-2.2949
-2.3205
-2.3462
-2.3718
-2.3974
-2.423
-2.4487
-2.4743
-2.4999
-2.5255
-2.5512
-2.5768
-2.6024
-2.628
-2.6537
-2.6793
-2.7049
-2.7306
-2.7562
-2.7818
-2.8074
-2.8331
-2.8587
-2.8843
-2.9099
-2.9356
-2.9612
-2.9868
-3.0124
-3.0381
-3.0637
-3.0893
-3.1149
-3.1406
-3.1662
-3.1918
-3.2175
-3.2431
-3.2687
-3.2943
-3.32
-3.3456
-3.3712
-3.3968
-3.4225
-3.4481
-3.4737
-3.4993
-3.525
-3.5506
-3.5762
-3.6019
-3.6275
-3.6531
-3.6787
-3.7044
-3.73
-3.7556
-3.7849
-3.8142
-3.8435
-3.8728
-3.9021
-3.9313
-3.9606
-3.9899
-4.0192
-4.0485
-4.0778
-4.1071
-4.1364
-4.1657
-4.1949
-4.2242
-4.2535
-4.2828
-4.3121
-4.3414
-4.3707
-4.4
-4.4293
-4.4585
-4.4878
-4.5171
-4.5464
-4.5757
-4.605
-4.6343
-4.6636
-4.6929
-4.7221
-4.7514
-4.7807
-4.81
-4.8393
-4.8686
-4.8979
-4.9272
-4.9565
-4.9857
-5.015
-5.0443
-5.0736
-5.1029
-5.1322
-5.1615
-5.1908
-5.2201
-5.2493
-5.2786
-5.3079
-5.3372
-5.3665
-5.3958
-5.4251
-5.4544
-5.4837
-5.5129
-5.5238
-5.5347
-5.5456
-5.5565
-5.5673
-5.5782
-5.5891
-5.6
-5.6109
-5.6217
-5.6326
-5.6435
-5.6544
-5.6653
-5.6761
-5.687
-5.6979
-5.7088
-5.7197
-5.7306
-5.7414
-5.7523
-5.7632
-5.7741
-5.785
-5.7958
-5.8067
-5.8176
-5.8285
-5.8394
-5.8502
-5.8611
-5.872
-5.8829
-5.8938
-5.9046
-5.9155
-5.9264
-5.9373
-5.9482
-5.959
-5.9699
-5.9808
-5.9917
-6.0026
-6.0134
-6.0243
-6.0352
-6.0461
-6.057
-6.0678
-6.0787
-6.0896
-6.1005
-6.1114
-6.1222
-6.1331
-6.144
-6.1549
-6.1658
-6.1832
-6.2007
-6.2181
-6.2356
-6.2531
-6.2705
-6.288
-6.3054
-6.3229
-6.3403
-6.3578
-6.3752
-6.3927
-6.4102
-6.4276
-6.4451
-6.4625
-6.48
-6.4974
-6.5149
-6.5323
-6.5498
-6.5673
-6.5847
-6.6022
-6.6196
-6.6371
-6.6545
-6.672
-6.6895
-6.7069
-6.7244
-6.7418
-6.7593
-6.7767
-6.7942
-6.8116
-6.8291
-6.8466
-6.864
-6.8815
-6.8989
-6.9164
-6.9338
-6.9513
-6.9687
-6.9862
-7.0037
-7.0211
-7.0386
-7.056
-7.0735
-7.0909
-7.1084
-7.1259
-7.1433
-7.1608
-7.1782
-7.1957
-7.2131
-7.2164
-7.2196
-7.2228
-7.226
-7.2293
-7.2325
-7.2357
-7.2389
-7.2422
-7.2454
-7.2486
-7.2519
-7.2551
-7.2583
-7.2615
-7.2648
-7.268
-7.2712
-7.2744
-7.2777
-7.2809
-7.2841
-7.2873
-7.2906
-7.2938
-7.297
-7.3003
-7.3035
-7.3067
-7.3099
-7.3132
-7.3164
-7.3196
-7.3228
-7.3261
-7.3293
-7.3325
-7.3358
-7.339
-7.3422
-7.3454
-7.3487
-7.3519
-7.3551
-7.3583
-7.3616
-7.3648
-7.368
-7.3712
-7.3745
-7.3777
-7.3809
-7.3842
-7.3874
-7.3906
-7.3938
-7.3971
-7.4003
-7.4035
-7.4067
-7.3908
-7.3748
-7.3589
-7.3429
-7.3269
-7.311
-7.295
-7.279
-7.2631
-7.2471
-7.2311
-7.2152
-7.1992
-7.1833
-7.1673
-7.1513
-7.1354
-7.1194
-7.1034
-7.0875
-7.0715
-7.0556
-7.0396
-7.0236
-7.0077
-6.9917
-6.9757
-6.9598
-6.9438
-6.9279
-6.9119
-6.8959
-6.88
-6.864
-6.848
-6.8321
-6.8161
-6.8002
-6.7842
-6.7682
-6.7523
-6.7363
-6.7203
-6.7044
-6.6884
-6.6725
-6.6565
-6.6405
-6.6246
-6.6086
-6.5926
-6.5767
-6.5607
-6.5448
-6.5288
-6.5128
-6.4969
-6.4809
-6.4649
-6.449
-6.4531
-6.4572
-6.4613
-6.4654
-6.4695
-6.4736
-6.4777
-6.4819
-6.486
-6.4901
-6.4942
-6.4983
-6.5024
-6.5065
-6.5106
-6.5147
-6.5188
-6.5229
-6.5271
-6.5312
-6.5353
-6.5394
-6.5435
-6.5476
-6.5517
-6.5558
-6.5599
-6.564
-6.5682
-6.5723
-6.5764
-6.5805
-6.5846
-6.5887
-6.5928
-6.5969
-6.601
-6.6051
-6.6093
-6.6134
-6.6175
-6.6216
-6.6257
-6.6298
-6.6339
-6.638
-6.6421
-6.6462
-6.6503
-6.6545
-6.6586
-6.6627
-6.6668
-6.6709
-6.675
-6.6791
-6.6832
-6.6873
-6.6914
-6.6956
-6.6945
-6.6934
-6.6923
-6.6912
-6.6901
-6.689
-6.688
-6.6869
-6.6858
-6.6847
-6.6836
-6.6825
-6.6814
-6.6803
-6.6793
-6.6782
-6.6771
-6.676
-6.6749
-6.6738
-6.6727
-6.6717
-6.6706
-6.6695
-6.6684
-6.6673
-6.6662
-6.6651
-6.6641
-6.663
-6.6619
-6.6608
-6.6597
-6.6586
-6.6575
-6.6564
-6.6554
-6.6543
-6.6532
-6.6521
-6.651
-6.6499
-6.6488
-6.6478
-6.6467
-6.6456
-6.6445
-6.6434
-6.6423
-6.6412
-6.6401
-6.6391
-6.638
-6.6369
-6.6358
-6.6347
-6.6336
-6.6325
-6.6315
-6.6304
-6.6256
-6.6207
-6.6159
-6.6111
-6.6063
-6.6015
-6.5967
-6.5919
-6.587
-6.5822
-6.5774
-6.5726
-6.5678
-6.563
-6.5582
-6.5534
-6.5485
-6.5437
-6.5389
-6.5341
-6.5293
-6.5245
-6.5197
-6.5148
-6.51
-6.5052
-6.5004
-6.4956
-6.4908
-6.486
-6.4811
-6.4763
-6.4715
-6.4667
-6.4619
-6.4571
-6.4523
-6.4475
-6.4426
-6.4378
-6.433
-6.4282
-6.4234
-6.4186
-6.4138
-6.4089
-6.4041
-6.3993
-6.3945
-6.3897
-6.3849
-6.3801
-6.3752
-6.3704
-6.3656
-6.3608
-6.356
-6.3512
-6.3464
-6.3416
-6.3639
-6.3862
-6.4085
-6.4308
-6.4531
-6.4754
-6.4977
-6.52
-6.5423
-6.5646
-6.5869
-6.6092
-6.6315
-6.6538
-6.6761
-6.6985
-6.7208
-6.7431
-6.7654
-6.7877
-6.81
-6.8323
-6.8546
-6.8769
-6.8992
-6.9215
-6.9438
-6.9661
-6.9884
-7.0107
-7.033
-7.0554
-7.0777
-7.1
-7.1223
-7.1446
-7.1669
-7.1892
-7.2115
-7.2338
-7.2561
-7.2784
-7.3007
-7.323
-7.3453
-7.3676
-7.3899
-7.4123
-7.4346
-7.4569
-7.4792
-7.5015
-7.5238
-7.5461
-7.5684
-7.5907
-7.613
-7.6353
-7.6576
-7.6799
-7.6633
-7.6466
-7.63
-7.6133
-7.5967
-7.58
-7.5634
-7.5467
-7.53
-7.5134
-7.4967
-7.4801
-7.4634
-7.4468
-7.4301
-7.4135
-7.3968
-7.3802
-7.3635
-7.3468
-7.3302
-7.3135
-7.2969
-7.2802
-7.2636
-7.2469
-7.2303
-7.2136
-7.197
-7.1803
-7.1636
-7.147
-7.1303
-7.1137
-7.097
-7.0804
-7.0637
-7.0471
-7.0304
-7.0138
-6.9971
-6.9804
-6.9638
-6.9471
-6.9305
-6.9138
-6.8972
-6.8805
-6.8639
-6.8472
-6.8306
-6.8139
-6.7972
-6.7806
-6.7639
-6.7473
-6.7306
-6.714
-6.6973
-6.6807
-6.6815
-6.6824
-6.6833
-6.6842
-6.6851
-6.6859
-6.6868
-6.6877
-6.6886
-6.6895
-6.6903
-6.6912
-6.6921
-6.693
-6.6938
-6.6947
-6.6956
-6.6965
-6.6974
-6.6982
-6.6991
-6.7
-6.7009
-6.7018
-6.7026
-6.7035
-6.7044
-6.7053
-6.7062
-6.707
-6.7079
-6.7088
-6.7097
-6.7105
-6.7114
-6.7123
-6.7132
-6.7141
-6.7149
-6.7158
-6.7167
-6.7176
-6.7185
-6.7193
-6.7202
-6.7211
-6.722
-6.7229
-6.7237
-6.7246
-6.7255
-6.7264
-6.7272
-6.7281
-6.729
-6.7299
-6.7308
-6.7316
-6.7325
-6.7334
-6.7381
-6.7428
-6.7475
-6.7522
-6.7569
-6.7616
-6.7664
-6.7711
-6.7758
-6.7805
-6.7852
-6.7899
-6.7946
-6.7993
-6.804
-6.8087
-6.8134
-6.8181
-6.8228
-6.8276
-6.8323
-6.837
-6.8417
-6.8464
-6.8511
-6.8558
-6.8605
-6.8652
-6.8699
-6.8746
-6.8793
-6.884
-6.8888
-6.8935
-6.8982
-6.9029
-6.9076
-6.9123
-6.917
-6.9217
-6.9264
-6.9311
-6.9358
-6.9405
-6.9453
-6.95
-6.9547
-6.9594
-6.9641
-6.9688
-6.9735
-6.9782
-6.9829
-6.9876
-6.9923
-6.997
-7.0017
-7.0065
-7.0112
-7.0159
-7.0057
-6.9956
-6.9855
-6.9754
-6.9652
-6.9551
-6.945
-6.9348
-6.9247
-6.9146
-6.9045
-6.8943
-6.8842
-6.8741
-6.864
-6.8538
-6.8437
-6.8336
-6.8234
-6.8133
-6.8032
-6.7931
-6.7829
-6.7728
-6.7627
-6.7525
-6.7424
-6.7323
-6.7222
-6.712
-6.7019
-6.6918
-6.6817
-6.6715
-6.6614
-6.6513
-6.6411
-6.631
-6.6209
-6.6108
-6.6006
-6.5905
-6.5804
-6.5702
-6.5601
-6.55
-6.5399
-6.5297
-6.5196
-6.5095
-6.4994
-6.4892
-6.4791
-6.469
-6.4588
-6.4487
-6.4386
-6.4285
-6.4183
-6.4082
-6.3869
-6.3657
-6.3444
-6.3231
-6.3019
-6.2806
-6.2593
-6.2381
-6.2168
-6.1955
-6.1742
-6.153
-6.1317
-6.1104
-6.0892
-6.0679
-6.0466
-6.0254
-6.0041
-5.9828
-5.9616
-5.9403
-5.919
-5.8978
-5.8765
-5.8552
-5.8339
-5.8127
-5.7914
-5.7701
-5.7489
-5.7276
-5.7063
-5.6851
-5.6638
-5.6425
-5.6213
-5.6
-5.5787
-5.5575
-5.5362
-5.5149
-5.4936
-5.4724
-5.4511
-5.4298
-5.4086
-5.3873
-5.366
-5.3448
-5.3235
-5.3022
-5.281
-5.2597
-5.2384
-5.2172
-5.1959
-5.1746
-5.1533
-5.1321
-5.11
-5.088
-5.0659
-5.0438
-5.0218
-4.9997
-4.9776
-4.9556
-4.9335
-4.9115
-4.8894
-4.8673
-4.8453
-4.8232
-4.8011
-4.7791
-4.757
-4.735
-4.7129
-4.6908
-4.6688
-4.6467
-4.6247
-4.6026
-4.5805
-4.5585
-4.5364
-4.5143
-4.4923
-4.4702
-4.4482
-4.4261
-4.404
-4.382
-4.3599
-4.3378
-4.3158
-4.2937
-4.2717
-4.2496
-4.2275
-4.2055
-4.1834
-4.1613
-4.1393
-4.1172
-4.0952
-4.0731
-4.051
-4.029
-4.0069
-3.9848
-3.9628
-3.9407
-3.9187
-3.8966
-3.8745
-3.8525
-3.8304
-3.8083
-3.7813
-3.7543
-3.7272
-3.7002
-3.6731
-3.6461
-3.6191
-3.592
-3.565
-3.5379
-3.5109
-3.4838
-3.4568
-3.4298
-3.4027
-3.3757
-3.3486
-3.3216
-3.2945
-3.2675
-3.2405
-3.2134
-3.1864
-3.1593
-3.1323
-3.1052
-3.0782
-3.0512
-3.0241
-2.9971
-2.97
-2.943
-2.9159
-2.8889
-2.8619
-2.8348
-2.8078
-2.7807
-2.7537
-2.7266
-2.6996
-2.6726
-2.6455
-2.6185
-2.5914
-2.5644
-2.5373
-2.5103
-2.4833
-2.4562
-2.4292
-2.4021
-2.3751
-2.348
-2.321
-2.294
-2.2669
-2.2399
-2.2128
-2.1858
-2.1486
-2.1113
-2.0741
-2.0368
-1.9996
-1.9624
-1.9251
-1.8879
-1.8507
-1.8134
-1.7762
-1.739
-1.7017
-1.6645
-1.6273
-1.59
-1.5528
-1.5156
-1.4783
-1.4411
-1.4038
-1.3666
-1.3294
-1.2921
-1.2549
-1.2177
-1.1804
-1.1432
-1.106
-1.0687
-1.0315
-0.99425
-0.95702
-0.91978
-0.88255
-0.84531
-0.80808
-0.77084
-0.73361
-0.69637
-0.65913
-0.6219
-0.58466
-0.54743
-0.51019
-0.47296
-0.43572
-0.39849
-0.36125
-0.32402
-0.28678
-0.24954
-0.21231
-0.17507
-0.13784
-0.1006
-0.063367
-0.026131
0.011104
0.04834
0.03619
0.02404
0.01189
-0.00026042
-0.01241
-0.024561
-0.036711
-0.048861
-0.061011
-0.073161
-0.085311
-0.097461
-0.10961
-0.12176
-0.13391
-0.14606
-0.15821
-0.17036
-0.18251
-0.19466
-0.20681
-0.21896
-0.23111
-0.24326
-0.25541
-0.26756
-0.27971
-0.29186
-0.30401
-0.31616
-0.32831
-0.34046
-0.35261
-0.36476
-0.37691
-0.38906
-0.40121
-0.41336
-0.42551
-0.43766
-0.44981
-0.46196
-0.47411
-0.48626
-0.49841
-0.51056
-0.52271
-0.53486
-0.54701
-0.55916
-0.57131
-0.58346
-0.59561
-0.60776
-0.61991
-0.63206
-0.64421
-0.65636
-0.66851
-0.68066
-0.64469
-0.60872
-0.57274
-0.53677
-0.50079
-0.46482
-0.42885
-0.39287
-0.3569
-0.32092
-0.28495
-0.24897
-0.213
-0.17703
-0.14105
-0.10508
-0.069104
-0.03313
0.0028442
0.038818
0.074792
0.11077
0.14674
0.18271
0.21869
0.25466
0.29064
0.32661
0.36259
0.39856
0.43453
0.47051
0.50648
0.54246
0.57843
0.6144
0.65038
0.68635
0.72233
0.7583
0.79427
0.83025
0.86622
0.9022
0.93817
0.97415
1.0101
1.0461
1.0821
1.118
1.154
1.19
1.226
1.2619
1.2979
1.3339
1.3699
1.4058
1.4418
1.4778
1.467
1.4562
1.4454
1.4346
1.4238
1.413
1.4022
1.3914
1.3806
1.3698
1.359
1.3482
1.3374
1.3266
1.3158
1.305
1.2942
1.2834
1.2726
1.2618
1.251
1.2402
1.2294
1.2186
1.2078
1.197
1.1862
1.1754
1.1646
1.1538
1.143
1.1322
1.1214
1.1106
1.0998
1.089
1.0782
1.0674
1.0566
1.0458
1.035
1.0242
1.0134
1.0026
0.99182
0.98102
0.97022
0.95942
0.94862
0.93783
0.92703
0.91623
0.90543
0.89463
0.88383
0.87303
0.86223
0.85143
0.84063
0.82983
0.81962
0.80941
0.79919
0.78898
0.77877
0.76855
0.75834
0.74813
0.73792
0.7277
0.71749
0.70728
0.69706
0.68685
0.67664
0.66642
0.65621
0.646
0.63578
0.62557
0.61536
0.60514
0.59493
0.58472
0.5745
0.56429
0.55408
0.54386
0.53365
0.52344
0.51322
0.50301
0.4928
0.48258
0.47237
0.46216
0.45194
0.44173
0.43152
0.42131
0.41109
0.40088
0.39067
0.38045
0.37024
0.36003
0.34981
0.3396
0.32939
0.31917
0.30896
0.29875
0.28853
0.27832
0.26811
0.25789
0.24768
0.23747
0.22725
0.21704
0.20498
0.19293
0.18087
0.16882
0.15676
0.1447
0.13265
0.12059
0.10853
0.096476
0.08442
0.072363
0.060307
0.04825
0.036194
0.024137
0.012081
2.4414e-05
-0.012032
-0.024089
-0.036145
-0.048201
-0.060258
-0.072314
-0.084371
-0.096427
-0.10848
-0.12054
-0.1326
-0.14465
-0.15671
-0.16877
-0.18082
-0.19288
-0.20494
-0.21699
-0.22905
-0.24111
-0.25316
-0.26522
-0.27727
-0.28933
-0.30139
-0.31344
-0.3255
-0.33756
-0.34961
-0.36167
-0.37373
-0.38578
-0.39784
-0.4099
-0.42195
-0.43401
-0.44607
-0.45812
-0.47018
-0.48223
-0.49429
-0.50635
-0.50686
-0.50736
-0.50787
-0.50838
-0.50889
-0.5094
-0.50991
-0.51042
-0.51093
-0.51143
-0.51194
-0.51245
-0.51296
-0.51347
-0.51398
-0.51449
-0.51499
-0.5155
-0.51601
-0.51652
-0.51703
-0.51754
-0.51805
-0.51855
-0.51906
-0.51957
-0.52008
-0.52059
-0.5211
-0.52161
-0.52212
-0.52262
-0.52313
-0.52364
-0.52415
-0.52466
-0.52517
-0.52568
-0.52618
-0.52669
-0.5272
-0.52771
-0.52822
-0.52873
-0.52924
-0.52974
-0.53025
-0.53076
-0.53127
-0.53178
-0.53229
-0.5328
-0.5333
-0.53381
-0.53432
-0.53483
-0.53534
-0.53585
-0.53636
-0.53687
-0.5368
-0.53673
-0.53666
-0.53659
-0.53652
-0.53645
-0.53638
-0.53631
-0.53624
-0.53617
-0.5361
-0.53604
-0.53597
-0.5359
-0.53583
-0.53576
-0.53569
-0.53562
-0.53555
-0.53548
-0.53541
-0.53534
-0.53527
-0.53521
-0.53514
-0.53507
-0.535
-0.53493
-0.53486
-0.53479
-0.53472
-0.53465
-0.53458
-0.53451
-0.53444
-0.53438
-0.53431
-0.53424
-0.53417
-0.5341
-0.53403
-0.53396
-0.53389
-0.53382
-0.53375
-0.53368
-0.53361
-0.53354
-0.53348
-0.53341
-0.53334
-0.53327
-0.5332
-0.53313
-0.53306
-0.53299
-0.53292
-0.53285
-0.53278
-0.53271
-0.53842
-0.54413
-0.54984
-0.55555
-0.56126
-0.56697
-0.57268
-0.57839
-0.58409
-0.5898
-0.59551
-0.60122
-0.60693
-0.61264
-0.61835
-0.62406
-0.62976
-0.63547
-0.64118
-0.64689
-0.6526
-0.65831
-0.66402
-0.66973
-0.67544
-0.68114
-0.68685
-0.69256
-0.69827
-0.70398
-0.70969
-0.7154
-0.72111
-0.72681
-0.73252
-0.73823
-0.74394
-0.74965
-0.75536
-0.76107
-0.76678
-0.77249
-0.77819
-0.7839
-0.78961
-0.79532
-0.80103
-0.80674
-0.81245
-0.81816
-0.82386
-0.82957
-0.83528
-0.84099
-0.8467
-0.85241
-0.85812
-0.86383
-0.86954
-0.87524
-0.86932
-0.8634
-0.85747
-0.85155
-0.84562
-0.8397
-0.83377
-0.82785
-0.82192
-0.816
-0.81007
-0.80415
-0.79823
-0.7923
-0.78638
-0.78045
-0.77453
-0.7686
-0.76268
-0.75675
-0.75083
-0.74491
-0.73898
-0.73306
-0.72713
-0.72121
-0.71528
-0.70936
-0.70343
-0.69751
-0.69159
-0.68566
-0.67974
-0.67381
-0.66789
-0.66196
-0.65604
-0.65011
-0.64419
-0.63826
-0.63234
-0.62642
-0.62049
-0.61457
-0.60864
-0.60272
-0.59679
-0.59087
-0.58494
-0.57902
-0.5731
-0.56717
-0.56125
-0.55532
-0.5494
-0.54347
-0.53755
-0.53162
-0.5257
-0.51978
-0.53023
-0.54069
-0.55115
-0.5616
-0.57206
-0.58252
-0.59298
-0.60343
-0.61389
-0.62435
-0.63481
-0.64526
-0.65572
-0.66618
-0.67664
-0.68709
-0.69755
-0.70801
-0.71847
-0.72892
-0.73938
-0.74984
-0.76029
-0.77075
-0.78121
-0.79167
-0.80212
-0.81258
-0.82304
-0.8335
-0.84395
-0.85441
-0.86487
-0.87533
-0.88578
-0.89624
-0.9067
-0.91715
-0.92761
-0.93807
-0.94853
-0.95898
-0.96944
-0.9799
-0.99036
-1.0008
-1.0113
-1.0217
-1.0322
-1.0426
-1.0531
-1.0636
-1.074
-1.0845
-1.0949
-1.1054
-1.1158
-1.1263
-1.1368
-1.1472
-1.1542
-1.1612
-1.1682
-1.1753
-1.1823
-1.1893
-1.1963
-1.2033
-1.2103
-1.2173
-1.2243
-1.2313
-1.2384
-1.2454
-1.2524
-1.2594
-1.2664
-1.2734
-1.2804
-1.2874
-1.2944
-1.3015
-1.3085
-1.3155
-1.3225
-1.3295
-1.3365
-1.3435
-1.3505
-1.3575
-1.3646
-1.3716
-1.3786
-1.3856
-1.3926
-1.3996
-1.4066
-1.4136
-1.4206
-1.4277
-1.4347
-1.4417
-1.4487
-1.4557
-1.4627
-1.4697
-1.4767
-1.4837
-1.4908
-1.4978
-1.5048
-1.5118
-1.5188
-1.5258
-1.5328
-1.5398
-1.5468
-1.5538
-1.5609
-1.5679
-1.5784
-1.5889
-1.5994
-1.61
-1.6205
-1.631
-1.6415
-1.6521
-1.6626
-1.6731
-1.6836
-1.6941
-1.7047
-1.7152
-1.7257
-1.7362
-1.7468
-1.7573
-1.7678
-1.7783
-1.7888
-1.7994
-1.8099
-1.8204
-1.8309
-1.8415
-1.852
-1.8625
-1.873
-1.8835
-1.8941
-1.9046
-1.9151
-1.9256
-1.9362
-1.9467
-1.9572
-1.9677
-1.9782
-1.9888
-1.9993
-2.0098
-2.0203
-2.0309
-2.0414
-2.0519
-2.0624
-2.0729
-2.0835
-2.094
-2.1045
-2.115
-2.1256
-2.1361
-2.1466
-2.1571
-2.1677
-2.1782
-2.1887
-2.1992
-2.2148
-2.2304
-2.2459
-2.2615
-2.2771
-2.2927
-2.3082
-2.3238
-2.3394
-2.3549
-2.3705
-2.3861
-2.4017
-2.4172
-2.4328
-2.4484
-2.4639
-2.4795
-2.4951
-2.5107
-2.5262
-2.5418
-2.5574
-2.5729
-2.5885
-2.6041
-2.6197
-2.6352
-2.6508
-2.6664
-2.682
-2.6975
-2.7131
-2.7287
-2.7442
-2.7598
-2.7754
-2.791
-2.8065
-2.8221
-2.8377
-2.8532
-2.8688
-2.8844
-2.9
-2.9155
-2.9311
-2.9467
-2.9623
-2.9778
-2.9934
-3.009
-3.0245
-3.0401
-3.0557
-3.0713
-3.0868
-3.1024
-3.118
-3.1335
-3.1113
-3.0891
-3.0669
-3.0447
-3.0225
-3.0003
-2.9781
-2.9559
-2.9337
-2.9115
-2.8893
-2.8671
-2.8449
-2.8227
-2.8005
-2.7783
-2.7561
-2.7339
-2.7117
-2.6895
-2.6672
-2.645
-2.6228
-2.6006
-2.5784
-2.5562
-2.534
-2.5118
-2.4896
-2.4674
-2.4452
-2.423
-2.4008
-2.3786
-2.3564
-2.3342
-2.312
-2.2898
-2.2676
-2.2454
-2.2232
-2.201
-2.1787
-2.1565
-2.1343
-2.1121
-2.0899
-2.0677
-2.0455
-2.0233
-2.0011
-1.9789
-1.9567
-1.9345
-1.9123
-1.8901
-1.8679
-1.8457
-1.8235
-1.8013
-1.81
-1.8188
-1.8275
-1.8363
-1.845
-1.8538
-1.8625
-1.8713
-1.88
-1.8888
-1.8975
-1.9063
-1.9151
-1.9238
-1.9326
-1.9413
-1.9501
-1.9588
-1.9676
-1.9763
-1.9851
-1.9938
-2.0026
-2.0113
-2.0201
-2.0288
-2.0376
-2.0463
-2.0551
-2.0638
-2.0726
-2.0813
-2.0901
-2.0989
-2.1076
-2.1164
-2.1251
-2.1339
-2.1426
-2.1514
-2.1601
-2.1689
-2.1776
-2.1864
-2.1951
-2.2039
-2.2126
-2.2214
-2.2301
-2.2389
-2.2476
-2.2564
-2.2651
-2.2739
-2.2827
-2.2914
-2.3002
-2.3089
-2.3177
-2.3264
-2.373
-2.4196
-2.4662
-2.5127
-2.5593
-2.6059
-2.6525
-2.6991
-2.7457
-2.7922
-2.8388
-2.8854
-2.932
-2.9786
-3.0251
-3.0717
-3.1183
-3.1649
-3.2115
-3.2581
-3.3046
-3.3512
-3.3978
-3.4444
-3.491
-3.5375
-3.5841
-3.6307
-3.6773
-3.7239
-3.7705
-3.817
-3.8636
-3.9102
-3.9568
-4.0034
-4.05
-4.0965
-4.1431
-4.1897
-4.2363
-4.2829
-4.3294
-4.376
-4.4226
-4.4692
-4.5158
-4.5624
-4.6089
-4.6555
-4.7021
-4.7487
-4.7953
-4.8418
-4.8884
-4.935
-4.9816
-5.0282
-5.0748
-5.1213
-5.1447
-5.168
-5.1913
-5.2146
-5.238
-5.2613
-5.2846
-5.3079
-5.3313
-5.3546
-5.3779
-5.4012
-5.4245
-5.4479
-5.4712
-5.4945
-5.5178
-5.5412
-5.5645
-5.5878
-5.6111
-5.6345
-5.6578
-5.6811
-5.7044
-5.7278
-5.7511
-5.7744
-5.7977
-5.821
-5.8444
-5.8677
-5.891
-5.9143
-5.9377
-5.961
-5.9843
-6.0076
-6.031
-6.0543
-6.0776
-6.1009
-6.1243
-6.1476
-6.1709
-6.1942
-6.2175
-6.2409
-6.2642
-6.2875
-6.3108
-6.3342
-6.3575
-6.3808
-6.4041
-6.4275
-6.4508
-6.4741
-6.4974
-6.5208
-6.4934
-6.466
-6.4387
-6.4113
-6.384
-6.3566
-6.3293
-6.3019
-6.2746
-6.2472
-6.2199
-6.1925
-6.1652
-6.1378
-6.1105
-6.0831
-6.0558
-6.0284
-6.0011
-5.9737
-5.9464
-5.919
-5.8917
-5.8643
-5.837
-5.8096
-5.7823
-5.7549
-5.7275
-5.7002
-5.6728
-5.6455
-5.6181
-5.5908
-5.5634
-5.5361
-5.5087
-5.4814
-5.454
-5.4267
-5.3993
-5.372
-5.3446
-5.3173
-5.2899
-5.2626
-5.2352
-5.2079
-5.1805
-5.1532
-5.1258
-5.0985
-5.0711
-5.0437
-5.0164
-4.989
-4.9617
-4.9343
-4.907
-4.8796
-4.8594
-4.8392
-4.8189
-4.7987
-4.7785
-4.7582
-4.738
-4.7178
-4.6975
-4.6773
-4.6571
-4.6368
-4.6166
-4.5963
-4.5761
-4.5559
-4.5356
-4.5154
-4.4952
-4.4749
-4.4547
-4.4345
-4.4142
-4.394
-4.3738
-4.3535
-4.3333
-4.3131
-4.2928
-4.2726
-4.2523
-4.2321
-4.2119
-4.1916
-4.1714
-4.1512
-4.1309
-4.1107
-4.0905
-4.0702
-4.05
-4.0298
-4.0095
-3.9893
-3.9691
-3.9488
-3.9286
-3.9083
-3.8881
-3.8679
-3.8476
-3.8274
-3.8072
-3.7869
-3.7667
-3.7465
-3.7262
-3.706
-3.6858
-3.6655
-3.6464
-3.6272
-3.608
-3.5889
-3.5697
-3.5505
-3.5314
-3.5122
-3.493
-3.4739
-3.4547
-3.4355
-3.4164
-3.3972
-3.3781
-3.3589
-3.3397
-3.3206
-3.3014
-3.2822
-3.2631
-3.2439
-3.2247
-3.2056
-3.1864
-3.1672
-3.1481
-3.1289
-3.1097
-3.0906
-3.0714
-3.0522
-3.0331
-3.0139
-2.9948
-2.9756
-2.9564
-2.9373
-2.9181
-2.8989
-2.8798
-2.8606
-2.8414
-2.8223
-2.8031
-2.7839
-2.7648
-2.7456
-2.7264
-2.7073
-2.6881
-2.6689
-2.6498
-2.6306
-2.6115
-2.5923
-2.5731
-2.554
-2.5348
-2.5156
-2.4773
-2.4391
-2.4008
-2.3625
-2.3242
-2.2859
-2.2477
-2.2094
-2.1711
-2.1328
-2.0945
-2.0562
-2.018
-1.9797
-1.9414
-1.9031
-1.8648
-1.8266
-1.7883
-1.75
-1.7117
-1.6734
-1.6352
-1.5969
-1.5586
-1.5203
-1.482
-1.4437
-1.4055
-1.3672
-1.3289
-1.2906
-1.2523
-1.2141
-1.1758
-1.1375
-1.0992
-1.0609
-1.0227
-0.98437
-0.94609
-0.90781
-0.86953
-0.83125
-0.79297
-0.75469
-0.71641
-0.67813
-0.63984
-0.60156
-0.56328
-0.525
-0.48672
-0.44844
-0.41016
-0.37187
-0.33359
-0.29531
-0.25703
-0.21875
-0.19976
-0.18077
-0.16178
-0.14279
-0.1238
-0.10481
-0.085819
-0.066829
-0.047839
-0.028849
-0.0098592
0.0091309
0.028121
0.047111
0.066101
0.085091
0.10408
0.12307
0.14206
0.16105
0.18004
0.19903
0.21802
0.23701
0.256
0.27499
0.29398
0.31297
0.33196
0.35095
0.36994
0.38893
0.40792
0.42691
0.4459
0.46489
0.48388
0.50287
0.52186
0.54085
0.55984
0.57883
0.59782
0.61681
0.6358
0.65479
0.67378
0.69277
0.71176
0.73075
0.74974
0.76873
0.78772
0.80671
0.8257
0.84469
0.86368
0.88267
0.90166
0.92065
0.9306
0.94055
0.9505
0.96045
0.9704
0.98035
0.9903
1.0002
1.0102
1.0201
1.0301
1.04
1.05
1.0599
1.0699
1.0798
1.0898
1.0997
1.1097
1.1196
1.1296
1.1395
1.1495
1.1594
1.1694
1.1793
1.1893
1.1992
1.2092
1.2191
1.2291
1.239
1.249
1.2589
1.2689
1.2788
1.2888
1.2987
1.3087
1.3186
1.3286
1.3385
1.3484
1.3584
1.3683
1.3783
1.3882
1.3982
1.4081
1.4181
1.428
1.438
1.4479
1.4579
1.4678
1.4778
1.4877
1.4977
1.5076
1.5176
1.5186
1.5195
1.5205
1.5215
1.5225
1.5234
1.5244
1.5254
1.5264
1.5273
1.5283
1.5293
1.5303
1.5312
1.5322
1.5332
1.5342
1.5352
1.5361
1.5371
1.5381
1.5391
1.54
1.541
1.542
1.543
1.5439
1.5449
1.5459
1.5469
1.5479
1.5488
1.5498
1.5508
1.5518
1.5527
1.5537
1.5547
1.5557
1.5566
1.5576
1.5586
1.5596
1.5605
1.5615
1.5625
1.5635
1.5645
1.5654
1.5664
1.5674
1.5684
1.5693
1.5703
1.5713
1.5723
1.5732
1.5742
1.5752
1.5762
1.5765
1.5769
1.5772
1.5775
1.5779
1.5782
1.5786
1.5789
1.5792
1.5796
1.5799
1.5803
1.5806
1.581
1.5813
1.5816
1.582
1.5823
1.5827
1.583
1.5833
1.5837
1.584
1.5844
1.5847
1.5851
1.5854
1.5857
1.5861
1.5864
1.5868
1.5871
1.5875
1.5878
1.5881
1.5885
1.5888
1.5892
1.5895
1.5898
1.5902
1.5905
1.5909
1.5912
1.5916
1.5919
1.5922
1.5926
1.5929
1.5933
1.5936
1.5939
1.5943
1.5946
1.595
1.5953
1.5957
1.596
1.5963
1.5967
1.5794
1.5622
1.5449
1.5277
1.5104
1.4932
1.4759
1.4587
1.4414
1.4242
1.4069
1.3897
1.3724
1.3552
1.338
1.3207
1.3035
1.2862
1.269
1.2517
1.2345
1.2172
1.2
1.1827
1.1655
1.1482
1.131
1.1137
1.0965
1.0792
1.062
1.0447
1.0275
1.0102
0.99298
0.97573
0.95848
0.94124
0.92399
0.90674
0.88949
0.87224
0.85499
0.83774
0.8205
0.80325
0.786
0.76875
0.7515
0.73425
0.717
0.69976
0.68251
0.66526
0.64801
0.63076
0.61351
0.59626
0.57902
0.56177
0.5625
0.56323
0.56396
0.5647
0.56543
0.56616
0.56689
0.56763
0.56836
0.56909
0.56982
0.57056
0.57129
0.57202
0.57275
0.57349
0.57422
0.57495
0.57568
0.57642
0.57715
0.57788
0.57861
0.57935
0.58008
0.58081
0.58154
0.58228
0.58301
0.58374
0.58447
0.58521
0.58594
0.58667
0.5874
0.58813
0.58887
0.5896
0.59033
0.59106
0.5918
0.59253
0.59326
0.59399
0.59473
0.59546
0.59619
0.59692
0.59766
0.59839
0.59912
0.59985
0.60059
0.60132
0.60205
0.60278
0.60352
0.60425
0.60498
0.60571
0.59511
0.58451
0.5739
0.5633
0.55269
0.54209
0.53149
0.52088
0.51028
0.49967
0.48907
0.47847
0.46786
0.45726
0.44666
0.43605
0.42545
0.41484
0.40424
0.39364
0.38303
0.37243
0.36182
0.35122
0.34062
0.33001
0.31941
0.30881
0.2982
0.2876
0.27699
0.26639
0.25579
0.24518
0.23458
0.22397
0.21337
0.20277
0.19216
0.18156
0.17096
0.16035
0.14975
0.13914
0.12854
0.11794
0.10733
0.096729
0.086125
0.075521
0.064917
0.054313
0.043709
0.033105
0.022502
0.011898
0.0012939
-0.0093099
-0.019914
-0.030518
-0.021252
-0.011987
-0.0027222
0.006543
0.015808
0.025073
0.034338
0.043604
0.052869
0.062134
0.071399
0.080664
0.089929
0.099194
0.10846
0.11772
0.12699
0.13625
0.14552
0.15479
0.16405
0.17332
0.18258
0.19185
0.20111
0.21038
0.21964
0.22891
0.23817
0.24744
0.2567
0.26597
0.27523
0.2845
0.29376
0.30303
0.31229
0.32156
0.33082
0.34009
0.34935
0.35862
0.36788
0.37715
0.38641
0.39568
0.40494
0.41421
0.42347
0.43274
0.442
0.45127
0.46053
0.4698
0.47906
0.48833
0.4976
0.50686
0.51613
0.52539
0.53398
0.54256
0.55115
0.55973
0.56832
0.5769
0.58549
0.59408
0.60266
0.61125
0.61983
0.62842
0.637
0.64559
0.65417
0.66276
0.67135
0.67993
0.68852
0.6971
0.70569
0.71427
0.72286
0.73145
0.74003
0.74862
0.7572
0.76579
0.77437
0.78296
0.79154
0.80013
0.80872
0.8173
0.82589
0.83447
0.84306
0.85164
0.86023
0.86882
0.8774
0.88599
0.89457
0.90316
0.91174
0.92033
0.92891
0.9375
0.94609
0.95467
0.96326
0.97184
0.98043
0.98901
0.9976
1.0062
1.0148
1.0234
1.0319
1.0405
1.0389
1.0373
1.0357
1.0341
1.0325
1.0308
1.0292
1.0276
1.026
1.0244
1.0228
1.0211
1.0195
1.0179
1.0163
1.0147
1.0131
1.0115
1.0098
1.0082
1.0066
1.005
1.0034
1.0018
1.0001
0.99853
0.99691
0.9953
0.99368
0.99207
0.99045
0.98883
0.98722
0.9856
0.98399
0.98237
0.98076
0.97914
0.97753
0.97591
0.9743
0.97268
0.97107
0.96945
0.96783
0.96622
0.9646
0.96299
0.96137
0.95976
0.95814
0.95653
0.95491
0.9533
0.95168
0.95007
0.94845
0.94683
0.94522
0.9436
1.0589
1.1741
1.2894
1.4046
1.5199
1.6351
1.7504
1.8656
1.9809
2.0961
2.2114
2.3266
2.4419
2.5571
2.6724
2.7876
2.9029
3.0181
3.1334
3.2486
3.3639
3.4791
3.5944
3.7096
3.8249
3.9401
4.0554
4.1706
4.2859
4.4011
4.5164
4.6316
4.7469
4.8621
4.9774
5.0926
5.2079
5.3231
5.4384
5.5536
5.6689
5.7841
5.8994
6.0146
6.1299
6.2451
6.3604
6.4756
6.5909
6.7061
6.8214
6.9366
7.0519
7.1671
7.2824
7.3976
7.5129
7.6281
7.7434
7.8586
7.8664
7.8742
7.882
7.8897
7.8975
7.9053
7.9131
7.9208
7.9286
7.9364
7.9442
7.952
7.9597
7.9675
7.9753
7.9831
7.9908
7.9986
8.0064
8.0142
8.0219
8.0297
8.0375
8.0453
8.053
8.0608
8.0686
8.0764
8.0841
8.0919
8.0997
8.1075
8.1152
8.123
8.1308
8.1386
8.1464
8.1541
8.1619
8.1697
8.1775
8.1852
8.193
8.2008
8.2086
8.2163
8.2241
8.2319
8.2397
8.2474
8.2552
8.263
8.2708
8.2785
8.2863
8.2941
8.3019
8.3096
8.3174
8.3252
8.3103
8.2954
8.2805
8.2657
8.2508
8.2359
8.221
8.2061
8.1912
8.1764
8.1615
8.1466
8.1317
8.1168
8.1019
8.087
8.0722
8.0573
8.0424
8.0275
8.0126
7.9977
7.9829
7.968
7.9531
7.9382
7.9233
7.9084
7.8935
7.8787
7.8638
7.8489
7.834
7.8191
7.8042
7.7894
7.7745
7.7596
7.7447
7.7298
7.7149
7.7
7.6852
7.6703
7.6554
7.6405
7.6256
7.6107
7.5959
7.581
7.5661
7.5512
7.5363
7.5214
7.5066
7.4917
7.4768
7.4619
7.447
7.4321
7.3336
7.2351
7.1367
7.0382
6.9397
6.8412
6.7427
6.6442
6.5457
6.4472
6.3487
6.2502
6.1518
6.0533
5.9548
5.8563
5.7578
5.6593
5.5608
5.4623
5.3638
5.2653
5.1668
5.0684
4.9699
4.8714
4.7729
4.6744
4.5759
4.4774
4.3789
4.2804
4.1819
4.0835
3.985
3.8865
3.788
3.6895
3.591
3.4925
3.394
3.2955
3.197
3.0986
3.0001
2.9016
2.8031
2.7046
2.6061
2.5076
2.4091
2.3106
2.2121
2.1136
2.0152
1.9167
1.8182
1.7197
1.6212
1.5227
1.5406
1.5586
1.5765
1.5944
1.6123
1.6302
1.6482
1.6661
1.684
1.7019
1.7199
1.7378
1.7557
1.7736
1.7916
1.8095
1.8274
1.8453
1.8633
1.8812
1.8991
1.917
1.935
1.9529
1.9708
1.9887
2.0067
2.0246
2.0425
2.0604
2.0783
2.0963
2.1142
2.1321
2.15
2.168
2.1859
2.2038
2.2217
2.2397
2.2576
2.2755
2.2934
2.3114
2.3293
2.3472
2.3651
2.3831
2.401
2.4189
2.4368
2.4548
2.4727
2.4906
2.5085
2.5264
2.5444
2.5623
2.5802
2.5981
2.581
2.5638
2.5467
2.5295
2.5123
2.4952
2.478
2.4608
2.4437
2.4265
2.4094
2.3922
2.375
2.3579
2.3407
2.3235
2.3064
2.2892
2.272
2.2549
2.2377
2.2206
2.2034
2.1862
2.1691
2.1519
2.1347
2.1176
2.1004
2.0833
2.0661
2.0489
2.0318
2.0146
1.9974
1.9803
1.9631
1.9459
1.9288
1.9116
1.8945
1.8773
1.8601
1.843
1.8258
1.8086
1.7915
1.7743
1.7572
1.74
1.7228
1.7057
1.6885
1.6713
1.6542
1.637
1.6198
1.6027
1.5855
1.5684
1.5261
1.4838
1.4416
1.3993
1.357
1.3148
1.2725
1.2302
1.188
1.1457
1.1034
1.0612
1.0189
0.97665
0.93439
0.89212
0.84986
0.80759
0.76533
0.72306
0.6808
0.63853
0.59627
0.554
0.51174
0.46947
0.42721
0.38494
0.34268
0.30042
0.25815
0.21589
0.17362
0.13136
0.089091
0.046826
0.0045614
-0.037703
-0.079968
-0.12223
-0.1645
-0.20676
-0.24903
-0.29129
-0.33356
-0.37582
-0.41809
-0.46035
-0.50262
-0.54488
-0.58715
-0.62941
-0.67168
-0.71394
-0.75621
-0.79847
-0.84073
-0.883
-0.92526
-0.96753
-1.0188
-1.0702
-1.1215
-1.1728
-1.2241
-1.2754
-1.3268
-1.3781
-1.4294
-1.4807
-1.532
-1.5833
-1.6347
-1.686
-1.7373
-1.7886
-1.8399
-1.8913
-1.9426
-1.9939
-2.0452
-2.0965
-2.1479
-2.1992
-2.2505
-2.3018
-2.3531
-2.4044
-2.4558
-2.5071
-2.5584
-2.6097
-2.661
-2.7124
-2.7637
-2.815
-2.8663
-2.9176
-2.9689
-3.0203
-3.0716
-3.1229
-3.1742
-3.2255
-3.2769
-3.3282
-3.3795
-3.4308
-3.4821
-3.5334
-3.5848
-3.6361
-3.6874
-3.7387
-3.79
-3.8414
-3.8927
-3.944
-3.9953
-4.0466
-4.1361
-4.2255
-4.3149
-4.4043
-4.4938
-4.5832
-4.6726
-4.7621
-4.8515
-4.9409
-5.0303
-5.1198
-5.2092
-5.2986
-5.3881
-5.4775
-5.5669
-5.6563
-5.7458
-5.8352
-5.9246
-6.0141
-6.1035
-6.1929
-6.2823
-6.3718
-6.4612
-6.5506
-6.6401
-6.7295
-6.8189
-6.9083
-6.9978
-7.0872
-7.1766
-7.2661
-7.3555
-7.4449
-7.5344
-7.6238
-7.7132
-7.8026
-7.8921
-7.9815
-8.0709
-8.1604
-8.2498
-8.3392
-8.4286
-8.5181
-8.6075
-8.6969
-8.7864
-8.8758
-8.9652
-9.0546
-9.1441
-9.2335
-9.3229
-9.4124
-9.3991
-9.3858
-9.3725
-9.3592
-9.3459
-9.3326
-9.3193
-9.306
-9.2927
-9.2794
-9.2661
-9.2528
-9.2395
-9.2262
-9.2129
-9.1996
-9.1863
-9.173
-9.1597
-9.1464
-9.1331
-9.1198
-9.1065
-9.0932
-9.0799
-9.0666
-9.0533
-9.04
-9.0267
-9.0134
-9.0001
-8.9868
-8.9735
-8.9602
-8.9469
-8.9336
-8.9203
-8.907
-8.8937
-8.8805
-8.8672
-8.8539
-8.8406
-8.8273
-8.814
-8.8007
-8.7874
-8.7741
-8.7608
-8.7475
-8.7342
-8.7209
-8.7076
-8.6943
-8.681
-8.6677
-8.6544
-8.6411
-8.6278
-8.6145
-8.6382
-8.662
-8.6857
-8.7095
-8.7332
-8.757
-8.7807
-8.8045
-8.8282
-8.852
-8.8757
-8.8995
-8.9232
-8.947
-8.9707
-8.9944
-9.0182
-9.0419
-9.0657
-9.0894
-9.1132
-9.1369
-9.1607
-9.1844
-9.2082
-9.2319
-9.2557
-9.2794
-9.3032
-9.3269
-9.3507
-9.3744
-9.3981
-9.4219
-9.4456
-9.4694
-9.4931
-9.5169
-9.5406
-9.5644
-9.5881
-9.6119
-9.6356
-9.6594
-9.6831
-9.7069
-9.7306
-9.7543
-9.7781
-9.8018
-9.8256
-9.8493
-9.8731
-9.8968
-9.9206
-9.9443
-9.9681
-9.9918
-10.016
-10.039
-10.025
-10.01
-9.996
-9.9816
-9.9672
-9.9528
-9.9383
-9.9239
-9.9095
-9.8951
-9.8806
-9.8662
-9.8518
-9.8374
-9.8229
-9.8085
-9.7941
-9.7797
-9.7652
-9.7508
-9.7364
-9.722
-9.7075
-9.6931
-9.6787
-9.6643
-9.6498
-9.6354
-9.621
-9.6066
-9.5921
-9.5777
-9.5633
-9.5489
-9.5344
-9.52
-9.5056
-9.4912
-9.4767
-9.4623
-9.4479
-9.4335
-9.419
-9.4046
-9.3902
-9.3758
-9.3613
-9.3469
-9.3325
-9.3181
-9.3036
-9.2892
-9.2748
-9.2604
-9.246
-9.2315
-9.2171
-9.2027
-9.1883
-9.1738
-9.1263
-9.0788
-9.0312
-8.9837
-8.9361
-8.8886
-8.8411
-8.7935
-8.746
-8.6984
-8.6509
-8.6034
-8.5558
-8.5083
-8.4608
-8.4132
-8.3657
-8.3181
-8.2706
-8.2231
-8.1755
-8.128
-8.0804
-8.0329
-7.9854
-7.9378
-7.8903
-7.8428
-7.7952
-7.7477
-7.7001
-7.6526
-7.6051
-7.5575
-7.51
-7.4625
-7.4149
-7.3674
-7.3198
-7.2723
-7.2248
-7.1772
-7.1297
-7.0821
-7.0346
-6.9871
-6.9395
-6.892
-6.8445
-6.7969
-6.7494
-6.7018
-6.6543
-6.6068
-6.5592
-6.5117
-6.4641
-6.4166
-6.3691
-6.3215
-6.3172
-6.3128
-6.3085
-6.3041
-6.2997
-6.2954
-6.291
-6.2867
-6.2823
-6.278
-6.2736
-6.2692
-6.2649
-6.2605
-6.2562
-6.2518
-6.2474
-6.2431
-6.2387
-6.2344
-6.23
-6.2257
-6.2213
-6.2169
-6.2126
-6.2082
-6.2039
-6.1995
-6.1952
-6.1908
-6.1864
-6.1821
-6.1777
-6.1734
-6.169
-6.1646
-6.1603
-6.1559
-6.1516
-6.1472
-6.1429
-6.1385
-6.1341
-6.1298
-6.1254
-6.1211
-6.1167
-6.1124
-6.108
-6.1036
-6.0993
-6.0949
-6.0906
-6.0862
-6.0818
-6.0775
-6.0731
-6.0688
-6.0644
-6.0601
-6.2804
-6.5008
-6.7212
-6.9415
-7.1619
-7.3823
-7.6026
-7.823
-8.0434
-8.2638
-8.4841
-8.7045
-8.9249
-9.1452
-9.3656
-9.586
-9.8063
-10.027
-10.247
-10.467
-10.688
-10.908
-11.129
-11.349
-11.569
-11.79
-12.01
-12.23
-12.451
-12.671
-12.892
-13.112
-13.332
-13.553
-13.773
-13.993
-14.214
-14.434
-14.654
-14.875
-15.095
-15.316
-15.536
-15.756
-15.977
-16.197
-16.417
-16.638
-16.858
-17.079
-17.299
-17.519
-17.74
-17.96
-18.18
-18.401
-18.621
-18.841
-19.062
-19.282
-19.132
-18.982
-18.832
-18.682
-18.532
-18.382
-18.232
-18.082
-17.932
-17.781
-17.631
-17.481
-17.331
-17.181
-17.031
-16.881
-16.731
-16.581
-16.431
-16.281
-16.131
-15.981
-15.831
-15.68
-15.53
-15.38
-15.23
-15.08
-14.93
-14.78
-14.63
-14.48
-14.33
-14.18
-14.03
-13.88
-13.73
-13.579
-13.429
-13.279
-13.129
-12.979
-12.829
-12.679
-12.529
-12.379
-12.229
-12.079
-11.929
-11.779
-11.628
-11.478
-11.328
-11.178
-11.028
-10.878
-10.728
-10.578
-10.428
-10.278
-10.091
-9.9036
-9.7165
-9.5294
-9.3423
-9.1552
-8.9681
-8.781
-8.5939
-8.4068
-8.2197
-8.0326
-7.8455
-7.6584
-7.4713
-7.2841
-7.097
-6.9099
-6.7228
-6.5357
-6.3486
-6.1615
-5.9744
-5.7873
-5.6002
-5.4131
-5.226
-5.0389
-4.8518
-4.6647
-4.4776
-4.2905
-4.1034
-3.9163
-3.7291
-3.542
-3.3549
-3.1678
-2.9807
-2.7936
-2.6065
-2.4194
-2.2323
-2.0452
-1.8581
-1.671
-1.4839
-1.2968
-1.1097
-0.92257
-0.73546
-0.54836
-0.36125
-0.17415
0.01296
0.20007
0.38717
0.57428
0.76138
0.94849
1.0221
1.0956
1.1692
1.2428
1.3164
1.39
1.4635
1.5371
1.6107
1.6843
1.7579
1.8314
1.905
1.9786
2.0522
2.1258
2.1993
2.2729
2.3465
2.4201
2.4937
2.5672
2.6408
2.7144
2.788
2.8616
2.9351
3.0087
3.0823
3.1559
3.2295
3.303
3.3766
3.4502
3.5238
3.5974
3.6709
3.7445
3.8181
3.8917
3.9653
4.0388
4.1124
4.186
4.2596
4.3332
4.4067
4.4803
4.5539
4.6275
4.7011
4.7746
4.8482
4.9218
4.9954
5.069
5.1425
5.2161
5.2897
5.3633
5.4023
5.4414
5.4805
5.5195
5.5586
5.5977
5.6367
5.6758
5.7149
5.7539
5.793
5.8321
5.8711
5.9102
5.9493
5.9883
6.0274
6.0665
6.1055
6.1446
6.1837
6.2227
6.2618
6.3009
6.3399
6.379
6.4181
6.4571
6.4962
6.5353
6.5743
6.6134
6.6525
6.6915
6.7306
6.7697
6.8087
6.8478
6.8869
6.9259
6.965
7.0041
7.0431
7.0822
7.1213
7.1603
7.1994
7.2385
7.2775
7.3166
7.3557
7.3947
7.4338
7.4729
7.5119
7.551
7.5901
7.6291
7.6682
7.7073
7.7582
7.8092
7.8602
7.9111
7.9621
8.013
8.064
8.115
8.1659
8.2169
8.2678
8.3188
8.3698
8.4207
8.4717
8.5226
8.5736
8.6246
8.6755
8.7265
8.7774
8.8284
8.8794
8.9303
8.9813
9.0322
9.0832
9.1342
9.1851
9.2361
9.287
9.338
9.389
9.4399
9.4909
9.5418
9.5928
9.6438
9.6947
9.7457
9.7966
9.8476
9.8986
9.9495
10
10.051
10.102
10.153
10.204
10.255
10.306
10.357
10.408
10.459
10.51
10.561
10.612
10.663
10.714
10.765
10.888
11.011
11.134
11.257
11.38
11.504
11.627
11.75
11.873
11.996
12.119
12.242
12.365
12.488
12.612
12.735
12.858
12.981
13.104
13.227
13.35
13.473
13.596
13.719
13.843
13.966
14.089
14.212
14.335
14.458
14.581
14.704
14.827
14.951
15.074
15.197
15.32
15.443
15.566
15.689
15.812
15.935
16.059
16.182
16.305
16.428
16.551
16.674
16.797
16.92
17.043
17.167
17.29
17.413
17.536
17.659
17.782
17.905
18.028
18.151
18.201
18.25
18.3
18.349
18.398
18.448
18.497
18.547
18.596
18.645
18.695
18.744
18.794
18.843
18.892
18.942
18.991
19.041
19.09
19.139
19.189
19.238
19.288
19.337
19.386
19.436
19.485
19.535
19.584
19.633
19.683
19.732
19.782
19.831
19.88
19.93
19.979
20.029
20.078
20.127
20.177
20.226
20.276
20.325
20.374
20.424
20.473
20.523
20.572
20.621
20.671
20.72
20.77
20.819
20.868
20.918
20.967
21.017
21.066
21.115
21.169
21.223
21.277
21.331
21.385
21.439
21.493
21.547
21.601
21.655
21.709
21.763
21.817
21.871
21.925
21.978
22.032
22.086
22.14
22.194
22.248
22.302
22.356
22.41
22.464
22.518
22.572
22.626
22.68
22.734
22.788
22.842
22.895
22.949
23.003
23.057
23.111
23.165
23.219
23.273
23.327
23.381
23.435
23.489
23.543
23.597
23.651
23.705
23.758
23.812
23.866
23.92
23.974
24.028
24.082
24.136
24.19
24.244
24.298
24.352
24.293
24.235
24.176
24.118
24.059
24.001
23.942
23.884
23.825
23.766
23.708
23.649
23.591
23.532
23.474
23.415
23.357
23.298
23.24
23.181
23.123
23.064
23.005
22.947
22.888
22.83
22.771
22.713
22.654
22.596
22.537
22.479
22.42
22.362
22.303
22.244
22.186
22.127
22.069
22.01
21.952
21.893
21.835
21.776
21.718
21.659
21.601
21.542
21.484
21.425
21.366
21.308
21.249
21.191
21.132
21.074
21.015
20.957
20.898
20.84
20.862
20.884
20.906
20.928
20.951
20.973
20.995
21.017
21.04
21.062
21.084
21.106
21.129
21.151
21.173
21.195
21.217
21.24
21.262
21.284
21.306
21.329
21.351
21.373
21.395
21.417
21.44
21.462
21.484
21.506
21.529
21.551
21.573
21.595
21.617
21.64
21.662
21.684
21.706
21.729
21.751
21.773
21.795
21.817
21.84
21.862
21.884
21.906
21.929
21.951
21.973
21.995
22.018
22.04
22.062
22.084
22.106
22.129
22.151
22.173
22.169
22.165
22.161
22.157
22.153
22.149
22.145
22.141
22.137
22.133
22.129
22.125
22.121
22.117
22.114
22.11
22.106
22.102
22.098
22.094
22.09
22.086
22.082
22.078
22.074
22.07
22.066
22.062
22.058
22.054
22.05
22.046
22.042
22.038
22.034
22.03
22.026
22.022
22.018
22.014
22.01
22.006
22.002
21.998
21.994
21.99
21.986
21.982
21.978
21.975
21.971
21.967
21.963
21.959
21.955
21.951
21.947
21.943
21.939
21.935
21.705
21.475
21.245
21.014
20.784
20.554
20.324
20.094
19.864
19.634
19.404
19.174
18.944
18.714
18.484
18.253
18.023
17.793
17.563
17.333
17.103
16.873
16.643
16.413
16.183
15.953
15.722
15.492
15.262
15.032
14.802
14.572
14.342
14.112
13.882
13.652
13.422
13.192
12.961
12.731
12.501
12.271
12.041
11.811
11.581
11.351
11.121
10.891
10.661
10.431
10.2
9.9703
9.7402
9.5102
9.2801
9.05
8.8199
8.5898
8.3597
8.1296
8.1377
8.1457
8.1537
8.1617
8.1697
8.1777
8.1857
8.1937
8.2017
8.2098
8.2178
8.2258
8.2338
8.2418
8.2498
8.2578
8.2658
8.2739
8.2819
8.2899
8.2979
8.3059
8.3139
8.3219
8.3299
8.3379
8.346
8.354
8.362
8.37
8.378
8.386
8.394
8.402
8.4101
8.4181
8.4261
8.4341
8.4421
8.4501
8.4581
8.4661
8.4741
8.4822
8.4902
8.4982
8.5062
8.5142
8.5222
8.5302
8.5382
8.5463
8.5543
8.5623
8.5703
8.5783
8.5863
8.5943
8.6023
8.6104
8.5828
8.5553
8.5278
8.5003
8.4728
8.4453
8.4177
8.3902
8.3627
8.3352
8.3077
8.2802
8.2527
8.2251
8.1976
8.1701
8.1426
8.1151
8.0876
8.0601
8.0325
8.005
7.9775
7.95
7.9225
7.895
7.8675
7.8399
7.8124
7.7849
7.7574
7.7299
7.7024
7.6749
7.6473
7.6198
7.5923
7.5648
7.5373
7.5098
7.4823
7.4547
7.4272
7.3997
7.3722
7.3447
7.3172
7.2896
7.2621
7.2346
7.2071
7.1796
7.1521
7.1246
7.097
7.0695
7.042
7.0145
6.987
6.9595
6.8814
6.8034
6.7253
6.6473
6.5693
6.4912
6.4132
6.3351
6.2571
6.179
6.101
6.0229
5.9449
5.8669
5.7888
5.7108
5.6327
5.5547
5.4766
5.3986
5.3206
5.2425
5.1645
5.0864
5.0084
4.9303
4.8523
4.7743
4.6962
4.6182
4.5401
4.4621
4.384
4.306
4.2279
4.1499
4.0719
3.9938
3.9158
3.8377
3.7597
3.6816
3.6036
3.5256
3.4475
3.3695
3.2914
3.2134
3.1353
3.0573
2.9792
2.9012
2.8232
2.7451
2.6671
2.589
2.511
2.4329
2.3549
2.2769
