6.8195
6.8151
6.8107
6.8064
6.802
6.7976
6.7932
6.7888
6.7845
6.7801
6.7757
6.7714
6.767
6.7626
6.7582
6.7539
6.7495
6.7452
6.7408
6.7364
6.7321
6.7277
6.7234
6.719
6.7147
6.7103
6.706
6.7016
6.6973
6.6929
6.6886
6.6842
6.6799
6.6756
6.6712
6.6669
6.6625
6.6582
6.6539
6.6496
6.6452
6.6409
6.6366
6.6323
6.6279
6.6236
6.6193
6.615
6.6107
6.6063
6.602
6.5977
6.5934
6.5891
6.5848
6.5805
6.5762
6.5719
6.5676
6.5633
6.559
6.5563
6.5536
6.5509
6.5481
6.5454
6.5427
6.54
6.5373
6.5346
6.5318
6.5291
6.5264
6.5237
6.521
6.5183
6.5155
6.5128
6.5101
6.5074
6.5047
6.502
6.4992
6.4965
6.4938
6.4911
6.4884
6.4857
6.4829
6.4802
6.4775
6.4748
6.4721
6.4694
6.4666
6.4639
6.4612
6.4585
6.4558
6.4531
6.4503
6.4476
6.4449
6.4422
6.4395
6.4368
6.4341
6.4313
6.4286
6.4259
6.4232
6.4205
6.4178
6.415
6.4123
6.4096
6.4069
6.4042
6.4015
6.3988
6.396
6.3917
6.3874
6.383
6.3787
6.3744
6.3701
6.3657
6.3614
6.3571
6.3527
6.3484
6.3441
6.3397
6.3354
6.3311
6.3267
6.3224
6.3181
6.3138
6.3094
6.3051
6.3008
6.2964
6.2921
6.2878
6.2834
6.2791
6.2748
6.2705
6.2661
6.2618
6.2575
6.2531
6.2488
6.2445
6.2401
6.2358
6.2315
6.2272
6.2228
6.2185
6.2142
6.2098
6.2055
6.2012
6.1968
6.1925
6.1882
6.1839
6.1795
6.1752
6.1709
6.1665
6.1622
6.1579
6.1535
6.1492
6.1449
6.1406
6.1362
6.1337
6.1312
6.1287
6.1262
6.1237
6.1212
6.1187
6.1163
6.1138
6.1113
6.1088
6.1063
6.1038
6.1013
6.0988
6.0963
6.0938
6.0913
6.0888
6.0863
6.0838
6.0813
6.0788
6.0763
6.0739
6.0714
6.0689
6.0664
6.0639
6.0614
6.0589
6.0564
6.0539
6.0514
6.0489
6.0464
6.044
6.0415
6.039
6.0365
6.034
6.0315
6.029
6.0265
6.024
6.0215
6.0191
6.0166
6.0141
6.0116
6.0091
6.0066
6.0041
6.0016
5.9991
5.9967
5.9942
5.9917
5.9892
5.9867
5.9841
5.9814
5.9788
5.9761
5.9735
5.9708
5.9682
5.9655
5.9629
5.9602
5.9576
5.9549
5.9523
5.9496
5.947
5.9443
5.9417
5.939
5.9364
5.9337
5.9311
5.9285
5.9258
5.9232
5.9205
5.9179
5.9153
5.9126
5.91
5.9073
5.9047
5.9021
5.8994
5.8968
5.8941
5.8915
5.8889
5.8862
5.8836
5.881
5.8783
5.8757
5.8731
5.8704
5.8678
5.8652
5.8625
5.8599
5.8573
5.8546
5.852
5.8494
5.8468
5.8441
5.8415
5.8389
5.8362
5.8336
5.831
5.8284
5.8311
5.8338
5.8365
5.8392
5.8419
5.8446
5.8473
5.85
5.8527
5.8554
5.8581
5.8608
5.8636
5.8663
5.869
5.8717
5.8744
5.8771
5.8799
5.8826
5.8853
5.888
5.8908
5.8935
5.8962
5.899
5.9017
5.9044
5.9072
5.9099
5.9126
5.9154
5.9181
5.9209
5.9236
5.9263
5.9291
5.9318
5.9346
5.9373
5.9401
5.9428
5.9456
5.9483
5.9511
5.9539
5.9566
5.9594
5.9621
5.9649
5.9677
5.9704
5.9732
5.976
5.9787
5.9815
5.9843
5.987
5.9898
5.9926
5.9904
5.9883
5.9861
5.984
5.9818
5.9797
5.9776
5.9754
5.9733
5.9712
5.9691
5.967
5.9649
5.9628
5.9607
5.9586
5.9565
5.9544
5.9524
5.9503
5.9482
5.9462
5.9441
5.9421
5.94
5.938
5.9359
5.9339
5.9319
5.9298
5.9278
5.9258
5.9238
5.9218
5.9198
5.9178
5.9158
5.9138
5.9118
5.9099
5.9079
5.9059
5.904
5.902
5.9001
5.8981
5.8962
5.8942
5.8923
5.8904
5.8885
5.8865
5.8846
5.8827
5.8808
5.8789
5.877
5.8751
5.8733
5.8714
5.8759
5.8804
5.885
5.8895
5.894
5.8986
5.9031
5.9076
5.9121
5.9167
5.9212
5.9257
5.9303
5.9348
5.9393
5.9439
5.9484
5.953
5.9575
5.962
5.9666
5.9711
5.9756
5.9802
5.9847
5.9893
5.9938
5.9983
6.0029
6.0074
6.012
6.0165
6.021
6.0256
6.0301
6.0347
6.0392
6.0438
6.0483
6.0528
6.0574
6.0619
6.0665
6.071
6.0756
6.0801
6.0847
6.0892
6.0938
6.0983
6.1029
6.1074
6.112
6.1165
6.1211
6.1256
6.1302
6.1347
6.1393
6.1438
6.1472
6.1506
6.154
6.1574
6.1608
6.1642
6.1676
6.171
6.1744
6.1778
6.1812
6.1846
6.188
6.1914
6.1948
6.1982
6.2016
6.2051
6.2085
6.2119
6.2153
6.2187
6.2221
6.2255
6.2289
6.2323
6.2357
6.2391
6.2425
6.2459
6.2493
6.2527
6.2561
6.2595
6.263
6.2664
6.2698
6.2732
6.2766
6.28
6.2834
6.2868
6.2902
6.2936
6.2971
6.3005
6.3039
6.3073
6.3107
6.3141
6.3175
6.3209
6.3244
6.3278
6.3312
6.3346
6.338
6.3414
6.3448
6.3483
6.3486
6.349
6.3493
6.3497
6.35
6.3504
6.3507
6.3511
6.3515
6.3518
6.3522
6.3525
6.3529
6.3533
6.3536
6.354
6.3543
6.3547
6.3551
6.3554
6.3558
6.3562
6.3566
6.3569
6.3573
6.3577
6.358
6.3584
6.3588
6.3592
6.3595
6.3599
6.3603
6.3607
6.361
6.3614
6.3618
6.3622
6.3626
6.363
6.3633
6.3637
6.3641
6.3645
6.3649
6.3653
6.3657
6.366
6.3664
6.3668
6.3672
6.3676
6.368
6.3684
6.3688
6.3692
6.3696
6.37
6.3704
6.3708
6.3728
6.3748
6.3768
6.3788
6.3808
6.3828
6.3848
6.3868
6.3889
6.3909
6.3929
6.3949
6.397
6.399
6.401
6.4031
6.4051
6.4072
6.4092
6.4113
6.4133
6.4154
6.4175
6.4195
6.4216
6.4237
6.4257
6.4278
6.4299
6.432
6.4341
6.4362
6.4382
6.4403
6.4424
6.4445
6.4466
6.4487
6.4509
6.453
6.4551
6.4572
6.4593
6.4614
6.4636
6.4657
6.4678
6.47
6.4721
6.4742
6.4764
6.4785
6.4807
6.4828
6.485
6.4871
6.4893
6.4915
6.4936
6.4958
6.4969
6.4981
6.4992
6.5003
6.5015
6.5026
6.5037
6.5049
6.506
6.5071
6.5083
6.5094
6.5105
6.5117
6.5128
6.5139
6.5151
6.5162
6.5174
6.5185
6.5196
6.5208
6.5219
6.523
6.5242
6.5253
6.5264
6.5276
6.5287
6.5298
6.531
6.5321
6.5332
6.5344
6.5355
6.5366
6.5378
6.5389
6.5401
6.5412
6.5423
6.5435
6.5446
6.5457
6.5469
6.548
6.5491
6.5503
6.5514
6.5525
6.5537
6.5548
6.556
6.5571
6.5582
6.5594
6.5605
6.5616
6.5628
6.5639
6.567
6.5701
6.5732
6.5763
6.5794
6.5825
6.5856
6.5887
6.5917
6.5948
6.5979
6.601
6.6041
6.6072
6.6103
6.6134
6.6165
6.6196
6.6227
6.6258
6.6289
6.632
6.6351
6.6382
6.6413
6.6444
6.6474
6.6505
6.6536
6.6567
6.6598
6.6629
6.666
6.6691
6.6722
6.6753
6.6784
6.6815
6.6846
6.6877
6.6908
6.6939
6.697
6.7001
6.7032
6.7063
6.7094
6.7125
6.7156
6.7187
6.7218
6.7248
6.7279
6.731
6.7341
6.7372
6.7403
6.7434
6.7465
6.7496
6.7562
6.7627
6.7693
6.7758
6.7824
6.7889
6.7955
6.802
6.8086
6.8151
6.8217
6.8282
6.8348
6.8413
6.8479
6.8544
6.861
6.8675
6.8741
6.8806
6.8872
6.8937
6.9003
6.9068
6.9134
6.9199
6.9265
6.933
6.9396
6.9462
6.9527
6.9593
6.9658
6.9724
6.9789
6.9855
6.992
6.9986
7.0051
7.0117
7.0183
7.0248
7.0314
7.0379
7.0445
7.051
7.0576
7.0641
7.0707
7.0773
7.0838
7.0904
7.0969
7.1035
7.1101
7.1166
7.1232
7.1297
7.1363
7.1428
7.1435
7.1442
7.1449
7.1456
7.1463
7.147
7.1478
7.1485
7.1492
7.1499
7.1506
7.1514
7.1521
7.1528
7.1536
7.1543
7.1551
7.1558
7.1566
7.1574
7.1581
7.1589
7.1597
7.1604
7.1612
7.162
7.1628
7.1636
7.1644
7.1652
7.166
7.1668
7.1676
7.1684
7.1692
7.17
7.1709
7.1717
7.1725
7.1734
7.1742
7.1751
7.1759
7.1767
7.1776
7.1785
7.1793
7.1802
7.1811
7.1819
7.1828
7.1837
7.1846
7.1855
7.1864
7.1872
7.1881
7.189
7.19
7.1909
7.1949
7.199
7.2031
7.2072
7.2112
7.2153
7.2194
7.2235
7.2275
7.2316
7.2357
7.2397
7.2438
7.2479
7.252
7.256
7.2601
7.2642
7.2683
7.2723
7.2764
7.2805
7.2846
7.2886
7.2927
7.2968
7.3009
7.3049
7.309
7.3131
7.3171
7.3212
7.3253
7.3294
7.3334
7.3375
7.3416
7.3457
7.3497
7.3538
7.3579
7.362
7.366
7.3701
7.3742
7.3783
7.3823
7.3864
7.3905
7.3946
7.3986
7.4027
7.4068
7.4109
7.4149
7.419
7.4231
7.4272
7.4312
7.4353
7.4388
7.4423
7.4458
7.4493
7.4528
7.4563
7.4599
7.4634
7.4669
7.4704
7.4739
7.4774
7.481
7.4845
7.488
7.4915
7.4951
7.4986
7.5021
7.5056
7.5092
7.5127
7.5162
7.5198
7.5233
7.5268
7.5304
7.5339
7.5375
7.541
7.5445
7.5481
7.5516
7.5552
7.5587
7.5623
7.5658
7.5694
7.5729
7.5765
7.58
7.5836
7.5872
7.5907
7.5943
7.5978
7.6014
7.605
7.6085
7.6121
7.6157
7.6192
7.6228
7.6264
7.63
7.6335
7.6371
7.6407
7.6443
7.6478
7.65
7.6522
7.6544
7.6566
7.6587
7.6609
7.6631
7.6653
7.6675
7.6696
7.6718
7.674
7.6762
7.6784
7.6805
7.6827
7.6849
7.6871
7.6893
7.6915
7.6936
7.6958
7.698
7.7002
7.7024
7.7045
7.7067
7.7089
7.7111
7.7133
7.7154
7.7176
7.7198
7.722
7.7242
7.7264
7.7285
7.7307
7.7329
7.7351
7.7373
7.7394
7.7416
7.7438
7.746
7.7482
7.7504
7.7525
7.7547
7.7569
7.7591
7.7613
7.7634
7.7656
7.7678
7.77
7.7722
7.7744
7.7765
7.7787
7.7796
7.7805
7.7814
7.7823
7.7832
7.7841
7.785
7.7859
7.7868
7.7878
7.7887
7.7896
7.7905
7.7914
7.7923
7.7933
7.7942
7.7951
7.796
7.7969
7.7979
7.7988
7.7997
7.8007
7.8016
7.8025
7.8035
7.8044
7.8053
7.8063
7.8072
7.8082
7.8091
7.8101
7.811
7.812
7.8129
7.8139
7.8148
7.8158
7.8167
7.8177
7.8187
7.8196
7.8206
7.8216
7.8225
7.8235
7.8245
7.8254
7.8264
7.8274
7.8284
7.8293
7.8303
7.8313
7.8323
7.8333
7.8342
7.8352
7.8365
7.8378
7.8392
7.8405
7.8418
7.8431
7.8444
7.8457
7.847
7.8484
7.8497
7.851
7.8523
7.8536
7.8549
7.8563
7.8576
7.8589
7.8602
7.8615
7.8629
7.8642
7.8655
7.8668
7.8681
7.8695
7.8708
7.8721
7.8734
7.8748
7.8761
7.8774
7.8788
7.8801
7.8814
7.8827
7.8841
7.8854
7.8867
7.8881
7.8894
7.8907
7.8921
7.8934
7.8948
7.8961
7.8974
7.8988
7.9001
7.9014
7.9028
7.9041
7.9055
7.9068
7.9081
7.9095
7.9108
7.9122
7.9135
7.9149
7.9139
7.9129
7.912
7.911
7.91
7.9091
7.9081
7.9071
7.9062
7.9052
7.9043
7.9033
7.9023
7.9014
7.9004
7.8994
7.8985
7.8975
7.8965
7.8956
7.8946
7.8936
7.8927
7.8917
7.8908
7.8898
7.8888
7.8879
7.8869
7.8859
7.885
7.884
7.883
7.8821
7.8811
7.8801
7.8792
7.8782
7.8773
7.8763
7.8753
7.8744
7.8734
7.8724
7.8715
7.8705
7.8696
7.8686
7.8676
7.8667
7.8657
7.8647
7.8638
7.8628
7.8618
7.8609
7.8599
7.859
7.858
7.857
7.8551
7.8532
7.8513
7.8494
7.8476
7.8457
7.8438
7.8419
7.84
7.8381
7.8363
7.8344
7.8325
7.8307
7.8288
7.8269
7.8251
7.8232
7.8214
7.8195
7.8177
7.8158
7.814
7.8121
7.8103
7.8085
7.8066
7.8048
7.803
7.8011
7.7993
7.7975
7.7957
7.7939
7.7921
7.7903
7.7885
7.7867
7.7849
7.7831
7.7813
7.7795
7.7777
7.7759
7.7741
7.7723
7.7706
7.7688
7.767
7.7652
7.7635
7.7617
7.7599
7.7582
7.7564
7.7547
7.7529
7.7512
7.7494
7.7477
7.7387
7.7297
7.7207
7.7117
7.7026
7.6936
7.6846
7.6756
7.6666
7.6576
7.6486
7.6396
7.6306
7.6216
7.6126
7.6036
7.5946
7.5856
7.5766
7.5676
7.5586
7.5496
7.5406
7.5317
7.5227
7.5137
7.5047
7.4957
7.4867
7.4777
7.4687
7.4598
7.4508
7.4418
7.4328
7.4238
7.4148
7.4059
7.3969
7.3879
7.3789
7.37
7.361
7.352
7.343
7.3341
7.3251
7.3161
7.3072
7.2982
7.2892
7.2803
7.2713
7.2623
7.2534
7.2444
7.2355
7.2265
7.2175
7.2086
7.2051
7.2016
7.1981
7.1947
7.1912
7.1877
7.1842
7.1807
7.1773
7.1738
7.1703
7.1668
7.1634
7.1599
7.1564
7.153
7.1495
7.146
7.1425
7.1391
7.1356
7.1321
7.1287
7.1252
7.1218
7.1183
7.1148
7.1114
7.1079
7.1045
7.101
7.0975
7.0941
7.0906
7.0872
7.0837
7.0803
7.0768
7.0734
7.0699
7.0665
7.063
7.0596
7.0562
7.0527
7.0493
7.0458
7.0424
7.0389
7.0355
7.0321
7.0286
7.0252
7.0218
7.0183
7.0149
7.0115
7.008
7.0046
7.0012
6.9973
6.9934
6.9895
6.9857
6.9818
6.9779
6.974
6.9702
6.9663
6.9624
6.9585
6.9547
6.9508
6.9469
6.9431
6.9392
6.9354
6.9315
6.9276
6.9238
6.9199
6.9161
6.9122
6.9084
6.9045
6.9007
6.8968
6.893
6.8891
6.8853
6.8814
6.8776
6.8738
6.8699
6.8661
6.8623
6.8584
6.8546
6.8508
6.8469
6.8431
6.8393
6.8354
6.8316
6.8278
6.824
6.8201
6.8163
6.8125
6.8087
6.8049
6.8011
6.7973
6.7934
6.7896
6.7858
6.782
6.7782
6.7744
6.7706
6.7696
6.7686
6.7676
6.7667
6.7657
6.7647
6.7637
6.7628
6.7618
6.7608
6.7599
6.7589
6.758
6.757
6.7561
6.7551
6.7542
6.7532
6.7523
6.7514
6.7504
6.7495
6.7486
6.7476
6.7467
6.7458
6.7449
6.744
6.7431
6.7422
6.7412
6.7403
6.7394
6.7386
6.7377
6.7368
6.7359
6.735
6.7341
6.7332
6.7324
6.7315
6.7306
6.7297
6.7289
6.728
6.7272
6.7263
6.7255
6.7246
6.7238
6.7229
6.7221
6.7212
6.7204
6.7196
6.7187
6.7179
6.7171
6.7163
6.7137
6.7111
6.7085
6.706
6.7034
6.7008
6.6983
6.6957
6.6931
6.6905
6.688
6.6854
6.6828
6.6803
6.6777
6.6751
6.6726
6.67
6.6674
6.6649
6.6623
6.6598
6.6572
6.6546
6.6521
6.6495
6.6469
6.6444
6.6418
6.6393
6.6367
6.6341
6.6316
6.629
6.6265
6.6239
6.6214
6.6188
6.6163
6.6137
6.6111
6.6086
6.606
6.6035
6.6009
6.5984
6.5958
6.5933
6.5907
6.5882
6.5856
6.5831
6.5805
6.578
6.5754
6.5729
6.5704
6.5678
6.5653
6.5627
6.5622
6.5617
6.5611
6.5606
6.5601
6.5595
6.559
6.5585
6.5579
6.5574
6.5569
6.5564
6.5558
6.5553
6.5548
6.5542
6.5537
6.5532
6.5526
6.5521
6.5516
6.551
6.5505
6.55
6.5495
6.5489
6.5484
6.5479
6.5473
6.5468
6.5463
6.5457
6.5452
6.5447
6.5442
6.5436
6.5431
6.5426
6.542
6.5415
6.541
6.5404
6.5399
6.5394
6.5388
6.5383
6.5378
6.5373
6.5367
6.5362
6.5357
6.5351
6.5346
6.5341
6.5335
6.533
6.5325
6.532
6.5314
6.5309
6.5304
6.5299
6.5294
6.5289
6.5284
6.528
6.5275
6.527
6.5265
6.526
6.5255
6.525
6.5245
6.524
6.5236
6.5231
6.5226
6.5221
6.5216
6.5211
6.5206
6.5202
6.5197
6.5192
6.5187
6.5182
6.5177
6.5172
6.5168
6.5163
6.5158
6.5153
6.5148
6.5143
6.5139
6.5134
6.5129
6.5124
6.5119
6.5114
6.511
6.5105
6.51
6.5095
6.509
6.5086
6.5081
6.5076
6.5071
6.5066
6.5061
6.5057
6.5052
6.5047
6.5042
6.5037
6.5033
6.5028
6.5023
6.5018
6.5003
6.4989
6.4974
6.4959
6.4944
6.4929
6.4914
6.49
6.4885
6.487
6.4855
6.484
6.4826
6.4811
6.4796
6.4781
6.4766
6.4752
6.4737
6.4722
6.4707
6.4692
6.4678
6.4663
6.4648
6.4633
6.4619
6.4604
6.4589
6.4574
6.456
6.4545
6.453
6.4516
6.4501
6.4486
6.4471
6.4457
6.4442
6.4427
6.4413
6.4398
6.4383
6.4369
6.4354
6.4339
6.4325
6.431
6.4295
6.4281
6.4266
6.4251
6.4237
6.4222
6.4207
6.4193
6.4178
6.4164
6.4149
6.4134
6.4126
6.4118
6.411
6.4102
6.4094
6.4086
6.4078
6.4071
6.4063
6.4055
6.4047
6.4039
6.4031
6.4023
6.4015
6.4007
6.3999
6.3991
6.3983
6.3975
6.3967
6.3959
6.3951
6.3943
6.3935
6.3927
6.3919
6.3911
6.3903
6.3895
6.3887
6.388
6.3872
6.3864
6.3856
6.3848
6.384
6.3832
6.3824
6.3816
6.3808
6.38
6.3792
6.3784
6.3776
6.3768
6.3761
6.3753
6.3745
6.3737
6.3729
6.3721
6.3713
6.3705
6.3697
6.3689
6.3681
6.3673
6.3665
6.3658
6.3661
6.3664
6.3667
6.367
6.3673
6.3676
6.3679
6.3682
6.3685
6.3688
6.3691
6.3694
6.3697
6.37
6.3703
6.3707
6.371
6.3713
6.3716
6.3719
6.3722
6.3725
6.3728
6.3731
6.3735
6.3738
6.3741
6.3744
6.3747
6.375
6.3754
6.3757
6.376
6.3763
6.3766
6.377
6.3773
6.3776
6.3779
6.3782
6.3786
6.3789
6.3792
6.3795
6.3799
6.3802
6.3805
6.3808
6.3812
6.3815
6.3818
6.3821
6.3825
6.3828
6.3831
6.3835
6.3838
6.3841
6.3844
6.3848
6.3847
6.3847
6.3847
6.3847
6.3846
6.3846
6.3846
6.3845
6.3845
6.3845
6.3844
6.3844
6.3844
6.3843
6.3843
6.3843
6.3843
6.3842
6.3842
6.3842
6.3841
6.3841
6.3841
6.384
6.384
6.384
6.3839
6.3839
6.3839
6.3839
6.3838
6.3838
6.3838
6.3837
6.3837
6.3837
6.3836
6.3836
6.3836
6.3836
6.3835
6.3835
6.3835
6.3834
6.3834
6.3834
6.3833
6.3833
6.3833
6.3832
6.3832
6.3832
6.3832
6.3831
6.3831
6.3831
6.383
6.383
6.383
6.3829
6.3726
6.3623
6.352
6.3417
6.3313
6.321
6.3107
6.3004
6.2901
6.2798
6.2695
6.2592
6.2489
6.2386
6.2283
6.218
6.2078
6.1975
6.1872
6.1769
6.1666
6.1564
6.1461
6.1358
6.1256
6.1153
6.1051
6.0948
6.0845
6.0743
6.0641
6.0538
6.0436
6.0333
6.0231
6.0129
6.0026
5.9924
5.9822
5.972
5.9617
5.9515
5.9413
5.9311
5.9209
5.9107
5.9005
5.8903
5.8801
5.8699
5.8597
5.8496
5.8394
5.8292
5.819
5.8089
5.7987
5.7885
5.7784
5.7682
5.7684
5.7687
5.7689
5.7691
5.7694
5.7696
5.7699
5.7701
5.7704
5.7706
5.7709
5.7712
5.7715
5.7717
5.772
5.7723
5.7726
5.7729
5.7732
5.7735
5.7738
5.7741
5.7744
5.7747
5.7751
5.7754
5.7757
5.7761
5.7764
5.7767
5.7771
5.7774
5.7778
5.7782
5.7785
5.7789
5.7793
5.7796
5.78
5.7804
5.7808
5.7812
5.7816
5.782
5.7824
5.7828
5.7832
5.7836
5.784
5.7845
5.7849
5.7853
5.7857
5.7862
5.7866
5.7871
5.7875
5.788
5.7884
5.7889
5.7907
5.7924
5.7942
5.7959
5.7977
5.7995
5.8012
5.803
5.8048
5.8066
5.8084
5.8102
5.812
5.8138
5.8156
5.8174
5.8192
5.8211
5.8229
5.8247
5.8265
5.8284
5.8302
5.8321
5.8339
5.8358
5.8376
5.8395
5.8414
5.8432
5.8451
5.847
5.8489
5.8508
5.8526
5.8545
5.8564
5.8583
5.8603
5.8622
5.8641
5.866
5.8679
5.8699
5.8718
5.8737
5.8757
5.8776
5.8796
5.8815
5.8835
5.8854
5.8874
5.8894
5.8913
5.8933
5.8953
5.8973
5.8993
5.9013
5.9042
5.9071
5.91
5.9129
5.9158
5.9187
5.9216
5.9245
5.9275
5.9304
5.9333
5.9362
5.9392
5.9421
5.945
5.9479
5.9509
5.9538
5.9567
5.9597
5.9626
5.9655
5.9685
5.9714
5.9744
5.9773
5.9803
5.9832
5.9862
5.9891
5.9921
5.995
5.998
6.0009
6.0039
6.0068
6.0098
6.0128
6.0157
6.0187
6.0217
6.0246
6.0276
6.0306
6.0336
6.0365
6.0395
6.0425
6.0455
6.0484
6.0514
6.0544
6.0574
6.0604
6.0634
6.0664
6.0694
6.0723
6.0753
6.0783
6.0813
6.0842
6.0872
6.0902
6.0933
6.0964
6.0995
6.1026
6.1057
6.1089
6.1121
6.1154
6.1186
6.1219
6.1252
6.1286
6.1319
6.1353
6.1387
6.1422
6.1457
6.1492
6.1527
6.1562
6.1598
6.1634
6.167
6.1707
6.1744
6.1781
6.1818
6.1856
6.1894
6.1932
6.197
6.2009
6.2047
6.2087
6.2126
6.2166
6.2205
6.2246
6.2286
6.2327
6.2368
6.2409
6.245
6.2492
6.2534
6.2576
6.2618
6.2661
6.2704
6.2747
6.279
6.2834
6.2878
6.2922
6.2966
6.3011
6.3027
6.3042
6.3058
6.3073
6.3089
6.3104
6.312
6.3136
6.3151
6.3167
6.3183
6.3198
6.3214
6.3229
6.3245
6.3261
6.3276
6.3292
6.3308
6.3323
6.3339
6.3354
6.337
6.3386
6.3401
6.3417
6.3433
6.3448
6.3464
6.348
6.3495
6.3511
6.3527
6.3543
6.3558
6.3574
6.359
6.3605
6.3621
6.3637
6.3653
6.3668
6.3684
6.37
6.3715
6.3731
6.3747
6.3763
6.3778
6.3794
6.381
6.3826
6.3841
6.3857
6.3873
6.3889
6.3904
6.392
6.3936
6.3952
6.396
6.3969
6.3977
6.3986
6.3994
6.4003
6.4011
6.402
6.4028
6.4037
6.4045
6.4054
6.4062
6.4071
6.4079
6.4088
6.4096
6.4105
6.4113
6.4122
6.413
6.4139
6.4147
6.4156
6.4164
6.4173
6.4181
6.419
6.4198
6.4207
6.4215
6.4224
6.4232
6.4241
6.4249
6.4258
6.4266
6.4275
6.4283
6.4292
6.43
6.4309
6.4317
6.4326
6.4334
6.4343
6.4351
6.436
6.4368
6.4377
6.4385
6.4394
6.4402
6.4411
6.4419
6.4428
6.4437
6.4445
6.4454
6.4462
6.4427
6.4394
6.436
6.4328
6.4296
6.4265
6.4235
6.4205
6.4176
6.4148
6.4121
6.4094
6.4068
6.4043
6.4019
6.3995
6.3972
6.395
6.3928
6.3908
6.3888
6.3868
6.385
6.3832
6.3815
6.3799
6.3783
6.3768
6.3754
6.3741
6.3728
6.3716
6.3705
6.3695
6.3685
6.3676
6.3668
6.3661
6.3654
6.3648
6.3643
6.3639
6.3635
6.3632
6.363
6.3629
6.3628
6.3628
6.3629
6.363
6.3633
6.3636
6.364
6.3644
6.365
6.3656
6.3662
6.367
6.3678
6.3687
6.3677
6.3666
6.3656
6.3645
6.3634
6.3624
6.3613
6.3603
6.3592
6.3582
6.3571
6.356
6.355
6.3539
6.3529
6.3518
6.3507
6.3497
6.3486
6.3476
6.3465
6.3454
6.3444
6.3433
6.3423
6.3412
6.3402
6.3391
6.338
6.337
6.3359
6.3349
6.3338
6.3327
6.3317
6.3306
6.3296
6.3285
6.3275
6.3264
6.3253
6.3243
6.3232
6.3222
6.3211
6.3201
6.319
6.3179
6.3169
6.3158
6.3148
6.3137
6.3126
6.3116
6.3105
6.3095
6.3084
6.3074
6.3063
6.3052
6.3047
6.3041
6.3035
6.303
6.3024
6.3018
6.3012
6.3007
6.3001
6.2995
6.2989
6.2984
6.2978
6.2972
6.2967
6.2961
6.2955
6.2949
6.2944
6.2938
6.2932
6.2927
6.2921
6.2915
6.2909
6.2904
6.2898
6.2892
6.2887
6.2881
6.2875
6.2869
6.2864
6.2858
6.2852
6.2847
6.2841
6.2835
6.283
6.2824
6.2818
6.2812
6.2807
6.2801
6.2795
6.279
6.2784
6.2778
6.2772
6.2767
6.2761
6.2755
6.275
6.2744
6.2738
6.2733
6.2727
6.2721
6.2715
6.271
6.2719
6.2728
6.2737
6.2747
6.2756
6.2765
6.2774
6.2783
6.2793
6.2802
6.2811
6.282
6.2829
6.2839
6.2848
6.2857
6.2866
6.2876
6.2885
6.2894
6.2904
6.2913
6.2922
6.2931
6.2941
6.295
6.2959
6.2969
6.2978
6.2987
6.2996
6.3006
6.3015
6.3024
6.3034
6.3043
6.3052
6.3062
6.3071
6.308
6.309
6.3099
6.3109
6.3118
6.3127
6.3137
6.3146
6.3155
6.3165
6.3174
6.3184
6.3193
6.3202
6.3212
6.3221
6.3231
6.324
6.325
6.3259
6.3268
6.3294
6.332
6.3346
6.3372
6.3398
6.3424
6.345
6.3476
6.3503
6.3529
6.3556
6.3582
6.3609
6.3635
6.3662
6.3689
6.3716
6.3743
6.377
6.3797
6.3824
6.3851
6.3878
6.3906
6.3933
6.396
6.3988
6.4015
6.4043
6.4071
6.4099
6.4127
6.4154
6.4182
6.4211
6.4239
6.4267
6.4295
6.4323
6.4352
6.438
6.4409
6.4437
6.4466
6.4495
6.4524
6.4552
6.4581
6.461
6.4639
6.4668
6.4698
6.4727
6.4756
6.4786
6.4815
6.4844
6.4874
6.4904
6.4933
6.493
6.4927
6.4925
6.4922
6.4919
6.4916
6.4913
6.491
6.4907
6.4904
6.4901
6.4898
6.4896
6.4893
6.489
6.4887
6.4884
6.4881
6.4878
6.4875
6.4872
6.4869
6.4867
6.4864
6.4861
6.4858
6.4855
6.4852
6.4849
6.4846
6.4844
6.4841
6.4838
6.4835
6.4832
6.4829
6.4826
6.4823
6.4821
6.4818
6.4815
6.4812
6.4809
6.4806
6.4803
6.4801
6.4798
6.4795
6.4792
6.4789
6.4786
6.4783
6.4781
6.4778
6.4775
6.4772
6.4769
6.4766
6.4764
6.4761
6.4735
6.471
6.4685
6.4659
6.4634
6.4609
6.4583
6.4558
6.4533
6.4507
6.4482
6.4457
6.4431
6.4406
6.4381
6.4356
6.433
6.4305
6.428
6.4255
6.423
6.4205
6.4179
6.4154
6.4129
6.4104
6.4079
6.4054
6.4029
6.4004
6.3979
6.3953
6.3928
6.3903
6.3878
6.3853
6.3828
6.3803
6.3778
6.3753
6.3728
6.3703
6.3679
6.3654
6.3629
6.3604
6.3579
6.3554
6.3529
6.3504
6.3479
6.3455
6.343
6.3405
6.338
6.3355
6.3331
6.3306
6.3281
6.3256
6.3213
6.317
6.3126
6.3083
6.304
6.2996
6.2953
6.2909
6.2866
6.2823
6.2779
6.2736
6.2693
6.2649
6.2606
6.2563
6.252
6.2476
6.2433
6.239
6.2346
6.2303
6.226
6.2217
6.2173
6.213
6.2087
6.2044
6.2
6.1957
6.1914
6.1871
6.1828
6.1784
6.1741
6.1698
6.1655
6.1612
6.1569
6.1525
6.1482
6.1439
6.1396
6.1353
6.131
6.1266
6.1223
6.118
6.1137
6.1094
6.1051
6.1008
6.0965
6.0922
6.0879
6.0836
6.0792
6.0749
6.0706
6.0663
6.0548
6.0432
6.0317
6.0202
6.0086
5.9971
5.9855
5.974
5.9625
5.9509
5.9394
5.9278
5.9163
5.9048
5.8932
5.8817
5.8702
5.8586
5.8471
5.8356
5.824
5.8125
5.801
5.7894
5.7779
5.7664
5.7549
5.7433
5.7318
5.7203
5.7087
5.6972
5.6857
5.6742
5.6626
5.6511
5.6396
5.6281
5.6165
5.605
5.5935
5.582
5.5705
5.559
5.5474
5.5359
5.5244
5.5129
5.5014
5.4899
5.4783
5.4668
5.4553
5.4438
5.4323
5.4208
5.4093
5.3978
5.3863
5.3747
5.3687
5.3627
5.3566
5.3506
5.3445
5.3385
5.3325
5.3264
5.3204
5.3143
5.3083
5.3023
5.2962
5.2902
5.2842
5.2781
5.2721
5.2661
5.26
5.254
5.248
5.2419
5.2359
5.2299
5.2238
5.2178
5.2118
5.2057
5.1997
5.1937
5.1876
5.1816
5.1756
5.1695
5.1635
5.1575
5.1514
5.1454
5.1394
5.1334
5.1273
5.1213
5.1153
5.1092
5.1032
5.0972
5.0912
5.0851
5.0791
5.0731
5.0671
5.061
5.055
5.049
5.043
5.037
5.0309
5.0249
5.0189
5.0129
5.0099
5.0068
5.0038
5.0008
4.9978
4.9948
4.9918
4.9888
4.9858
4.9828
4.9798
4.9768
4.9738
4.9707
4.9677
4.9647
4.9617
4.9587
4.9557
4.9527
4.9497
4.9467
4.9437
4.9407
4.9377
4.9347
4.9317
4.9287
4.9257
4.9227
4.9197
4.9167
4.9137
4.9107
4.9077
4.9047
4.9017
4.8987
4.8958
4.8928
4.8898
4.8868
4.8838
4.8808
4.8778
4.8748
4.8718
4.8688
4.8658
4.8628
4.8599
4.8569
4.8539
4.8509
4.8479
4.8449
4.8419
4.8389
4.836
4.833
4.8293
4.8257
4.8221
4.8184
4.8148
4.8112
4.8075
4.8039
4.8003
4.7966
4.793
4.7894
4.7857
4.7821
4.7785
4.7748
4.7712
4.7676
4.7639
4.7603
4.7567
4.753
4.7494
4.7458
4.7421
4.7385
4.7349
4.7312
4.7276
4.724
4.7203
4.7167
4.7131
4.7094
4.7058
4.7022
4.6985
4.6949
4.6913
4.6876
4.684
4.6804
4.6767
4.6731
4.6695
4.6658
4.6622
4.6586
4.6549
4.6513
4.6477
4.644
4.6404
4.6368
4.6331
4.6295
4.6259
4.6222
4.6186
4.615
4.6069
4.5987
4.5906
4.5825
4.5744
4.5663
4.5582
4.5501
4.5419
4.5338
4.5257
4.5176
4.5095
4.5014
4.4933
4.4852
4.4771
4.469
4.4609
4.4529
4.4448
4.4367
4.4286
4.4205
4.4124
4.4043
4.3963
4.3882
4.3801
4.372
4.364
4.3559
4.3478
4.3398
4.3317
4.3236
4.3156
4.3075
4.2994
4.2914
4.2833
4.2753
4.2672
4.2592
4.2511
4.2431
4.235
4.227
4.2189
4.2109
4.2029
4.1948
4.1868
4.1788
4.1707
4.1627
4.1547
4.1467
4.1386
4.1306
4.1321
4.1336
4.1351
4.1366
4.1381
4.1396
4.141
4.1425
4.144
4.1455
4.147
4.1485
4.15
4.1515
4.153
4.1544
4.1559
4.1574
4.1589
4.1604
4.1619
4.1634
4.1649
4.1663
4.1678
4.1693
4.1708
4.1723
4.1738
4.1753
4.1768
4.1783
4.1797
4.1812
4.1827
4.1842
4.1857
4.1872
4.1887
4.1902
4.1916
4.1931
4.1946
4.1961
4.1976
4.1991
4.2006
4.2021
4.2036
4.205
4.2065
4.208
4.2095
4.211
4.2125
4.214
4.2155
4.2169
4.2184
4.2199
4.2245
4.2291
4.2337
4.2382
4.2428
4.2474
4.252
4.2565
4.2611
4.2657
4.2703
4.2748
4.2794
4.284
4.2886
4.2931
4.2977
4.3023
4.3069
4.3114
4.316
4.3206
4.3252
4.3297
4.3343
4.3389
4.3435
4.348
4.3526
4.3572
4.3618
4.3664
4.3709
4.3755
4.3801
4.3847
4.3892
4.3938
4.3984
4.403
4.4075
4.4121
4.4167
4.4213
4.4258
4.4304
4.435
4.4396
4.4441
4.4487
4.4533
4.4579
4.4624
4.467
4.4716
4.4762
4.4807
4.4853
4.4899
4.4945
4.4976
4.5008
4.5039
4.507
4.5102
4.5133
4.5165
4.5196
4.5227
4.5259
4.529
4.5322
4.5353
4.5385
4.5416
4.5447
4.5479
4.551
4.5542
4.5573
4.5605
4.5636
4.5668
4.5699
4.5731
4.5762
4.5794
4.5825
4.5857
4.5888
4.592
4.5951
4.5983
4.6014
4.6046
4.6077
4.6109
4.614
4.6172
4.6203
4.6235
4.6266
4.6298
4.6329
4.6361
4.6393
4.6424
4.6456
4.6487
4.6519
4.655
4.6582
4.6614
4.6645
4.6677
4.6708
4.674
4.6771
4.6803
4.6835
4.6837
4.6839
4.6841
4.6844
4.6846
4.6849
4.6852
4.6854
4.6858
4.6861
4.6864
4.6868
4.6871
4.6875
4.6879
4.6883
4.6887
4.6891
4.6896
4.69
4.6905
4.691
4.6915
4.692
4.6925
4.693
4.6936
4.6941
4.6947
4.6953
4.6959
4.6965
4.6971
4.6978
4.6984
4.6991
4.6998
4.7005
4.7012
4.7019
4.7026
4.7034
4.7042
4.7049
4.7057
4.7065
4.7073
4.7081
4.709
4.7098
4.7107
4.7116
4.7125
4.7134
4.7143
4.7152
4.7162
4.7171
4.7181
4.7191
4.7243
4.7295
4.7347
4.7399
4.7451
4.7503
4.7555
4.7607
4.7659
4.7711
4.7763
4.7815
4.7867
4.7919
4.7971
4.8023
4.8075
4.8127
4.8179
4.8231
4.8283
4.8335
4.8387
4.8439
4.8492
4.8544
4.8596
4.8648
4.87
4.8752
4.8804
4.8856
4.8908
4.8961
4.9013
4.9065
4.9117
4.9169
4.9221
4.9274
4.9326
4.9378
4.943
4.9482
4.9534
4.9587
4.9639
4.9691
4.9743
4.9795
4.9848
4.99
4.9952
5.0004
5.0057
5.0109
5.0161
5.0213
5.0266
5.0318
5.0389
5.046
5.0532
5.0603
5.0674
5.0746
5.0817
5.0888
5.0959
5.1031
5.1102
5.1173
5.1244
5.1316
5.1387
5.1458
5.153
5.1601
5.1672
5.1743
5.1815
5.1886
5.1957
5.2029
5.21
5.2171
5.2242
5.2314
5.2385
5.2456
5.2528
5.2599
5.267
5.2742
5.2813
5.2884
5.2955
5.3027
5.3098
5.3169
5.3241
5.3312
5.3383
5.3455
5.3526
5.3597
5.3668
5.374
5.3811
5.3882
5.3954
5.4025
5.4096
5.4168
5.4239
5.431
5.4381
5.4453
5.4524
5.4595
5.4685
5.4775
5.4865
5.4955
5.5045
5.5135
5.5225
5.5314
5.5404
5.5494
5.5584
5.5674
5.5764
5.5854
5.5944
5.6034
5.6123
5.6213
5.6303
5.6393
5.6483
5.6573
5.6663
5.6753
5.6843
5.6933
5.7022
5.7112
5.7202
5.7292
5.7382
5.7472
5.7562
5.7652
5.7742
5.7832
5.7921
5.8011
5.8101
5.8191
5.8281
5.8371
5.8461
5.8551
5.8641
5.8731
5.8821
5.8911
5.9
5.909
5.918
5.927
5.936
5.945
5.954
5.963
5.972
5.981
5.99
5.999
6.0043
6.0096
6.0149
6.0202
6.0255
6.0308
6.0361
6.0414
6.0467
6.052
6.0573
6.0626
6.0679
6.0732
6.0785
6.0838
6.0891
6.0944
6.0997
6.105
6.1103
6.1156
6.1209
6.1262
6.1315
6.1368
6.1422
6.1475
6.1528
6.1581
6.1634
6.1687
6.174
6.1793
6.1846
6.19
6.1953
6.2006
6.2059
6.2112
6.2165
6.2218
6.2272
6.2325
6.2378
6.2431
6.2484
6.2537
6.2591
6.2644
6.2697
6.275
6.2803
6.2856
6.291
6.2963
6.3016
6.3069
6.3122
6.3176
6.2947
6.2719
6.2492
6.2265
6.2039
6.1814
6.1589
6.1366
6.1143
6.092
6.0699
6.0478
6.0258
6.0038
5.982
5.9602
5.9385
5.9169
5.8953
5.8739
5.8525
5.8312
5.81
5.7889
5.7679
5.7469
5.7261
5.7053
5.6846
5.664
5.6435
5.6231
5.6028
5.5826
5.5625
5.5425
5.5225
5.5027
5.483
5.4634
5.4439
5.4244
5.4051
5.3859
5.3668
5.3478
5.329
5.3102
5.2915
5.273
5.2546
5.2362
5.2181
5.2
5.182
5.1642
5.1464
5.1289
5.1114
5.094
5.0954
5.0969
5.0983
5.0997
5.1011
5.1025
5.1039
5.1053
5.1068
5.1082
5.1096
5.111
5.1124
5.1138
5.1153
5.1167
5.1181
5.1195
5.121
5.1224
5.1238
5.1252
5.1266
5.1281
5.1295
5.1309
5.1323
5.1338
5.1352
5.1366
5.1381
5.1395
5.1409
5.1423
5.1438
5.1452
5.1466
5.1481
5.1495
5.1509
5.1524
5.1538
5.1552
5.1567
5.1581
5.1595
5.161
5.1624
5.1639
5.1653
5.1667
5.1682
5.1696
5.1711
5.1725
5.1739
5.1754
5.1768
5.1783
5.1797
5.1836
5.1876
5.1915
5.1955
5.1994
5.2033
5.2073
5.2112
5.2152
5.2191
5.2231
5.227
5.2309
5.2349
5.2388
5.2428
5.2467
5.2507
5.2546
5.2585
5.2625
5.2664
5.2704
5.2743
5.2783
5.2822
5.2861
5.2901
5.294
5.298
5.3019
5.3059
5.3098
5.3138
5.3177
5.3217
5.3256
5.3296
5.3335
5.3374
5.3414
5.3453
5.3493
5.3532
5.3572
5.3611
5.3651
5.369
5.373
5.3769
5.3809
5.3848
5.3888
5.3927
5.3967
5.4006
5.4046
5.4085
5.4125
5.4164
5.4212
5.4261
5.4309
5.4357
5.4406
5.4454
5.4503
5.4551
5.46
5.4649
5.4697
5.4746
5.4795
5.4844
5.4893
5.4942
5.4991
5.504
5.5089
5.5138
5.5187
5.5236
5.5285
5.5334
5.5384
5.5433
5.5482
5.5532
5.5581
5.5631
5.568
5.573
5.578
5.5829
5.5879
5.5929
5.5979
5.6028
5.6078
5.6128
5.6178
5.6228
5.6278
5.6328
5.6378
5.6429
5.6479
5.6529
5.6579
5.663
5.668
5.673
5.6781
5.6831
5.6882
5.6932
5.6983
5.7034
5.7084
5.7135
5.6792
5.6449
5.6107
5.5766
5.5426
5.5086
5.4746
5.4408
5.407
5.3733
5.3396
5.306
5.2725
5.2391
5.2058
5.1725
5.1393
5.1062
5.0732
5.0403
5.0074
4.9747
4.942
4.9094
4.8769
4.8446
4.8123
4.7801
4.748
4.716
4.6842
4.6524
4.6207
4.5892
4.5578
4.5265
4.4953
4.4642
4.4333
4.4025
4.3718
4.3413
4.3109
4.2806
4.2505
4.2205
4.1907
4.161
4.1315
4.1021
4.0729
4.0439
4.015
3.9863
3.9578
3.9295
3.9013
3.8734
3.8456
3.818
3.8231
3.8283
3.8336
3.8389
3.8443
3.8498
3.8553
3.8609
3.8666
3.8723
3.8781
3.884
3.8899
3.8959
3.902
3.9081
3.9144
3.9206
3.927
3.9334
3.9398
3.9464
3.953
3.9596
3.9664
3.9732
3.98
3.9869
3.9939
4.001
4.0081
4.0152
4.0224
4.0297
4.0371
4.0445
4.052
4.0595
4.0671
4.0747
4.0824
4.0902
4.098
4.1059
4.1138
4.1218
4.1298
4.138
4.1461
4.1543
4.1626
4.1709
4.1793
4.1877
4.1962
4.2048
4.2134
4.222
4.2307
4.2395
4.2485
4.2576
4.2667
4.2759
4.2852
4.2945
4.3039
4.3133
4.3228
4.3323
4.3419
4.3516
4.3612
4.371
4.3808
4.3906
4.4005
4.4105
4.4205
4.4305
4.4406
4.4508
4.461
4.4712
4.4815
4.4918
4.5022
4.5127
4.5232
4.5337
4.5443
4.5549
4.5656
4.5763
4.587
4.5978
4.6087
4.6196
4.6305
4.6415
4.6525
4.6636
4.6747
4.6859
4.6971
4.7083
4.7196
4.7309
4.7423
4.7537
4.7651
4.7766
4.7881
4.7997
4.8113
4.8229
4.8346
4.8463
4.8581
4.8698
4.8753
4.8808
4.8863
4.8918
4.8973
4.9028
4.9083
4.9138
4.9194
4.9249
4.9305
4.936
4.9416
4.9472
4.9528
4.9583
4.9639
4.9695
4.9751
4.9808
4.9864
4.992
4.9977
5.0033
5.009
5.0146
5.0203
5.026
5.0316
5.0373
5.043
5.0487
5.0544
5.0602
5.0659
5.0716
5.0774
5.0831
5.0889
5.0946
5.1004
5.1062
5.1119
5.1177
5.1235
5.1293
5.1351
5.1409
5.1468
5.1526
5.1584
5.1643
5.1701
5.176
5.1818
5.1877
5.1936
5.1994
5.2053
5.2112
5.2146
5.218
5.2214
5.2249
5.2283
5.2317
5.2351
5.2385
5.2419
5.2453
5.2487
5.2521
5.2555
5.2589
5.2623
5.2658
5.2692
5.2726
5.276
5.2794
5.2828
5.2862
5.2896
5.293
5.2964
5.2998
5.3032
5.3067
5.3101
5.3135
5.3169
5.3203
5.3237
5.3271
5.3305
5.3339
5.3373
5.3407
5.3442
5.3476
5.351
5.3544
5.3578
5.3612
5.3646
5.368
5.3714
5.3748
5.3782
5.3816
5.3851
5.3885
5.3919
5.3953
5.3987
5.4021
5.4055
5.4089
5.4123
5.4157
5.4368
5.4579
5.4792
5.5006
5.5221
5.5437
5.5654
5.5873
5.6092
5.6312
5.6534
5.6756
5.698
5.7204
5.743
5.7656
5.7884
5.8112
5.8341
5.8572
5.8803
5.9035
5.9268
5.9502
5.9737
5.9972
6.0209
6.0446
6.0684
6.0923
6.1163
6.1404
6.1646
6.1888
6.2131
6.2375
6.2619
6.2865
6.3111
6.3358
6.3605
6.3854
6.4103
6.4352
6.4603
6.4854
6.5106
6.5358
6.5611
6.5865
6.612
6.6375
6.663
6.6887
6.7144
6.7401
6.766
6.7918
6.8178
6.8438
6.8416
6.8393
6.8371
6.8349
6.8327
6.8305
6.8283
6.8261
6.8239
6.8217
6.8195
6.8173
6.8152
6.813
6.8108
6.8086
6.8064
6.8043
6.8021
6.7999
6.7977
6.7956
6.7934
6.7913
6.7891
6.7869
6.7848
6.7826
6.7805
6.7783
6.7762
6.7741
6.7719
6.7698
6.7676
6.7655
6.7634
6.7613
6.7591
6.757
6.7549
6.7528
6.7506
6.7485
6.7464
6.7443
6.7422
6.7401
6.738
6.7359
6.7338
6.7317
6.7296
6.7275
6.7254
6.7234
6.7213
6.7192
6.7171
6.715
6.7106
6.7061
6.7016
6.6971
6.6926
6.6881
6.6836
6.6792
6.6747
6.6702
6.6657
6.6612
6.6567
6.6523
6.6478
6.6433
6.6388
6.6343
6.6298
6.6254
6.6209
6.6164
6.6119
6.6074
6.603
6.5985
6.594
6.5895
6.5851
6.5806
6.5761
6.5716
6.5671
6.5627
6.5582
6.5537
6.5492
6.5448
6.5403
6.5358
6.5313
6.5269
6.5224
6.5179
6.5134
6.509
6.5045
6.5
6.4955
6.4911
6.4866
6.4821
6.4777
6.4732
6.4687
6.4643
6.4598
6.4553
6.4508
6.4464
6.4484
6.4504
6.4525
6.4545
6.4565
6.4585
6.4606
6.4626
6.4646
6.4666
6.4687
6.4707
6.4727
6.4747
6.4768
6.4788
6.4808
6.4828
6.4849
6.4869
6.4889
6.4909
6.493
6.495
6.497
6.499
6.5011
6.5031
6.5051
6.5071
6.5092
6.5112
6.5132
6.5153
6.5173
6.5193
6.5213
6.5234
6.5254
6.5274
6.5294
6.5315
6.5335
6.5355
6.5376
6.5396
6.5416
6.5436
6.5457
6.5477
6.5497
6.5518
6.5538
6.5558
6.5578
6.5599
6.5619
6.5639
6.566
6.568
6.5678
6.5675
6.5673
6.5671
6.567
6.5668
6.5666
6.5665
6.5663
6.5662
6.566
6.5659
6.5658
6.5657
6.5656
6.5656
6.5655
6.5655
6.5654
6.5654
6.5654
6.5653
6.5653
6.5653
6.5654
6.5654
6.5654
6.5655
6.5655
6.5656
6.5657
6.5658
6.5659
6.566
6.5661
6.5662
6.5664
6.5665
6.5667
6.5669
6.567
6.5672
6.5674
6.5676
6.5679
6.5681
6.5683
6.5686
6.5688
6.5691
6.5694
6.5697
6.57
6.5703
6.5706
6.571
6.5713
6.5717
6.572
6.5724
6.5636
6.5547
6.5459
6.537
6.5282
6.5193
6.5105
6.5016
6.4928
6.4839
6.4751
6.4662
6.4574
6.4485
6.4397
6.4308
6.422
6.4132
6.4043
6.3955
6.3866
6.3778
6.3689
6.3601
6.3512
6.3424
6.3335
6.3247
6.3158
6.307
6.2981
6.2893
6.2805
6.2716
6.2628
6.2539
6.2451
6.2362
6.2274
6.2185
6.2097
6.2008
6.192
6.1831
6.1743
6.1654
6.1566
6.1478
6.1389
6.1301
6.1212
6.1124
6.1035
6.0947
6.0858
6.077
6.0681
6.0593
6.0504
6.0416
6.0214
6.0012
5.9811
5.9609
5.9407
5.9206
5.9004
5.8802
5.8601
5.8399
5.8198
5.7997
5.7795
5.7594
5.7393
5.7191
5.699
5.6789
5.6588
5.6387
5.6186
5.5985
5.5784
5.5583
5.5382
5.5181
5.4981
5.478
5.4579
5.4379
5.4178
5.3978
5.3777
5.3577
5.3376
5.3176
5.2976
5.2775
5.2575
5.2375
5.2175
5.1975
5.1775
5.1575
5.1375
5.1176
5.0976
5.0776
5.0577
5.0377
5.0178
4.9978
4.9779
4.958
4.938
4.9181
4.8982
4.8783
4.8584
4.8385
4.8358
4.8332
4.8305
4.8279
4.8252
4.8226
4.82
4.8174
4.8149
4.8123
4.8098
4.8072
4.8047
4.8022
4.7997
4.7973
4.7948
4.7924
4.79
4.7876
4.7852
4.7828
4.7804
4.7781
4.7758
4.7734
4.7711
4.7688
4.7666
4.7643
4.7621
4.7599
4.7576
4.7554
4.7533
4.7511
4.749
4.7468
4.7447
4.7426
4.7405
4.7384
4.7364
4.7343
4.7323
4.7303
4.7283
4.7263
4.7244
4.7224
4.7205
4.7186
4.7167
4.7148
4.7129
4.711
4.7092
4.7074
4.7056
4.7038
4.7046
4.7055
4.7063
4.7073
4.7082
4.7092
4.7102
4.7112
4.7123
4.7134
4.7145
4.7156
4.7168
4.718
4.7193
4.7205
4.7218
4.7232
4.7245
4.7259
4.7273
4.7288
4.7302
4.7317
4.7333
4.7348
4.7364
4.738
4.7397
4.7414
4.7431
4.7448
4.7466
4.7484
4.7502
4.752
4.7539
4.7558
4.7578
4.7597
4.7617
4.7638
4.7658
4.7679
4.77
4.7721
4.7743
4.7765
4.7787
4.781
4.7833
4.7856
4.7879
4.7903
4.7927
4.7951
4.7975
4.8
4.8025
4.8051
4.8062
4.8073
4.8084
4.8095
4.8107
4.8118
4.8129
4.8141
4.8152
4.8164
4.8176
4.8187
4.8199
4.8211
4.8223
4.8235
4.8247
4.8259
4.8271
4.8283
4.8295
4.8308
4.832
4.8332
4.8345
4.8357
4.837
4.8383
4.8395
4.8408
4.8421
4.8434
4.8447
4.846
4.8473
4.8486
4.8499
4.8512
4.8525
4.8539
4.8552
4.8566
4.8579
4.8593
4.8606
4.862
4.8634
4.8647
4.8661
4.8675
4.8689
4.8703
4.8717
4.8731
4.8746
4.876
4.8774
4.8789
4.8803
4.8817
4.8861
4.8905
4.8949
4.8992
4.9036
4.908
4.9124
4.9168
4.9212
4.9256
4.9301
4.9345
4.9389
4.9433
4.9478
4.9522
4.9567
4.9611
4.9656
4.9701
4.9746
4.979
4.9835
4.988
4.9925
4.997
5.0015
5.006
5.0106
5.0151
5.0196
5.0242
5.0287
5.0332
5.0378
5.0423
5.0469
5.0515
5.056
5.0606
5.0652
5.0698
5.0744
5.079
5.0836
5.0882
5.0928
5.0974
5.1021
5.1067
5.1113
5.116
5.1206
5.1252
5.1299
5.1346
5.1392
5.1439
5.1486
5.1532
5.1485
5.1437
5.1389
5.1341
5.1293
5.1246
5.1198
5.115
5.1103
5.1055
5.1007
5.096
5.0912
5.0865
5.0817
5.077
5.0723
5.0675
5.0628
5.0581
5.0534
5.0487
5.0439
5.0392
5.0345
5.0298
5.0251
5.0204
5.0157
5.0111
5.0064
5.0017
4.997
4.9923
4.9877
4.983
4.9783
4.9737
4.969
4.9644
4.9597
4.9551
4.9505
4.9458
4.9412
4.9366
4.932
4.9273
4.9227
4.9181
4.9135
4.9089
4.9043
4.8997
4.8951
4.8905
4.8859
4.8814
4.8768
4.8722
4.8783
4.8843
4.8904
4.8964
4.9025
4.9085
4.9146
4.9206
4.9267
4.9328
4.9388
4.9449
4.9509
4.957
4.9631
4.9691
4.9752
4.9813
4.9874
4.9934
4.9995
5.0056
5.0117
5.0177
5.0238
5.0299
5.036
5.0421
5.0481
5.0542
5.0603
5.0664
5.0725
5.0786
5.0847
5.0908
5.0969
5.103
5.1091
5.1152
5.1213
5.1274
5.1335
5.1396
5.1457
5.1518
5.1579
5.164
5.1701
5.1762
5.1823
5.1885
5.1946
5.2007
5.2068
5.2129
5.219
5.2252
5.2313
5.2374
5.237
5.2366
5.2362
5.2358
5.2354
5.235
5.2346
5.2342
5.2338
5.2334
5.2331
5.2327
5.2323
5.2319
5.2315
5.2311
5.2307
5.2303
5.2299
5.2295
5.2291
5.2287
5.2284
5.228
5.2276
5.2272
5.2268
5.2264
5.226
5.2256
5.2253
5.2249
5.2245
5.2241
5.2237
5.2233
5.2229
5.2226
5.2222
5.2218
5.2214
5.221
5.2206
5.2203
5.2199
5.2195
5.2191
5.2187
5.2184
5.218
5.2176
5.2172
5.2169
5.2165
5.2161
5.2157
5.2153
5.215
5.2146
5.2142
5.1966
5.1789
5.1613
5.1437
5.1261
5.1085
5.0909
5.0733
5.0558
5.0382
5.0207
5.0032
4.9857
4.9682
4.9507
4.9332
4.9158
4.8983
4.8809
4.8635
4.8461
4.8287
4.8114
4.794
4.7767
4.7594
4.7421
4.7248
4.7075
4.6903
4.673
4.6558
4.6386
4.6214
4.6043
4.5871
4.57
4.5529
4.5358
4.5187
4.5016
4.4846
4.4675
4.4505
4.4336
4.4166
4.3996
4.3827
4.3658
4.3489
4.332
4.3152
4.2984
4.2816
4.2648
4.248
4.2313
4.2146
4.1979
4.1812
4.1791
4.177
4.1748
4.1727
4.1706
4.1685
4.1663
4.1642
4.1621
4.16
4.1579
4.1557
4.1536
4.1515
4.1494
4.1472
4.1451
4.143
4.1409
4.1388
4.1366
4.1345
4.1324
4.1303
4.1281
4.126
4.1239
4.1218
4.1197
4.1175
4.1154
4.1133
4.1112
4.1091
4.1069
4.1048
4.1027
4.1006
4.0984
4.0963
4.0942
4.0921
4.09
4.0878
4.0857
4.0836
4.0815
4.0794
4.0772
4.0751
4.073
4.0709
4.0687
4.0666
4.0645
4.0624
4.0603
4.0581
4.056
4.0539
4.0542
4.0545
4.0548
4.0551
4.0554
4.0557
4.0561
4.0564
4.0567
4.057
4.0573
4.0576
4.0579
4.0583
4.0586
4.0589
4.0592
4.0595
4.0598
4.0602
4.0605
4.0608
4.0611
4.0614
4.0617
4.0621
4.0624
4.0627
4.063
4.0634
4.0637
4.064
4.0643
4.0647
4.065
4.0653
4.0656
4.066
4.0663
4.0666
4.067
4.0673
4.0676
4.068
4.0683
4.0686
4.069
4.0693
4.0696
4.07
4.0703
4.0706
4.071
4.0713
4.0716
4.072
4.0723
4.0727
4.073
4.0733
4.0761
4.0789
4.0817
4.0845
4.0873
4.0901
4.093
4.0958
4.0986
4.1014
4.1042
4.1071
4.1099
4.1127
4.1156
4.1184
4.1212
4.1241
4.1269
4.1298
4.1326
4.1355
4.1384
4.1412
4.1441
4.147
4.1498
4.1527
4.1556
4.1585
4.1613
4.1642
4.1671
4.17
4.1729
4.1758
4.1787
4.1816
4.1845
4.1874
4.1903
4.1933
4.1962
4.1991
4.202
4.2049
4.2079
4.2108
4.2137
4.2167
4.2196
4.2226
4.2255
4.2285
4.2314
4.2344
4.2373
4.2403
4.2433
4.2462
4.2467
4.2472
4.2477
4.2483
4.2488
4.2493
4.2498
4.2504
4.2509
4.2514
4.252
4.2525
4.2531
4.2536
4.2542
4.2547
4.2553
4.2559
4.2565
4.257
4.2576
4.2582
4.2588
4.2594
4.26
4.2606
4.2612
4.2619
4.2625
4.2631
4.2637
4.2644
4.265
4.2656
4.2663
4.2669
4.2676
4.2682
4.2689
4.2696
4.2702
4.2709
4.2716
4.2723
4.273
4.2737
4.2744
4.2751
4.2758
4.2765
4.2772
4.2779
4.2786
4.2794
4.2801
4.2808
4.2816
4.2823
4.283
4.2838
4.2858
4.2879
4.2899
4.2919
4.294
4.296
4.2981
4.3002
4.3022
4.3043
4.3064
4.3085
4.3106
4.3127
4.3148
4.3169
4.319
4.3211
4.3232
4.3253
4.3275
4.3296
4.3317
4.3339
4.3361
4.3382
4.3404
4.3425
4.3447
4.3469
4.3491
4.3513
4.3535
4.3557
4.3579
4.3601
4.3623
4.3645
4.3667
4.369
4.3712
4.3734
4.3757
4.3779
4.3802
4.3825
4.3847
4.387
4.3893
4.3915
4.3938
4.3961
4.3984
4.4007
4.403
4.4053
4.4077
4.41
4.4123
4.4146
4.3817
4.3489
4.3161
4.2834
4.2507
4.2181
4.1856
4.1531
4.1207
4.0883
4.056
4.0238
3.9916
3.9595
3.9275
3.8956
3.8637
3.8319
3.8002
3.7686
3.737
3.7055
3.6742
3.6429
3.6117
3.5806
3.5496
3.5187
3.4879
3.4572
3.4266
3.3962
3.3658
3.3356
3.3054
3.2755
3.2456
3.2159
3.1862
3.1568
3.1275
3.0983
3.0693
3.0404
3.0117
2.9831
2.9548
2.9266
2.8985
2.8707
2.843
2.8156
2.7883
2.7613
2.7344
2.7078
2.6814
2.6552
2.6293
2.6036
2.6075
2.6113
2.6152
2.6191
2.623
2.6269
2.6308
2.6347
2.6386
2.6426
2.6465
2.6505
2.6545
2.6585
2.6625
2.6665
2.6705
2.6746
2.6786
2.6827
2.6868
2.6909
2.695
2.6991
2.7032
2.7073
2.7114
2.7156
2.7198
2.7239
2.7281
2.7323
2.7365
2.7407
2.745
2.7492
2.7535
2.7577
2.762
2.7663
2.7705
2.7748
2.7792
2.7835
2.7878
2.7921
2.7965
2.8009
2.8052
2.8096
2.814
2.8184
2.8228
2.8272
2.8317
2.8361
2.8405
2.845
2.8495
2.8539
2.8542
2.8544
2.8547
2.855
2.8553
2.8556
2.856
2.8563
2.8567
2.857
2.8574
2.8578
2.8582
2.8586
2.859
2.8595
2.8599
2.8604
2.8609
2.8614
2.8619
2.8624
2.8629
2.8635
2.864
2.8646
2.8652
2.8658
2.8664
2.867
2.8676
2.8682
2.8689
2.8696
2.8702
2.8709
2.8716
2.8724
2.8731
2.8738
2.8746
2.8754
2.8761
2.8769
2.8777
2.8785
2.8794
2.8802
2.8811
2.8819
2.8828
2.8837
2.8846
2.8855
2.8865
2.8874
2.8883
2.8893
2.8903
2.8913
2.8903
2.8893
2.8884
2.8875
2.8866
2.8857
2.8849
2.884
2.8832
2.8825
2.8817
2.881
2.8803
2.8796
2.8789
2.8783
2.8777
2.8771
2.8765
2.876
2.8754
2.8749
2.8745
2.874
2.8736
2.8732
2.8728
2.8724
2.8721
2.8718
2.8715
2.8712
2.871
2.8708
2.8706
2.8704
2.8703
2.8701
2.87
2.8699
2.8699
2.8699
2.8698
2.8699
2.8699
2.87
2.87
2.8702
2.8703
2.8704
2.8706
2.8708
2.871
2.8713
2.8716
2.8719
2.8722
2.8725
2.8729
2.8733
2.8703
2.8674
2.8645
2.8616
2.8587
2.8559
2.8531
2.8502
2.8475
2.8447
2.8419
2.8392
2.8365
2.8338
2.8311
2.8285
2.8259
2.8233
2.8207
2.8181
2.8156
2.813
2.8105
2.8081
2.8056
2.8032
2.8007
2.7983
2.796
2.7936
2.7913
2.7889
2.7867
2.7844
2.7821
2.7799
2.7777
2.7755
2.7734
2.7712
2.7691
2.767
2.7649
2.7629
2.7608
2.7588
2.7568
2.7549
2.7529
2.751
2.7491
2.7472
2.7454
2.7435
2.7417
2.7399
2.7382
2.7364
2.7347
2.733
2.7317
2.7305
2.7293
2.7281
2.727
2.726
2.725
2.7241
2.7232
2.7224
2.7216
2.7209
2.7202
2.7196
2.719
2.7185
2.718
2.7176
2.7172
2.7169
2.7167
2.7165
2.7163
2.7162
2.7162
2.7162
2.7163
2.7164
2.7166
2.7168
2.7171
2.7174
2.7178
2.7182
2.7187
2.7192
2.7198
2.7204
2.7211
2.7219
2.7227
2.7235
2.7244
2.7254
2.7264
2.7275
2.7286
2.7297
2.7309
2.7322
2.7335
2.7349
2.7363
2.7378
2.7393
2.7409
2.7425
2.7442
2.7459
2.7477
2.7509
2.7542
2.7575
2.7608
2.7641
2.7675
2.7708
2.7742
2.7777
2.7811
2.7846
2.7881
2.7916
2.7951
2.7987
2.8023
2.8059
2.8095
2.8132
2.8168
2.8205
2.8242
2.828
2.8317
2.8355
2.8393
2.8432
2.847
2.8509
2.8548
2.8587
2.8626
2.8666
2.8705
2.8745
2.8786
2.8826
2.8867
2.8907
2.8948
2.899
2.9031
2.9073
2.9114
2.9156
2.9199
2.9241
2.9284
2.9326
2.9369
2.9413
2.9456
2.95
2.9543
2.9587
2.9632
2.9676
2.972
2.9765
2.981
2.9853
2.9896
2.9939
2.9983
3.0027
3.0071
3.0115
3.016
3.0205
3.025
3.0296
3.0341
3.0387
3.0433
3.048
3.0526
3.0573
3.062
3.0668
3.0715
3.0763
3.0811
3.086
3.0908
3.0957
3.1006
3.1055
3.1105
3.1155
3.1205
3.1255
3.1305
3.1356
3.1407
3.1458
3.1509
3.1561
3.1613
3.1664
3.1717
3.1769
3.1822
3.1875
3.1928
3.1981
3.2034
3.2088
3.2142
3.2196
3.2251
3.2305
3.236
3.2415
3.247
3.2525
3.2581
3.2637
3.2693
3.2749
3.2805
3.2895
3.2985
3.3075
3.3165
3.3255
3.3345
3.3436
3.3527
3.3617
3.3709
3.38
3.3891
3.3983
3.4074
3.4166
3.4258
3.435
3.4442
3.4535
3.4627
3.472
3.4813
3.4905
3.4998
3.5092
3.5185
3.5278
3.5372
3.5466
3.556
3.5654
3.5748
3.5842
3.5936
3.6031
3.6125
3.622
3.6315
3.641
3.6505
3.66
3.6696
3.6791
3.6887
3.6982
3.7078
3.7174
3.727
3.7366
3.7463
3.7559
3.7655
3.7752
3.7849
3.7946
3.8042
3.8139
3.8237
3.8334
3.8431
3.8408
3.8385
3.8363
3.8342
3.8321
3.83
3.828
3.8261
3.8242
3.8223
3.8205
3.8188
3.8171
3.8155
3.8139
3.8123
3.8109
3.8094
3.808
3.8067
3.8054
3.8042
3.803
3.8019
3.8009
3.7998
3.7989
3.798
3.7971
3.7963
3.7956
3.7949
3.7942
3.7936
3.7931
3.7926
3.7922
3.7918
3.7914
3.7912
3.7909
3.7908
3.7907
3.7906
3.7906
3.7906
3.7907
3.7909
3.7911
3.7913
3.7916
3.792
3.7924
3.7928
3.7934
3.7939
3.7945
3.7952
3.7959
3.7967
3.802
3.8072
3.8124
3.8177
3.8229
3.8281
3.8334
3.8386
3.8438
3.8491
3.8543
3.8596
3.8648
3.87
3.8753
3.8805
3.8858
3.891
3.8963
3.9015
3.9067
3.912
3.9172
3.9225
3.9277
3.933
3.9382
3.9435
3.9487
3.954
3.9592
3.9645
3.9697
3.975
3.9802
3.9855
3.9908
3.996
4.0013
4.0065
4.0118
4.017
4.0223
4.0276
4.0328
4.0381
4.0434
4.0486
4.0539
4.0591
4.0644
4.0697
4.0749
4.0802
4.0855
4.0907
4.096
4.1013
4.1065
4.1118
4.1109
4.1101
4.1092
4.1083
4.1074
4.1066
4.1057
4.1048
4.1039
4.1031
4.1022
4.1013
4.1005
4.0996
4.0987
4.0979
4.097
4.0962
4.0953
4.0944
4.0936
4.0927
4.0919
4.091
4.0902
4.0893
4.0885
4.0876
4.0868
4.0859
4.0851
4.0842
4.0834
4.0825
4.0817
4.0809
4.08
4.0792
4.0783
4.0775
4.0767
4.0758
4.075
4.0742
4.0734
4.0725
4.0717
4.0709
4.07
4.0692
4.0684
4.0676
4.0668
4.0659
4.0651
4.0643
4.0635
4.0627
4.0619
4.061
4.0606
4.0601
4.0596
4.0591
4.0587
4.0582
4.0578
4.0573
4.0569
4.0564
4.056
4.0556
4.0551
4.0547
4.0543
4.0539
4.0535
4.0531
4.0527
4.0523
4.0519
4.0515
4.0511
4.0508
4.0504
4.05
4.0497
4.0493
4.049
4.0486
4.0483
4.0479
4.0476
4.0473
4.0469
4.0466
4.0463
4.046
4.0457
4.0454
4.0451
4.0448
4.0445
4.0443
4.044
4.0437
4.0434
4.0432
4.0429
4.0427
4.0424
4.0422
4.0419
4.0417
4.0415
4.0413
4.041
4.0408
4.0406
4.0404
4.0404
4.0403
4.0403
4.0403
4.0402
4.0402
4.0402
4.0402
4.0401
4.0401
4.0401
4.0401
4.0401
4.0401
4.0401
4.0401
4.0401
4.0401
4.0401
4.0402
4.0402
4.0402
4.0402
4.0403
4.0403
4.0403
4.0404
4.0404
4.0405
4.0405
4.0406
4.0406
4.0407
4.0407
4.0408
4.0409
4.041
4.041
4.0411
4.0412
4.0413
4.0414
4.0415
4.0416
4.0417
4.0418
4.0419
4.042
4.0421
4.0422
4.0423
4.0424
4.0426
4.0427
4.0428
4.0429
4.0431
4.0432
4.0434
4.0435
4.0418
4.0401
4.0385
4.0368
4.0351
4.0335
4.0318
4.0302
4.0285
4.0269
4.0253
4.0237
4.0221
4.0205
4.0189
4.0173
4.0157
4.0142
4.0126
4.011
4.0095
4.008
4.0064
4.0049
4.0034
4.0019
4.0004
3.9989
3.9974
3.9959
3.9944
3.993
3.9915
3.9901
3.9886
3.9872
3.9858
3.9844
3.9829
3.9815
3.9801
3.9788
3.9774
3.976
3.9746
3.9733
3.9719
3.9706
3.9693
3.9679
3.9666
3.9653
3.964
3.9627
3.9614
3.9601
3.9588
3.9576
3.9563
3.9551
3.9575
3.9599
3.9624
3.9648
3.9673
3.9697
3.9722
3.9746
3.9771
3.9796
3.9821
3.9846
3.9871
3.9896
3.9921
3.9946
3.9971
3.9996
4.0021
4.0047
4.0072
4.0098
4.0123
4.0149
4.0174
4.02
4.0226
4.0251
4.0277
4.0303
4.0329
4.0355
4.0381
4.0407
4.0433
4.0459
4.0486
4.0512
4.0538
4.0565
4.0591
4.0618
4.0644
4.0671
4.0698
4.0724
4.0751
4.0778
4.0805
4.0832
4.0859
4.0886
4.0913
4.094
4.0967
4.0994
4.1022
4.1049
4.1077
4.1104
4.0897
4.069
4.0483
4.0277
4.007
3.9864
3.9657
3.9451
3.9245
3.9039
3.8833
3.8628
3.8422
3.8216
3.8011
3.7806
3.7601
3.7396
3.7191
3.6986
3.6781
3.6577
3.6373
3.6169
3.5965
3.5761
3.5557
3.5353
3.515
3.4947
3.4744
3.4541
3.4338
3.4136
3.3933
3.3731
3.3529
3.3327
3.3125
3.2924
3.2723
3.2522
3.2321
3.212
3.192
3.1719
3.1519
3.1319
3.112
3.0921
3.0721
3.0523
3.0324
3.0126
2.9927
2.973
2.9532
2.9335
2.9138
2.8941
2.8942
2.8944
2.8945
2.8947
2.8948
2.895
2.8951
2.8953
2.8954
2.8956
2.8957
2.8959
2.896
2.8962
2.8963
2.8965
2.8966
2.8968
2.897
2.8971
2.8973
2.8974
2.8976
2.8978
2.8979
2.8981
2.8983
2.8984
2.8986
2.8988
2.8989
2.8991
2.8993
2.8994
2.8996
2.8998
2.8999
2.9001
2.9003
2.9005
2.9006
2.9008
2.901
2.9012
2.9014
2.9015
2.9017
2.9019
2.9021
2.9023
2.9024
2.9026
2.9028
2.903
2.9032
2.9034
2.9036
2.9038
2.9039
2.9041
2.9015
2.8989
2.8963
2.8937
2.8911
2.8885
2.8859
2.8833
2.8807
2.8781
2.8755
2.8729
2.8704
2.8678
2.8652
2.8626
2.86
2.8574
2.8549
2.8523
2.8497
2.8471
2.8446
2.842
2.8394
2.8368
2.8343
2.8317
2.8292
2.8266
2.824
2.8215
2.8189
2.8164
2.8138
2.8113
2.8087
2.8062
2.8036
2.8011
2.7985
2.796
2.7934
2.7909
2.7884
2.7858
2.7833
2.7808
2.7782
2.7757
2.7732
2.7707
2.7682
2.7656
2.7631
2.7606
2.7581
2.7556
2.7531
2.7506
2.7389
2.7273
2.7157
2.7042
2.6927
2.6813
2.67
2.6587
2.6474
2.6362
2.6251
2.614
2.603
2.5921
2.5812
2.5704
2.5596
2.5489
2.5383
2.5277
2.5172
2.5068
2.4964
2.4861
2.4759
2.4658
2.4557
2.4457
2.4357
2.4258
2.416
2.4063
2.3967
2.3871
2.3776
2.3682
2.3589
2.3496
2.3405
2.3314
2.3224
2.3135
2.3047
2.2959
2.2873
2.2787
2.2702
2.2619
2.2536
2.2454
2.2373
2.2293
2.2213
2.2135
2.2058
2.1982
2.1907
2.1833
2.176
2.1687
2.1621
2.1555
2.149
2.1425
2.1361
2.1298
2.1235
2.1173
2.1111
2.105
2.0989
2.0929
2.087
2.0811
2.0753
2.0696
2.0639
2.0583
2.0527
2.0472
2.0418
2.0365
2.0312
2.026
2.0208
2.0157
2.0107
2.0058
2.0009
1.9961
1.9913
1.9867
1.9821
1.9775
1.9731
1.9687
1.9644
1.9602
1.956
1.952
1.948
1.944
1.9402
1.9364
1.9327
1.9291
1.9256
1.9221
1.9187
1.9154
1.9122
1.9091
1.906
1.903
1.9001
1.8973
1.8946
1.8919
1.8894
1.8869
1.8859
1.8851
1.8843
1.8835
1.8829
1.8823
1.8818
1.8813
1.881
1.8806
1.8804
1.8802
1.8801
1.8801
1.8801
1.8803
1.8804
1.8807
1.881
1.8814
1.8819
1.8824
1.883
1.8837
1.8844
1.8852
1.8861
1.887
1.8881
1.8892
1.8903
1.8915
1.8928
1.8942
1.8956
1.8971
1.8987
1.9003
1.902
1.9038
1.9056
1.9075
1.9095
1.9116
1.9137
1.9158
1.9181
1.9204
1.9228
1.9252
1.9277
1.9303
1.9329
1.9356
1.9384
1.9412
1.9441
1.947
1.95
1.9531
1.9537
1.9544
1.955
1.9557
1.9565
1.9572
1.958
1.9588
1.9597
1.9606
1.9615
1.9624
1.9634
1.9644
1.9654
1.9664
1.9675
1.9686
1.9698
1.971
1.9722
1.9734
1.9746
1.9759
1.9772
1.9786
1.98
1.9814
1.9828
1.9842
1.9857
1.9872
1.9888
1.9904
1.992
1.9936
1.9952
1.9969
1.9986
2.0004
2.0021
2.0039
2.0058
2.0076
2.0095
2.0114
2.0133
2.0153
2.0173
2.0193
2.0213
2.0234
2.0255
2.0276
2.0297
2.0319
2.0341
2.0363
2.0386
2.0409
2.0456
2.0503
2.055
2.0597
2.0645
2.0692
2.0739
2.0787
2.0835
2.0882
2.093
2.0978
2.1026
2.1074
2.1122
2.117
2.1219
2.1267
2.1315
2.1364
2.1412
2.1461
2.151
2.1559
2.1607
2.1656
2.1705
2.1754
2.1804
2.1853
2.1902
2.1951
2.2001
2.205
2.21
2.2149
2.2199
2.2249
2.2299
2.2349
2.2398
2.2448
2.2499
2.2549
2.2599
2.2649
2.2699
2.275
2.28
2.2851
2.2901
2.2952
2.3003
2.3053
2.3104
2.3155
2.3206
2.3257
2.3308
2.3359
2.3428
2.3498
2.3568
2.3638
2.3708
2.3778
2.3849
2.392
2.3991
2.4062
2.4134
2.4206
2.4278
2.435
2.4422
2.4495
2.4568
2.464
2.4714
2.4787
2.4861
2.4934
2.5008
2.5083
2.5157
2.5231
2.5306
2.5381
2.5456
2.5531
2.5607
2.5682
2.5758
2.5834
2.591
2.5987
2.6063
2.614
2.6216
2.6293
2.6371
2.6448
2.6525
2.6603
2.6681
2.6759
2.6837
2.6915
2.6993
2.7072
2.7151
2.723
2.7309
2.7388
2.7467
2.7546
2.7626
2.7706
2.7786
2.7865
2.7877
2.789
2.7902
2.7914
2.7927
2.794
2.7953
2.7966
2.7979
2.7993
2.8007
2.802
2.8034
2.8049
2.8063
2.8077
2.8092
2.8107
2.8122
2.8137
2.8152
2.8167
2.8183
2.8199
2.8215
2.8231
2.8247
2.8263
2.828
2.8297
2.8314
2.8331
2.8348
2.8365
2.8383
2.84
2.8418
2.8436
2.8454
2.8473
2.8491
2.851
2.8528
2.8547
2.8566
2.8586
2.8605
2.8625
2.8644
2.8664
2.8684
2.8704
2.8725
2.8745
2.8766
2.8786
2.8807
2.8828
2.885
2.8871
2.8879
2.8888
2.8897
2.8906
2.8915
2.8924
2.8933
2.8943
2.8953
2.8962
2.8972
2.8982
2.8993
2.9003
2.9013
2.9024
2.9035
2.9046
2.9057
2.9068
2.9079
2.9091
2.9102
2.9114
2.9126
2.9138
2.915
2.9163
2.9175
2.9188
2.92
2.9213
2.9226
2.924
2.9253
2.9266
2.928
2.9294
2.9307
2.9321
2.9336
2.935
2.9364
2.9379
2.9393
2.9408
2.9423
2.9438
2.9454
2.9469
2.9484
2.95
2.9516
2.9532
2.9548
2.9564
2.958
2.9597
2.9613
2.963
2.9615
2.9599
2.9584
2.9569
2.9554
2.9538
2.9523
2.9508
2.9493
2.9478
2.9463
2.9448
2.9433
2.9418
2.9403
2.9388
2.9373
2.9359
2.9344
2.9329
2.9314
2.93
2.9285
2.9271
2.9256
2.9241
2.9227
2.9212
2.9198
2.9184
2.9169
2.9155
2.9141
2.9126
2.9112
2.9098
2.9084
2.907
2.9055
2.9041
2.9027
2.9013
2.8999
2.8985
2.8972
2.8958
2.8944
2.893
2.8916
2.8902
2.8889
2.8875
2.8861
2.8848
2.8834
2.8821
2.8807
2.8794
2.878
2.8767
2.8764
2.8761
2.8758
2.8755
2.8753
2.875
2.8747
2.8744
2.8741
2.8739
2.8736
2.8734
2.8731
2.8728
2.8726
2.8723
2.8721
2.8719
2.8716
2.8714
2.8711
2.8709
2.8707
2.8705
2.8702
2.87
2.8698
2.8696
2.8694
2.8692
2.869
2.8688
2.8686
2.8684
2.8682
2.868
2.8679
2.8677
2.8675
2.8673
2.8672
2.867
2.8668
2.8667
2.8665
2.8664
2.8662
2.8661
2.8659
2.8658
2.8656
2.8655
2.8654
2.8652
2.8651
2.865
2.8649
2.8648
2.8646
2.8645
2.862
2.8595
2.857
2.8545
2.8521
2.8496
2.8471
2.8447
2.8422
2.8398
2.8373
2.8349
2.8325
2.83
2.8276
2.8252
2.8228
2.8204
2.818
2.8157
2.8133
2.8109
2.8086
2.8062
2.8039
2.8015
2.7992
2.7969
2.7946
2.7923
2.79
2.7877
2.7854
2.7831
2.7808
2.7786
2.7763
2.774
2.7718
2.7696
2.7673
2.7651
2.7629
2.7607
2.7585
2.7563
2.7541
2.7519
2.7497
2.7476
2.7454
2.7433
2.7411
2.739
2.7369
2.7347
2.7326
2.7305
2.7284
2.7263
2.7254
2.7245
2.7237
2.7228
2.7219
2.7211
2.7202
2.7194
2.7186
2.7178
2.717
2.7162
2.7154
2.7147
2.7139
2.7132
2.7124
2.7117
2.711
2.7103
2.7096
2.7089
2.7083
2.7076
2.707
2.7063
2.7057
2.7051
2.7045
2.7039
2.7033
2.7028
2.7022
2.7017
2.7011
2.7006
2.7001
2.6996
2.6991
2.6986
2.6982
2.6977
2.6973
2.6968
2.6964
2.696
2.6956
2.6952
2.6948
2.6945
2.6941
2.6937
2.6934
2.6931
2.6928
2.6925
2.6922
2.6919
2.6916
2.6914
2.6882
2.6851
2.6821
2.6791
2.6762
2.6734
2.6706
2.6679
2.6653
2.6627
2.6602
2.6577
2.6553
2.653
2.6507
2.6485
2.6464
2.6443
2.6423
2.6404
2.6385
2.6367
2.635
2.6333
2.6317
2.6302
2.6287
2.6273
2.626
2.6247
2.6235
2.6224
2.6213
2.6203
2.6194
2.6185
2.6177
2.617
2.6163
2.6157
2.6152
2.6147
2.6143
2.614
2.6137
2.6135
2.6134
2.6134
2.6134
2.6135
2.6136
2.6138
2.6141
2.6145
2.6149
2.6154
2.6159
2.6165
2.6172
2.618
2.6198
2.6216
2.6234
2.6253
2.6272
2.6291
2.6311
2.6331
2.6351
2.6372
2.6392
2.6414
2.6435
2.6457
2.6479
2.6501
2.6524
2.6547
2.657
2.6594
2.6618
2.6642
2.6667
2.6692
2.6717
2.6742
2.6768
2.6794
2.682
2.6847
2.6874
2.6901
2.6928
2.6956
2.6984
2.7012
2.7041
2.707
2.7099
2.7129
2.7158
2.7188
2.7219
2.7249
2.728
2.7311
2.7343
2.7375
2.7407
2.7439
2.7471
2.7504
2.7537
2.7571
2.7604
2.7638
2.7672
2.7707
2.7741
2.7776
2.7795
2.7814
2.7833
2.7852
2.7872
2.7893
2.7914
2.7935
2.7956
2.7978
2.8001
2.8024
2.8047
2.8071
2.8095
2.8119
2.8144
2.8169
2.8194
2.822
2.8247
2.8274
2.8301
2.8328
2.8356
2.8384
2.8413
2.8442
2.8472
2.8501
2.8532
2.8562
2.8593
2.8624
2.8656
2.8688
2.8721
2.8753
2.8787
2.882
2.8854
2.8888
2.8923
2.8958
2.8993
2.9029
2.9065
2.9102
2.9138
2.9176
2.9213
2.9251
2.9289
2.9328
2.9367
2.9406
2.9445
2.9485
2.9526
2.9566
2.9589
2.9612
2.9635
2.9659
2.9683
2.9707
2.9732
2.9756
2.9781
2.9807
2.9832
2.9858
2.9884
2.9911
2.9938
2.9965
2.9992
3.0019
3.0047
3.0075
3.0104
3.0133
3.0161
3.0191
3.022
3.025
3.028
3.031
3.0341
3.0372
3.0403
3.0434
3.0466
3.0498
3.053
3.0562
3.0595
3.0628
3.0661
3.0695
3.0728
3.0762
3.0797
3.0831
3.0866
3.0901
3.0936
3.0972
3.1007
3.1044
3.108
3.1116
3.1153
3.119
3.1227
3.1265
3.1303
3.1341
3.1379
3.1417
3.1431
3.1445
3.146
3.1474
3.1489
3.1504
3.1519
3.1534
3.155
3.1565
3.1581
3.1597
3.1614
3.163
3.1647
3.1663
3.168
3.1698
3.1715
3.1733
3.175
3.1768
3.1786
3.1805
3.1823
3.1842
3.1861
3.188
3.1899
3.1919
3.1938
3.1958
3.1978
3.1998
3.2019
3.2039
3.206
3.2081
3.2102
3.2123
3.2145
3.2166
3.2188
3.221
3.2232
3.2254
3.2277
3.23
3.2323
3.2346
3.2369
3.2392
3.2416
3.244
3.2464
3.2488
3.2512
3.2537
3.2561
3.2586
3.2637
3.2687
3.2738
3.2788
3.2839
3.289
3.2941
3.2992
3.3043
3.3094
3.3145
3.3197
3.3248
3.3299
3.3351
3.3403
3.3454
3.3506
3.3558
3.3609
3.3661
3.3713
3.3765
3.3817
3.387
3.3922
3.3974
3.4026
3.4079
3.4131
3.4184
3.4237
3.4289
3.4342
3.4395
3.4448
3.4501
3.4554
3.4607
3.466
3.4713
3.4766
3.482
3.4873
3.4926
3.498
3.5033
3.5087
3.5141
3.5194
3.5248
3.5302
3.5356
3.541
3.5464
3.5518
3.5572
3.5626
3.5681
3.5735
3.5737
3.574
3.5742
3.5744
3.5747
3.5749
3.5751
3.5754
3.5756
3.5758
3.5761
3.5763
3.5765
3.5767
3.577
3.5772
3.5774
3.5777
3.5779
3.5781
3.5784
3.5786
3.5788
3.5791
3.5793
3.5795
3.5798
3.58
3.5802
3.5805
3.5807
3.5809
3.5812
3.5814
3.5816
3.5818
3.5821
3.5823
3.5825
3.5828
3.583
3.5832
3.5835
3.5837
3.5839
3.5842
3.5844
3.5846
3.5849
3.5851
3.5853
3.5856
3.5858
3.586
3.5863
3.5865
3.5867
3.5869
3.5872
3.5874
3.5868
3.5863
3.5857
3.5851
3.5846
3.584
3.5834
3.5829
3.5823
3.5817
3.5812
3.5806
3.5801
3.5795
3.5789
3.5784
3.5778
3.5772
3.5767
3.5761
3.5756
3.575
3.5744
3.5739
3.5733
3.5727
3.5722
3.5716
3.5711
3.5705
3.57
3.5694
3.5688
3.5683
3.5677
3.5672
3.5666
3.5661
3.5655
3.5649
3.5644
3.5638
3.5633
3.5627
3.5622
3.5616
3.5611
3.5605
3.56
3.5594
3.5588
3.5583
3.5577
3.5572
3.5566
3.5561
3.5555
3.555
3.5544
3.5539
3.5705
3.5871
3.6037
3.6204
3.637
3.6536
3.6702
3.6868
3.7035
3.7201
3.7367
3.7533
3.77
3.7866
3.8032
3.8199
3.8365
3.8531
3.8697
3.8864
3.903
3.9196
3.9363
3.9529
3.9696
3.9862
4.0028
4.0195
4.0361
4.0528
4.0694
4.086
4.1027
4.1193
4.136
4.1526
4.1693
4.1859
4.2026
4.2192
4.2359
4.2525
4.2692
4.2858
4.3025
4.3191
4.3358
4.3524
4.3691
4.3857
4.4024
4.419
4.4357
4.4523
4.469
4.4857
4.5023
4.519
4.5356
4.5523
4.5458
4.5394
4.5329
4.5265
4.52
4.5136
4.5072
4.5008
4.4943
4.4879
4.4815
4.4751
4.4687
4.4623
4.4559
4.4495
4.4431
4.4368
4.4304
4.424
4.4177
4.4113
4.405
4.3986
4.3923
4.3859
4.3796
4.3733
4.367
4.3607
4.3543
4.348
4.3417
4.3355
4.3292
4.3229
4.3166
4.3104
4.3041
4.2978
4.2916
4.2853
4.2791
4.2729
4.2666
4.2604
4.2542
4.248
4.2418
4.2356
4.2294
4.2232
4.217
4.2108
4.2047
4.1985
4.1924
4.1862
4.1801
4.1739
4.1754
4.1768
4.1782
4.1796
4.1811
4.1825
4.1839
4.1854
4.1868
4.1882
4.1896
4.1911
4.1925
4.1939
4.1953
4.1968
4.1982
4.1996
4.2011
4.2025
4.2039
4.2053
4.2068
4.2082
4.2096
4.2111
4.2125
4.2139
4.2153
4.2168
4.2182
4.2196
4.2211
4.2225
4.2239
4.2253
4.2268
4.2282
4.2296
4.2311
4.2325
4.2339
4.2353
4.2368
4.2382
4.2396
4.2411
4.2425
4.2439
4.2453
4.2468
4.2482
4.2496
4.2511
4.2525
4.2539
4.2553
4.2568
4.2582
4.2596
4.2594
4.2591
4.2589
4.2587
4.2584
4.2582
4.258
4.2577
4.2575
4.2573
4.2571
4.2568
4.2566
4.2564
4.2562
4.256
4.2558
4.2555
4.2553
4.2551
4.2549
4.2547
4.2545
4.2543
4.2541
4.2539
4.2537
4.2535
4.2533
4.2532
4.253
4.2528
4.2526
4.2524
4.2522
4.2521
4.2519
4.2517
4.2515
4.2514
4.2512
4.251
4.2509
4.2507
4.2506
4.2504
4.2502
4.2501
4.2499
4.2498
4.2496
4.2495
4.2493
4.2492
4.2491
4.2489
4.2488
4.2487
4.2485
4.2484
4.2491
4.2499
4.2506
4.2514
4.2521
4.2529
4.2536
4.2544
4.2551
4.2559
4.2566
4.2574
4.2581
4.2589
4.2596
4.2604
4.2611
4.2619
4.2626
4.2634
4.2642
4.2649
4.2657
4.2664
4.2672
4.2679
4.2687
4.2694
4.2702
4.271
4.2717
4.2725
4.2732
4.274
4.2747
4.2755
4.2763
4.277
4.2778
4.2785
4.2793
4.2801
4.2808
4.2816
4.2824
4.2831
4.2839
4.2846
4.2854
4.2862
4.2869
4.2877
4.2885
4.2892
4.29
4.2908
4.2915
4.2923
4.2931
4.2938
4.2888
4.2837
4.2786
4.2736
4.2686
4.2636
4.2586
4.2536
4.2486
4.2436
4.2386
4.2337
4.2287
4.2238
4.2189
4.214
4.2091
4.2042
4.1993
4.1944
4.1896
4.1847
4.1799
4.1751
4.1703
4.1655
4.1607
4.1559
4.1512
4.1464
4.1417
4.1369
4.1322
4.1275
4.1228
4.1181
4.1135
4.1088
4.1042
4.0995
4.0949
4.0903
4.0857
4.0811
4.0765
4.072
4.0674
4.0629
4.0584
4.0539
4.0494
4.0449
4.0404
4.0359
4.0315
4.027
4.0226
4.0182
4.0138
4.0094
4.0029
3.9965
3.9901
3.9837
3.9774
3.9711
3.9648
3.9585
3.9523
3.9461
3.94
3.9339
3.9278
3.9217
3.9157
3.9097
3.9038
3.8979
3.892
3.8862
3.8804
3.8746
3.8689
3.8632
3.8575
3.8519
3.8463
3.8407
3.8352
3.8297
3.8242
3.8188
3.8134
3.8081
3.8028
3.7975
3.7923
3.7871
3.7819
3.7768
3.7717
3.7667
3.7617
3.7567
3.7518
3.7469
3.7421
3.7373
3.7325
3.7277
3.7231
3.7184
3.7138
3.7092
3.7047
3.7002
3.6957
3.6913
3.6869
3.6826
3.6885
3.6943
3.7002
3.7061
3.7119
3.7178
3.7237
3.7295
3.7354
3.7413
3.7471
3.753
3.7589
3.7648
3.7706
3.7765
3.7824
3.7882
3.7941
3.8
3.8059
3.8117
3.8176
3.8235
3.8294
3.8353
3.8411
3.847
3.8529
3.8588
3.8647
3.8705
3.8764
3.8823
3.8882
3.8941
3.9
3.9058
3.9117
3.9176
3.9235
3.9294
3.9353
3.9412
3.9471
3.9529
3.9588
3.9647
3.9706
3.9765
3.9824
3.9883
3.9942
4.0001
4.006
4.0119
4.0178
4.0237
4.0296
4.0355
4.0399
4.0443
4.0489
4.0535
4.0582
4.0629
4.0677
4.0726
4.0775
4.0825
4.0876
4.0927
4.0979
4.1031
4.1084
4.1138
4.1192
4.1247
4.1303
4.1359
4.1416
4.1474
4.1532
4.159
4.165
4.1709
4.177
4.1831
4.1893
4.1955
4.2018
4.2081
4.2145
4.221
4.2275
4.2341
4.2407
4.2474
4.2541
4.2609
4.2678
4.2747
4.2817
4.2887
4.2958
4.3029
4.3101
4.3173
4.3246
4.332
4.3394
4.3468
4.3543
4.3619
4.3695
4.3772
4.3849
4.3927
4.4005
4.4083
4.4126
4.4169
4.4212
4.4256
4.4301
4.4346
4.4391
4.4437
4.4483
4.453
4.4577
4.4625
4.4673
4.4722
4.4771
4.482
4.487
4.4921
4.4971
4.5023
4.5074
4.5127
4.5179
4.5232
4.5286
4.534
4.5394
4.5449
4.5504
4.556
4.5616
4.5673
4.573
4.5787
4.5845
4.5903
4.5962
4.6021
4.6081
4.6141
4.6201
4.6262
4.6323
4.6385
4.6447
4.6509
4.6572
4.6635
4.6699
4.6763
4.6828
4.6892
4.6958
4.7023
4.7089
4.7156
4.7222
4.729
4.7357
4.7425
4.7316
4.7207
4.7101
4.6996
4.6892
4.679
4.669
4.6592
4.6494
4.6399
4.6305
4.6213
4.6122
4.6034
4.5946
4.5861
4.5777
4.5695
4.5615
4.5536
4.5459
4.5384
4.531
4.5239
4.5169
4.51
4.5034
4.4969
4.4906
4.4845
4.4786
4.4729
4.4673
4.4619
4.4567
4.4517
4.4469
4.4423
4.4378
4.4335
4.4295
4.4256
4.4219
4.4184
4.415
4.4119
4.4089
4.4062
4.4036
4.4013
4.3991
4.3971
4.3953
4.3937
4.3922
4.391
4.39
4.3892
4.3885
4.3881
4.3867
4.3854
4.3842
4.3829
4.3816
4.3804
4.3791
4.3779
4.3767
4.3755
4.3743
4.3731
4.372
4.3708
4.3697
4.3685
4.3674
4.3663
4.3652
4.3641
4.3631
4.362
4.361
4.36
4.3589
4.3579
4.3569
4.356
4.355
4.354
4.3531
4.3522
4.3512
4.3503
4.3494
4.3486
4.3477
4.3468
4.346
4.3452
4.3444
4.3436
4.3428
4.342
4.3412
4.3405
4.3397
4.339
4.3383
4.3376
4.3369
4.3362
4.3355
4.3349
4.3342
4.3336
4.333
4.3324
4.3318
4.3312
4.3273
4.3235
4.3197
4.316
4.3123
4.3088
4.3052
4.3018
4.2984
4.2951
4.2918
4.2886
4.2855
4.2825
4.2795
4.2765
4.2737
4.2709
4.2681
4.2655
4.2629
4.2603
4.2579
4.2555
4.2532
4.2509
4.2487
4.2466
4.2445
4.2425
4.2406
4.2387
4.2369
4.2352
4.2336
4.232
4.2305
4.229
4.2276
4.2263
4.2251
4.2239
4.2228
4.2217
4.2208
4.2199
4.219
4.2183
4.2176
4.2169
4.2164
4.2159
4.2155
4.2151
4.2148
4.2146
4.2145
4.2144
4.2144
4.2144
4.2074
4.2004
4.1935
4.1867
4.1799
4.1732
4.1665
4.1599
4.1533
4.1468
4.1404
4.134
4.1277
4.1215
4.1153
4.1091
4.1031
4.0971
4.0911
4.0853
4.0794
4.0737
4.068
4.0624
4.0568
4.0513
4.0459
4.0405
4.0352
4.03
4.0248
4.0197
4.0146
4.0097
4.0047
3.9999
3.9951
3.9904
3.9858
3.9812
3.9767
3.9723
3.9679
3.9636
3.9594
3.9552
3.9511
3.9471
3.9431
3.9392
3.9354
3.9317
3.928
3.9244
3.9209
3.9174
3.914
3.9107
3.9075
3.9043
3.8987
3.8932
3.8877
3.8824
3.8772
3.8721
3.8671
3.8622
3.8574
3.8527
3.8482
3.8437
3.8393
3.8351
3.8309
3.8269
3.823
3.8191
3.8154
3.8118
3.8083
3.805
3.8017
3.7985
3.7955
3.7925
3.7897
3.787
3.7844
3.7819
3.7795
3.7773
3.7751
3.7731
3.7712
3.7694
3.7677
3.7661
3.7646
3.7633
3.762
3.7609
3.7599
3.759
3.7582
3.7576
3.757
3.7566
3.7563
3.7561
3.756
3.756
3.7562
3.7564
3.7568
3.7573
3.7579
3.7586
3.7594
3.7604
3.7598
3.7594
3.7592
3.7591
3.7592
3.7594
3.7597
3.7602
3.7608
3.7616
3.7626
3.7637
3.7649
3.7663
3.7678
3.7695
3.7713
3.7733
3.7754
3.7777
3.7801
3.7826
3.7853
3.7882
3.7912
3.7943
3.7976
3.801
3.8046
3.8083
3.8121
3.8161
3.8203
3.8245
3.829
3.8335
3.8382
3.8431
3.848
3.8531
3.8584
3.8638
3.8693
3.875
3.8807
3.8867
3.8927
3.8989
3.9053
3.9117
3.9183
3.925
3.9319
3.9389
3.946
3.9532
3.9606
3.9681
3.9757
3.9834
3.9675
3.9519
3.9368
3.922
3.9077
3.8937
3.8802
3.8671
3.8544
3.8422
3.8304
3.819
3.8081
3.7976
3.7876
3.778
3.7689
3.7603
3.7521
3.7444
3.7371
3.7303
3.724
3.7182
3.7129
3.708
3.7036
3.6997
3.6963
3.6934
3.6909
3.689
3.6875
3.6866
3.6861
3.6861
3.6867
3.6877
3.6892
3.6912
3.6936
3.6966
3.7001
3.704
3.7085
3.7134
3.7188
3.7246
3.731
3.7378
3.7451
3.7529
3.7611
3.7698
3.779
3.7886
3.7987
3.8092
3.8202
3.8316
3.8432
3.8548
3.8664
3.878
3.8897
3.9014
3.9131
3.9248
3.9365
3.9483
3.9601
3.9719
3.9837
3.9955
4.0074
4.0192
4.0311
4.043
4.0549
4.0669
4.0788
4.0908
4.1028
4.1148
4.1268
4.1388
4.1509
4.1629
4.175
4.1871
4.1992
4.2113
4.2235
4.2356
4.2478
4.26
4.2722
4.2844
4.2966
4.3089
4.3211
4.3334
4.3457
4.358
4.3703
4.3826
4.3949
4.4073
4.4196
4.432
4.4444
4.4568
4.4692
4.4817
4.4941
4.5065
4.519
4.5315
4.544
4.5565
4.5761
4.5957
4.6154
4.6351
4.6548
4.6744
4.6942
4.7139
4.7336
4.7533
4.7731
4.7929
4.8126
4.8324
4.8522
4.872
4.8919
4.9117
4.9315
4.9514
4.9713
4.9911
5.011
5.0309
5.0508
5.0708
5.0907
5.1106
5.1306
5.1505
5.1705
5.1905
5.2105
5.2305
5.2505
5.2705
5.2905
5.3105
5.3306
5.3506
5.3707
5.3907
5.4108
5.4309
5.451
5.4711
5.4912
5.5113
5.5314
5.5515
5.5716
5.5918
5.6119
5.6321
5.6523
5.6724
5.6926
5.7128
5.733
5.7532
5.7605
5.7678
5.7752
5.7825
5.7899
5.7972
5.8046
5.812
5.8194
5.8268
5.8342
5.8416
5.849
5.8565
5.8639
5.8714
5.8788
5.8863
5.8938
5.9013
5.9088
5.9163
5.9238
5.9313
5.9388
5.9464
5.9539
5.9615
5.969
5.9766
5.9842
5.9917
5.9993
6.0069
6.0146
6.0222
6.0298
6.0374
6.0451
6.0527
6.0604
6.068
6.0757
6.0834
6.0911
6.0988
6.1065
6.1142
6.1219
6.1296
6.1373
6.1451
6.1528
6.1606
6.1684
6.1761
6.1839
6.1917
6.1995
6.2073
6.2197
6.2321
6.2445
6.2569
6.2694
6.2818
6.2943
6.3067
6.3191
6.3316
6.3441
6.3565
6.369
6.3815
6.3939
6.4064
6.4189
6.4314
6.4439
6.4564
6.4689
6.4814
6.4939
6.5064
6.5189
6.5314
6.5439
6.5564
6.569
6.5815
6.594
6.6066
6.6191
6.6317
6.6442
6.6568
6.6693
6.6819
6.6945
6.707
6.7196
6.7322
6.7448
6.7574
6.7699
6.7825
6.7951
6.8077
6.8203
6.8329
6.8455
6.8582
6.8708
6.8834
6.896
6.9086
6.9213
6.9339
6.9465
6.9592
6.9662
6.9733
6.9804
6.9875
6.9946
7.0018
7.0089
7.0161
7.0233
7.0305
7.0377
7.0449
7.0522
7.0594
7.0667
7.074
7.0813
7.0886
7.0959
7.1032
7.1106
7.1179
7.1253
7.1327
7.1401
7.1475
7.155
7.1624
7.1699
7.1773
7.1848
7.1923
7.1998
7.2073
7.2149
7.2224
7.23
7.2376
7.2451
7.2527
7.2604
7.268
7.2756
7.2833
7.2909
7.2986
7.3063
7.314
7.3217
7.3295
7.3372
7.3449
7.3527
7.3605
7.3683
7.3761
7.3839
7.3917
7.3996
7.4074
7.4196
7.4319
7.4442
7.4567
7.4693
7.482
7.4947
7.5076
7.5205
7.5336
7.5467
7.5599
7.5733
7.5867
7.6002
7.6138
7.6275
7.6412
7.6551
7.6691
7.6831
7.6972
7.7115
7.7258
7.7402
7.7546
7.7692
7.7838
7.7986
7.8134
7.8283
7.8433
7.8583
7.8735
7.8887
7.904
7.9194
7.9349
7.9504
7.9661
7.9818
7.9976
8.0134
8.0294
8.0454
8.0615
8.0777
8.0939
8.1102
8.1266
8.1431
8.1596
8.1763
8.193
8.2097
8.2266
8.2435
8.2604
8.2775
8.2946
8.3099
8.3252
8.3404
8.3557
8.371
8.3863
8.4015
8.4168
8.4321
8.4474
8.4627
8.478
8.4932
8.5085
8.5238
8.5391
8.5544
8.5697
8.585
8.6003
8.6156
8.6309
8.6462
8.6615
8.6768
8.6921
8.7074
8.7227
8.738
8.7533
8.7686
8.7839
8.7992
8.8145
8.8298
8.8451
8.8604
8.8757
8.891
8.9064
8.9217
8.937
8.9523
8.9676
8.9829
8.9983
9.0136
9.0289
9.0442
9.0595
9.0749
9.0902
9.1055
9.1208
9.1362
9.1515
9.1668
9.1822
9.1975
9.2128
9.224
9.2351
9.2463
9.2575
9.2687
9.28
9.2913
9.3026
9.3139
9.3253
9.3366
9.348
9.3594
9.3709
9.3824
9.3938
9.4054
9.4169
9.4285
9.44
9.4516
9.4633
9.4749
9.4866
9.4983
9.51
9.5218
9.5335
9.5453
9.5571
9.5689
9.5808
9.5927
9.6046
9.6165
9.6284
9.6404
9.6523
9.6643
9.6764
9.6884
9.7005
9.7126
9.7247
9.7368
9.7489
9.7611
9.7733
9.7855
9.7977
9.81
9.8223
9.8345
9.8469
9.8592
9.8715
9.8839
9.8963
9.9087
9.9211
9.9327
9.9444
9.956
9.9676
9.9792
9.9908
10.002
10.014
10.026
10.037
10.049
10.06
10.072
10.084
10.095
10.107
10.119
10.13
10.142
10.153
10.165
10.177
10.188
10.2
10.211
10.223
10.235
10.246
10.258
10.269
10.281
10.293
10.304
10.316
10.328
10.339
10.351
10.362
10.374
10.386
10.397
10.409
10.42
10.432
10.444
10.455
10.467
10.478
10.49
10.502
10.513
10.525
10.537
10.548
10.56
10.571
10.583
10.595
10.606
10.618
10.628
10.638
10.648
10.658
10.668
10.678
10.688
10.698
10.708
10.719
10.729
10.739
10.749
10.759
10.769
10.779
10.789
10.799
10.809
10.819
10.829
10.839
10.849
10.859
10.87
10.88
10.89
10.9
10.91
10.92
10.93
10.94
10.95
10.96
10.97
10.98
10.99
11
11.011
11.021
11.031
11.041
11.051
11.061
11.071
11.081
11.091
11.101
11.111
11.121
11.131
11.141
11.152
11.162
11.172
11.182
11.192
11.202
11.212
11.222
11.244
11.266
11.288
11.31
11.332
11.354
11.376
11.398
11.421
11.443
11.465
11.488
11.51
11.533
11.555
11.578
11.601
11.623
11.646
11.669
11.692
11.715
11.738
11.761
11.784
11.807
11.83
11.853
11.877
11.9
11.923
11.947
11.97
11.994
12.017
12.041
12.065
12.088
12.112
12.136
12.16
12.183
12.207
12.231
12.255
12.279
12.303
12.327
12.352
12.376
12.4
12.424
12.449
12.473
12.497
12.522
12.546
12.571
12.595
12.62
12.647
12.674
12.702
12.729
12.757
12.784
12.812
12.839
12.867
12.894
12.922
12.95
12.978
13.005
13.033
13.061
13.089
13.117
13.145
13.173
13.201
13.229
13.257
13.285
13.314
13.342
13.37
13.398
13.427
13.455
13.484
13.512
13.541
13.569
13.598
13.626
13.655
13.684
13.712
13.741
13.77
13.799
13.827
13.856
13.885
13.914
13.943
13.972
14.001
14.03
14.059
14.088
14.118
14.147
14.176
14.205
14.234
14.264
14.293
14.322
14.324
14.326
14.328
14.331
14.333
14.335
14.338
14.34
14.343
14.346
14.349
14.351
14.354
14.357
14.361
14.364
14.367
14.371
14.374
14.378
14.381
14.385
14.389
14.393
14.397
14.401
14.405
14.41
14.414
14.419
14.423
14.428
14.433
14.437
14.442
14.447
14.452
14.458
14.463
14.468
14.474
14.479
14.485
14.49
14.496
14.502
14.508
14.514
14.52
14.526
14.532
14.539
14.545
14.552
14.558
14.565
14.572
14.579
14.586
14.593
14.56
14.528
14.496
14.464
14.432
14.4
14.368
14.337
14.305
14.274
14.243
14.212
14.181
14.15
14.119
14.088
14.058
14.028
13.997
13.967
13.937
13.907
13.878
13.848
13.819
13.79
13.76
13.731
13.702
13.674
13.645
13.617
13.588
13.56
13.532
13.504
13.476
13.449
13.421
13.394
13.367
13.34
13.313
13.286
13.26
13.233
13.207
13.181
13.155
13.129
13.103
13.078
13.053
13.027
13.002
12.978
12.953
12.928
12.904
12.88
12.819
12.758
12.697
12.636
12.575
12.514
12.453
12.392
12.331
12.27
12.209
12.148
12.087
12.026
11.966
11.905
11.844
11.783
11.722
11.661
11.6
11.539
11.479
11.418
11.357
11.296
11.235
11.175
11.114
11.053
10.992
10.932
10.871
10.81
10.749
10.689
10.628
10.567
10.507
10.446
10.385
10.325
10.264
10.204
10.143
10.083
10.022
9.9614
9.9009
9.8404
9.7799
9.7194
9.659
9.5985
9.5381
9.4777
9.4173
9.3569
9.2965
9.2362
9.2555
9.275
9.2945
9.3141
9.3338
9.3536
9.3734
9.3934
9.4134
9.4336
9.4538
9.4741
9.4945
9.5149
9.5355
9.5561
9.5768
9.5976
9.6184
9.6394
9.6604
9.6815
9.7027
9.724
9.7453
9.7667
9.7882
9.8098
9.8314
9.8531
9.8749
9.8968
9.9187
9.9407
9.9628
9.985
10.007
10.029
10.052
10.074
10.097
10.119
10.142
10.165
10.188
10.21
10.233
10.256
10.279
10.302
10.326
10.349
10.372
10.395
10.419
10.442
10.466
10.49
10.513
10.537
10.583
10.629
10.675
10.72
10.766
10.812
10.858
10.904
10.95
10.996
11.042
11.088
11.134
11.18
11.226
11.272
11.318
11.364
11.41
11.456
11.502
11.548
11.594
11.64
11.686
11.732
11.778
11.824
11.87
11.916
11.962
12.008
12.054
12.101
12.147
12.193
12.239
12.285
12.331
12.377
12.423
12.469
12.516
12.562
12.608
12.654
12.7
12.746
12.793
12.839
12.885
12.931
12.977
13.024
13.07
13.116
13.162
13.208
13.255
13.301
13.311
13.321
13.331
13.342
13.352
13.362
13.373
13.384
13.394
13.405
13.416
13.427
13.438
13.449
13.46
13.471
13.482
13.494
13.505
13.517
13.528
13.54
13.552
13.563
13.575
13.587
13.599
13.611
13.623
13.635
13.648
13.66
13.672
13.685
13.697
13.71
13.723
13.736
13.748
13.761
13.774
13.787
13.8
13.814
13.827
13.84
13.853
13.867
13.88
13.894
13.908
13.921
13.935
13.949
13.963
13.977
13.991
14.005
14.019
14.033
13.996
13.958
13.921
13.884
13.846
13.809
13.772
13.735
13.698
13.662
13.625
13.588
13.551
13.515
13.479
13.442
13.406
13.37
13.334
13.297
13.262
13.226
13.19
13.154
13.118
13.083
13.047
13.012
12.977
12.942
12.907
12.872
12.837
12.802
12.767
12.732
12.698
12.663
12.629
12.595
12.561
12.526
12.492
12.459
12.425
12.391
12.358
12.324
12.291
12.257
12.224
12.191
12.158
12.125
12.093
12.06
12.028
11.995
11.963
11.931
11.96
11.989
12.019
12.048
12.078
12.108
12.138
12.168
12.198
12.229
12.259
12.29
12.321
12.352
12.383
12.414
12.445
12.477
12.508
12.54
12.572
12.603
12.636
12.668
12.7
12.732
12.765
12.797
12.83
12.863
12.896
12.929
12.962
12.996
13.029
13.062
13.096
13.13
13.164
13.198
13.232
13.266
13.3
13.334
13.369
13.403
13.438
13.473
13.508
13.543
13.578
13.613
13.648
13.683
13.719
13.754
13.79
13.826
13.861
13.897
13.777
13.657
13.536
13.416
13.296
13.175
13.055
12.935
12.815
12.694
12.574
12.454
12.334
12.214
12.094
11.973
11.853
11.733
11.613
11.493
11.373
11.253
11.133
11.013
10.894
10.774
10.654
10.534
10.414
10.295
10.175
10.055
9.9357
9.8161
9.6966
9.5771
9.4577
9.3383
9.2189
9.0996
8.9803
8.8611
8.7419
8.6228
8.5038
8.3848
8.2659
8.1471
8.0283
7.9096
7.7909
7.6724
7.5539
7.4355
7.3172
7.199
7.0809
6.963
6.8451
6.7273
6.6993
6.6714
6.6435
6.6156
6.5878
6.56
6.5322
6.5045
6.4768
6.4491
6.4215
6.3939
6.3664
6.3389
6.3114
6.284
6.2566
6.2292
6.2019
6.1746
6.1474
6.1202
6.0931
6.066
6.039
6.0119
5.985
5.9581
5.9312
5.9044
5.8776
5.8509
5.8242
5.7976
5.7711
5.7445
5.7181
5.6917
5.6653
5.639
5.6128
5.5866
5.5605
5.5344
5.5084
5.4824
5.4565
5.4307
5.4049
5.3792
5.3536
5.328
5.3025
5.277
5.2517
5.2263
5.2011
5.1759
5.1508
5.1258
